0.0000000000000000e+00 -1.0095692849728368e+00 
 1.0000000000000000e-02 -1.0042827774304084e+00 
 2.0000000000000000e-02 -9.9865667072056508e-01 
 2.9999999999999999e-02 -9.9257564119786723e-01 
 4.0000000000000001e-02 -9.8592436521687499e-01 
 5.0000000000000003e-02 -9.7858751913214825e-01 
 5.9999999999999998e-02 -9.7044977929824727e-01 
 7.0000000000000007e-02 -9.6139582206973229e-01 
 8.0000000000000002e-02 -9.5131032380116320e-01 
 8.9999999999999997e-02 -9.4007796084710016e-01 
 1.0000000000000001e-01 -9.2758340956210339e-01 
 1.1000000000000000e-01 -9.1371134630073303e-01 
 1.2000000000000000e-01 -8.9834644741754910e-01 
 1.3000000000000000e-01 -8.8137338926711184e-01 
 1.4000000000000001e-01 -8.6267684820398116e-01 
 1.4999999999999999e-01 -8.4214150058271742e-01 
 1.6000000000000000e-01 -8.1965202275788063e-01 
 1.7000000000000001e-01 -7.9509309108403081e-01 
 1.7999999999999999e-01 -7.6834938191572832e-01 
 1.9000000000000000e-01 -7.3930557160753307e-01 
 2.0000000000000001e-01 -7.0784633651400530e-01 
 2.0999999999999999e-01 -6.7486253793281348e-01 
 2.2000000000000000e-01 -6.4135692424852198e-01 
 2.3000000000000001e-01 -6.0738200244603524e-01 
 2.3999999999999999e-01 -5.7299027951025783e-01 
 2.5000000000000000e-01 -5.3823426242609385e-01 
 2.6000000000000001e-01 -5.0316645817844774e-01 
 2.7000000000000002e-01 -4.6783937375222384e-01 
 2.8000000000000003e-01 -4.3230551613232659e-01 
 2.8999999999999998e-01 -3.9661739230366050e-01 
 2.9999999999999999e-01 -3.6082750925112950e-01 
 3.1000000000000000e-01 -3.2498837395963820e-01 
 3.2000000000000001e-01 -2.8915249341409094e-01 
 3.3000000000000002e-01 -2.5337237459939205e-01 
 3.4000000000000002e-01 -2.1770052450044586e-01 
 3.5000000000000003e-01 -1.8218945010215681e-01 
 3.5999999999999999e-01 -1.4689165838942941e-01 
 3.7000000000000000e-01 -1.1185965634716766e-01 
 3.8000000000000000e-01 -7.7145950960276100e-02 
 3.9000000000000001e-01 -4.2803049213659072e-02 
 4.0000000000000002e-01 -8.8834580922207973e-03 
 4.1000000000000003e-01 2.4782181859755746e-02 
 4.1999999999999998e-01 5.8390080493812044e-02 
 4.2999999999999999e-01 9.1928006418780600e-02 
 4.4000000000000000e-01 1.2538372824349334e-01 
 4.5000000000000001e-01 1.5874501457678239e-01 
 4.6000000000000002e-01 1.9199963402747988e-01 
 4.7000000000000003e-01 2.2513535520441791e-01 
 4.7999999999999998e-01 2.5813994671642848e-01 
 4.8999999999999999e-01 2.9100117717234397e-01 
 5.0000000000000000e-01 3.2370681518099642e-01 
 5.1000000000000001e-01 3.5624462935121787e-01 
 5.2000000000000002e-01 3.8860238829184057e-01 
 5.3000000000000003e-01 4.2076786061169646e-01 
 5.4000000000000004e-01 4.5272881491961786e-01 
 5.5000000000000004e-01 4.8447301982443680e-01 
 5.6000000000000005e-01 5.1598824393498532e-01 
 5.7000000000000006e-01 5.4726225586009558e-01 
 5.7999999999999996e-01 5.7828282420859956e-01 
 5.8999999999999997e-01 6.0903771758932979e-01 
 5.9999999999999998e-01 6.3951470461111826e-01 
 6.0999999999999999e-01 6.6877902728118843e-01 
 6.2000000000000000e-01 6.9594002145079203e-01 
 6.3000000000000000e-01 7.2105159649480399e-01 
 6.4000000000000001e-01 7.4416766178809923e-01 
 6.5000000000000002e-01 7.6534212670555257e-01 
 6.6000000000000003e-01 7.8462890062203894e-01 
 6.7000000000000004e-01 8.0208189291243304e-01 
 6.8000000000000005e-01 8.1775501295160991e-01 
 6.9000000000000006e-01 8.3170217011444425e-01 
 7.0000000000000007e-01 8.4397727377581111e-01 
 7.0999999999999996e-01 8.5463423331058508e-01 
 7.1999999999999997e-01 8.6372695809364131e-01 
 7.2999999999999998e-01 8.7130935749985450e-01 
 7.3999999999999999e-01 8.7743534090409947e-01 
 7.5000000000000000e-01 8.8215881768125115e-01 
 7.6000000000000001e-01 8.8553369720618447e-01 
 7.7000000000000002e-01 8.8761388885377424e-01 
 7.8000000000000003e-01 8.8845330199889516e-01 
 7.9000000000000004e-01 8.8810584601642228e-01 
 8.0000000000000004e-01 8.8662543028123042e-01 
 8.1000000000000005e-01 8.8430665523019791e-01 
 8.2000000000000006e-01 8.8139124551804149e-01 
 8.3000000000000007e-01 8.7785379684639342e-01 
 8.3999999999999997e-01 8.7366890491688609e-01 
 8.4999999999999998e-01 8.6881116543115189e-01 
 8.5999999999999999e-01 8.6325517409082286e-01 
 8.7000000000000000e-01 8.5697552659753162e-01 
 8.8000000000000000e-01 8.4994681865291033e-01 
 8.9000000000000001e-01 8.4214364595859137e-01 
 9.0000000000000002e-01 8.3354060421620713e-01 
 9.1000000000000003e-01 8.2411228912738976e-01 
 9.2000000000000004e-01 8.1383329639377178e-01 
 9.3000000000000005e-01 8.0267822171698533e-01 
 9.4000000000000006e-01 7.9062166079866270e-01 
 9.5000000000000007e-01 7.7763820934043648e-01 
 9.5999999999999996e-01 7.6370246304393896e-01 
 9.6999999999999997e-01 7.4878901761080208e-01 
 9.7999999999999998e-01 7.3287246874265854e-01 
 9.8999999999999999e-01 7.1592741214114053e-01 
 1.0000000000000000e+00 6.9792844350788030e-01 
 1.0100000000000000e+00 6.7920009294958839e-01 
 1.0200000000000000e+00 6.6011170510553741e-01 
 1.0300000000000000e+00 6.4070509747620319e-01 
 1.0400000000000000e+00 6.2102208756206168e-01 
 1.0500000000000000e+00 6.0110449286358858e-01 
 1.0600000000000001e+00 5.8099413088125984e-01 
 1.0700000000000001e+00 5.6073281911555117e-01 
 1.0800000000000001e+00 5.4036237506693841e-01 
 1.0900000000000001e+00 5.1992461623589736e-01 
 1.1000000000000001e+00 4.9946136012290399e-01 
 1.1100000000000001e+00 4.7901442422843399e-01 
 1.1200000000000001e+00 4.5862562605296320e-01 
 1.1300000000000001e+00 4.3833678309696750e-01 
 1.1400000000000001e+00 4.1818971286092266e-01 
 1.1500000000000001e+00 3.9822623284530456e-01 
 1.1599999999999999e+00 3.7848816055058943e-01 
 1.1699999999999999e+00 3.5901731347725224e-01 
 1.1799999999999999e+00 3.3985550912576923e-01 
 1.1899999999999999e+00 3.2104456499661621e-01 
 1.2000000000000000e+00 3.0262629859026902e-01 
 1.2100000000000000e+00 2.8443980267776736e-01 
 1.2200000000000000e+00 2.6630639890146068e-01 
 1.2300000000000000e+00 2.4824124806879022e-01 
 1.2400000000000000e+00 2.3025951098719699e-01 
 1.2500000000000000e+00 2.1237634846412201e-01 
 1.2600000000000000e+00 1.9460692130700635e-01 
 1.2700000000000000e+00 1.7696639032329109e-01 
 1.2800000000000000e+00 1.5946991632041721e-01 
 1.2900000000000000e+00 1.4213266010582581e-01 
 1.3000000000000000e+00 1.2496978248695795e-01 
 1.3100000000000001e+00 1.0799644427125468e-01 
 1.3200000000000001e+00 9.1227806266156980e-02 
 1.3300000000000001e+00 7.4679029279106024e-02 
 1.3400000000000001e+00 5.8365274117542748e-02 
 1.3500000000000001e+00 4.2301701588908280e-02 
 1.3600000000000001e+00 2.6503472500643610e-02 
 1.3700000000000001e+00 1.0985747660189837e-02 
 1.3800000000000001e+00 -4.2363121250120206e-03 
 1.3900000000000001e+00 -1.9147546047520891e-02 
 1.4000000000000001e+00 -3.3732793299895647e-02 
 1.4099999999999999e+00 -4.7733614416500827e-02 
 1.4199999999999999e+00 -6.0917535645495097e-02 
 1.4299999999999999e+00 -7.3308344750127222e-02 
 1.4399999999999999e+00 -8.4929829493646303e-02 
 1.4500000000000000e+00 -9.5805777639301426e-02 
 1.4600000000000000e+00 -1.0595997695034169e-01 
 1.4700000000000000e+00 -1.1541621519001617e-01 
 1.4800000000000000e+00 -1.2419828012157397e-01 
 1.4900000000000000e+00 -1.3232995950826421e-01 
 1.5000000000000000e+00 -1.3983504111333589e-01 
 1.5100000000000000e+00 -1.4673731270003823e-01 
 1.5200000000000000e+00 -1.5306056203162022e-01 
 1.5300000000000000e+00 -1.5882857687133101e-01 
 1.5400000000000000e+00 -1.6406514498241967e-01 
 1.5500000000000000e+00 -1.6879405412813525e-01 
 1.5600000000000001e+00 -1.7303909207172694e-01 
 1.5700000000000001e+00 -1.7682404657644374e-01 
 1.5800000000000001e+00 -1.8017270540553479e-01 
 1.5900000000000001e+00 -1.8310885632224916e-01 
 1.6000000000000001e+00 -1.8565628708983595e-01 
 1.6100000000000001e+00 -1.8789269594350261e-01 
 1.6200000000000001e+00 -1.8987311780282956e-01 
 1.6300000000000001e+00 -1.9158734545762549e-01 
 1.6400000000000001e+00 -1.9302517169769895e-01 
 1.6500000000000001e+00 -1.9417638931285863e-01 
 1.6600000000000001e+00 -1.9503079109291316e-01 
 1.6699999999999999e+00 -1.9557816982767112e-01 
 1.6799999999999999e+00 -1.9580831830694120e-01 
 1.6899999999999999e+00 -1.9571102932053203e-01 
 1.7000000000000000e+00 -1.9527609565825219e-01 
 1.7100000000000000e+00 -1.9449331010991033e-01 
 1.7200000000000000e+00 -1.9335246546531509e-01 
 1.7300000000000000e+00 -1.9184335451427509e-01 
 1.7400000000000000e+00 -1.8995577004659894e-01 
 1.7500000000000000e+00 -1.8767950485209534e-01 
 1.7600000000000000e+00 -1.8500435172057286e-01 
 1.7700000000000000e+00 -1.8192010344184015e-01 
 1.7800000000000000e+00 -1.7841655280570581e-01 
 1.7900000000000000e+00 -1.7448349260197851e-01 
 1.8000000000000000e+00 -1.7011071562046687e-01 
 1.8100000000000001e+00 -1.6548931072394676e-01 
 1.8200000000000001e+00 -1.6080451907980503e-01 
 1.8300000000000001e+00 -1.5603736193476683e-01 
 1.8400000000000001e+00 -1.5116886053555723e-01 
 1.8500000000000001e+00 -1.4618003612890140e-01 
 1.8600000000000001e+00 -1.4105190996152439e-01 
 1.8700000000000001e+00 -1.3576550328015138e-01 
 1.8800000000000001e+00 -1.3030183733150746e-01 
 1.8900000000000001e+00 -1.2464193336231771e-01 
 1.9000000000000001e+00 -1.1876681261930731e-01 
 1.9100000000000001e+00 -1.1265749634920133e-01 
 1.9199999999999999e+00 -1.0629500579872506e-01 
 1.9299999999999999e+00 -9.9660362214603282e-02 
 1.9399999999999999e+00 -9.2734586843561312e-02 
 1.9500000000000000e+00 -8.5498700932324243e-02 
 1.9600000000000000e+00 -7.7933725727617170e-02 
 1.9700000000000000e+00 -7.0020682476165233e-02 
 1.9800000000000000e+00 -6.1740592424693527e-02 
 1.9900000000000000e+00 -5.3074476819927205e-02 
 2.0000000000000000e+00 -4.4003356908591362e-02 
 2.0100000000000002e+00 -3.4682476488537770e-02 
 2.0200000000000000e+00 -2.5280207095384141e-02 
 2.0300000000000002e+00 -1.5797261582502387e-02 
 2.0400000000000000e+00 -6.2343528032660842e-03 
 2.0499999999999998e+00 3.4078063889524460e-03 
 2.0600000000000001e+00 1.3128503140780901e-02 
 2.0699999999999998e+00 2.2927024598845672e-02 
 2.0800000000000001e+00 3.2802657909774907e-02 
 2.0899999999999999e+00 4.2754690220194985e-02 
 2.1000000000000001e+00 5.2782408676734047e-02 
 2.1099999999999999e+00 6.2885100426018470e-02 
 2.1200000000000001e+00 7.3062052614676395e-02 
 2.1299999999999999e+00 8.3312552389334216e-02 
 2.1400000000000001e+00 9.3635886896620057e-02 
 2.1499999999999999e+00 1.0403134328316033e-01 
 2.1600000000000001e+00 1.1449820869558316e-01 
 2.1699999999999999e+00 1.2503577028051491e-01 
 2.1800000000000002e+00 1.3564331518458375e-01 
 2.1899999999999999e+00 1.4632013055441603e-01 
 2.2000000000000002e+00 1.5706550353663995e-01 
 2.2100000000000000e+00 1.6793720854255509e-01 
 2.2200000000000002e+00 1.7898155530642182e-01 
 2.2300000000000000e+00 1.9018063395930468e-01 
 2.2400000000000002e+00 2.0151653463227026e-01 
 2.2500000000000000e+00 2.1297134745638299e-01 
 2.2600000000000002e+00 2.2452716256270952e-01 
 2.2700000000000000e+00 2.3616607008231433e-01 
 2.2800000000000002e+00 2.4787016014626398e-01 
 2.2900000000000000e+00 2.5962152288562296e-01 
 2.3000000000000003e+00 2.7140224843145788e-01 
 2.3100000000000001e+00 2.8319442691483321e-01 
 2.3199999999999998e+00 2.9498014846681508e-01 
 2.3300000000000001e+00 3.0674150321846938e-01 
 2.3399999999999999e+00 3.1846058130086086e-01 
 2.3500000000000001e+00 3.3011947284505588e-01 
 2.3599999999999999e+00 3.4170026798211905e-01 
 2.3700000000000001e+00 3.5318505684311685e-01 
 2.3799999999999999e+00 3.6455592955911398e-01 
 2.3900000000000001e+00 3.7579497626117675e-01 
 2.3999999999999999e+00 3.8688428708036982e-01 
 2.4100000000000001e+00 3.9769685954084089e-01 
 2.4199999999999999e+00 4.0812528353779215e-01 
 2.4300000000000002e+00 4.1818103775887550e-01 
 2.4399999999999999e+00 4.2787560089174065e-01 
 2.4500000000000002e+00 4.3722045162403939e-01 
 2.4600000000000000e+00 4.4622706864342160e-01 
 2.4700000000000002e+00 4.5490693063753884e-01 
 2.4800000000000000e+00 4.6327151629404112e-01 
 2.4900000000000002e+00 4.7133230430057993e-01 
 2.5000000000000000e+00 4.7910077334480539e-01 
 2.5100000000000002e+00 4.8658840211436893e-01 
 2.5200000000000000e+00 4.9380666929692063e-01 
 2.5300000000000002e+00 5.0076705358011198e-01 
 2.5400000000000000e+00 5.0748103365159292e-01 
 2.5500000000000003e+00 5.1396008819901517e-01 
 2.5600000000000001e+00 5.2021569591002859e-01 
 2.5699999999999998e+00 5.2625933547228443e-01 
 2.5800000000000001e+00 5.3210248557343376e-01 
 2.5899999999999999e+00 5.3775662490112663e-01 
 2.6000000000000001e+00 5.4323323214301444e-01 
 2.6099999999999999e+00 5.4828764460048562e-01 
 2.6200000000000001e+00 5.5266400288477069e-01 
 2.6299999999999999e+00 5.5635699064828181e-01 
 2.6400000000000001e+00 5.5936129154343206e-01 
 2.6499999999999999e+00 5.6167158922263383e-01 
 2.6600000000000001e+00 5.6328256733829996e-01 
 2.6699999999999999e+00 5.6418890954284295e-01 
 2.6800000000000002e+00 5.6438529948867544e-01 
 2.6899999999999999e+00 5.6386642082821015e-01 
 2.7000000000000002e+00 5.6262695721385958e-01 
 2.7100000000000000e+00 5.6066159229803669e-01 
 2.7200000000000002e+00 5.5796500973315366e-01 
 2.7300000000000000e+00 5.5453189317162366e-01 
 2.7400000000000002e+00 5.5035692626585886e-01 
 2.7500000000000000e+00 5.4543479266827222e-01 
 2.7600000000000002e+00 5.3976017603127613e-01 
 2.7700000000000000e+00 5.3332776000728366e-01 
 2.7800000000000002e+00 5.2613222824870687e-01 
 2.7900000000000000e+00 5.1816826440795893e-01 
 2.8000000000000003e+00 5.0943055213745203e-01 
 2.8100000000000001e+00 5.0010870080575864e-01 
 2.8199999999999998e+00 4.9040240840754645e-01 
 2.8300000000000001e+00 4.8032149153437226e-01 
 2.8399999999999999e+00 4.6987576677779397e-01 
 2.8500000000000001e+00 4.5907505072936772e-01 
 2.8599999999999999e+00 4.4792915998065164e-01 
 2.8700000000000001e+00 4.3644791112320180e-01 
 2.8799999999999999e+00 4.2464112074857630e-01 
 2.8900000000000001e+00 4.1251860544833119e-01 
 2.8999999999999999e+00 4.0009018181402467e-01 
 2.9100000000000001e+00 3.8736566643721276e-01 
 2.9199999999999999e+00 3.7435487590945360e-01 
 2.9300000000000002e+00 3.6106762682230309e-01 
 2.9399999999999999e+00 3.4751373576731970e-01 
 2.9500000000000002e+00 3.3370301933605906e-01 
 2.9600000000000000e+00 3.1964529412007969e-01 
 2.9700000000000002e+00 3.0535037671093745e-01 
 2.9800000000000000e+00 2.9082808370019053e-01 
 2.9900000000000002e+00 2.7608823167939484e-01 
 3.0000000000000000e+00 2.6114063724010883e-01 
 3.0100000000000002e+00 2.4586562141346976e-01 
 3.0200000000000000e+00 2.3016818293211905e-01 
 3.0300000000000002e+00 2.1409515493986433e-01 
 3.0400000000000000e+00 1.9769337058051617e-01 
 3.0500000000000003e+00 1.8100966299788218e-01 
 3.0600000000000001e+00 1.6409086533577294e-01 
 3.0700000000000003e+00 1.4698381073799599e-01 
 3.0800000000000001e+00 1.2973533234836196e-01 
 3.0899999999999999e+00 1.1239226331067914e-01 
 3.1000000000000001e+00 9.5001436768755887e-02 
 3.1099999999999999e+00 7.7609685866402767e-02 
 3.1200000000000001e+00 6.0263843747427354e-02 
 3.1299999999999999e+00 4.3010743555640302e-02 
 3.1400000000000001e+00 2.5897218434849101e-02 
 3.1499999999999999e+00 8.9701015288644048e-03 
 3.1600000000000001e+00 -7.7237740185062687e-03 
 3.1699999999999999e+00 -2.4137575063452266e-02 
 3.1800000000000002e+00 -4.0224468462166096e-02 
 3.1899999999999999e+00 -5.5937621070837107e-02 
 3.2000000000000002e+00 -7.1230199745657696e-02 
 3.2100000000000000e+00 -8.6057697026753616e-02 
 3.2200000000000002e+00 -1.0040620758246882e-01 
 3.2300000000000000e+00 -1.1427480146131611e-01 
 3.2400000000000002e+00 -1.2766254871181085e-01 
 3.2500000000000000e+00 -1.4056851938246595e-01 
 3.2600000000000002e+00 -1.5299178352179665e-01 
 3.2700000000000000e+00 -1.6493141117831600e-01 
 3.2800000000000002e+00 -1.7638647240053912e-01 
 3.2900000000000000e+00 -1.8735603723697908e-01 
 3.3000000000000003e+00 -1.9783917573615101e-01 
 3.3100000000000001e+00 -2.0783495794656809e-01 
 3.3200000000000003e+00 -2.1734245391674525e-01 
 3.3300000000000001e+00 -2.2636073369519583e-01 
 3.3399999999999999e+00 -2.3488886733043432e-01 
 3.3500000000000001e+00 -2.4292592487097520e-01 
 3.3599999999999999e+00 -2.5047097636533183e-01 
 3.3700000000000001e+00 -2.5752309186201905e-01 
 3.3799999999999999e+00 -2.6408134140955020e-01 
 3.3900000000000001e+00 -2.7014479505644018e-01 
 3.3999999999999999e+00 -2.7571252285120240e-01 
 3.4100000000000001e+00 -2.8069496021588264e-01 
 3.4199999999999999e+00 -2.8498767028207705e-01 
 3.4300000000000002e+00 -2.8856741466262664e-01 
 3.4399999999999999e+00 -2.9141095497037173e-01 
 3.4500000000000002e+00 -2.9349505281815313e-01 
 3.4600000000000000e+00 -2.9479646981881136e-01 
 3.4700000000000002e+00 -2.9529196758518722e-01 
 3.4800000000000000e+00 -2.9495830773012127e-01 
 3.4900000000000002e+00 -2.9377225186645417e-01 
 3.5000000000000000e+00 -2.9171056160702663e-01 
 3.5100000000000002e+00 -2.8874999856467920e-01 
 3.5200000000000000e+00 -2.8486732435225265e-01 
 3.5300000000000002e+00 -2.8003930058258747e-01 
 3.5400000000000000e+00 -2.7424268886852460e-01 
 3.5500000000000003e+00 -2.6745425082290419e-01 
 3.5600000000000001e+00 -2.5965074805856758e-01 
 3.5700000000000003e+00 -2.5080894218835464e-01 
 3.5800000000000001e+00 -2.4090559482510682e-01 
 3.5899999999999999e+00 -2.2991746758166445e-01 
 3.6000000000000001e+00 -2.1782132207086757e-01 
 3.6099999999999999e+00 -2.0510637209668209e-01 
 3.6200000000000001e+00 -1.9227937633530134e-01 
 3.6299999999999999e+00 -1.7934341370791157e-01 
 3.6400000000000001e+00 -1.6630156313569672e-01 
 3.6499999999999999e+00 -1.5315690353984301e-01 
 3.6600000000000001e+00 -1.3991251384153447e-01 
 3.6699999999999999e+00 -1.2657147296195725e-01 
 3.6800000000000002e+00 -1.1313685982229538e-01 
 3.6899999999999999e+00 -9.9611753343735066e-02 
 3.7000000000000002e+00 -8.5999232447460244e-02 
 3.7100000000000000e+00 -7.2302376054657197e-02 
 3.7200000000000002e+00 -5.8524263086509848e-02 
 3.7300000000000000e+00 -4.4667972464204481e-02 
 3.7400000000000002e+00 -3.0736583108924992e-02 
 3.7500000000000000e+00 -1.6733173941857721e-02 
 3.7600000000000002e+00 -2.6608238841864806e-03 
 3.7700000000000000e+00 1.1477388142902362e-02 
 3.7800000000000002e+00 2.5678383218224937e-02 
 3.7900000000000000e+00 3.9939082420594907e-02 
 3.8000000000000003e+00 5.4256406828828374e-02 
 3.8100000000000001e+00 6.8693760237665200e-02 
 3.8200000000000003e+00 8.3302657067837599e-02 
 3.8300000000000001e+00 9.8062184337144170e-02 
 3.8399999999999999e+00 1.1295142906338546e-01 
 3.8500000000000001e+00 1.2794947826436198e-01 
 3.8599999999999999e+00 1.4303541895787231e-01 
 3.8700000000000001e+00 1.5818833816171768e-01 
 3.8799999999999999e+00 1.7338732289369660e-01 
 3.8900000000000001e+00 1.8861146017161032e-01 
 3.8999999999999999e+00 2.0383983701325739e-01 
 3.9100000000000001e+00 2.1905154043643899e-01 
 3.9199999999999999e+00 2.3422565745895374e-01 
 3.9300000000000002e+00 2.4934127509860279e-01 
 3.9399999999999999e+00 2.6437748037318470e-01 
 3.9500000000000002e+00 2.7931336030050069e-01 
 3.9600000000000000e+00 2.9412800189834931e-01 
 3.9700000000000002e+00 3.0880049218453187e-01 
 3.9800000000000000e+00 3.2330991817684679e-01 
 3.9900000000000002e+00 3.3763536689309531e-01 
 4.0000000000000000e+00 3.5175592535107614e-01 
 4.0099999999999998e+00 3.6537833873751913e-01 
 4.0200000000000005e+00 3.7823350937118749e-01 
 4.0300000000000002e+00 3.9033675996792777e-01 
 4.0400000000000000e+00 4.0170341324358988e-01 
 4.0499999999999998e+00 4.1234879191402263e-01 
 4.0600000000000005e+00 4.2228821869507566e-01 
 4.0700000000000003e+00 4.3153701630259600e-01 
 4.0800000000000001e+00 4.4011050745243330e-01 
 4.0899999999999999e+00 4.4802401486043641e-01 
 4.0999999999999996e+00 4.5529286124245411e-01 
 4.1100000000000003e+00 4.6193236931433573e-01 
 4.1200000000000001e+00 4.6795786179192889e-01 
 4.1299999999999999e+00 4.7338466139108304e-01 
 4.1399999999999997e+00 4.7822809082764683e-01 
 4.1500000000000004e+00 4.8250347281746964e-01 
 4.1600000000000001e+00 4.8622613007639925e-01 
 4.1699999999999999e+00 4.8941138532028494e-01 
 4.1799999999999997e+00 4.9207456126497562e-01 
 4.1900000000000004e+00 4.9423098062632009e-01 
 4.2000000000000002e+00 4.9589596612016684e-01 
 4.2100000000000000e+00 4.9715700732429607e-01 
 4.2199999999999998e+00 4.9808124562070183e-01 
 4.2300000000000004e+00 4.9865348143155369e-01 
 4.2400000000000002e+00 4.9885851517902141e-01 
 4.2500000000000000e+00 4.9868114728527457e-01 
 4.2599999999999998e+00 4.9810617817248298e-01 
 4.2700000000000005e+00 4.9711840826281622e-01 
 4.2800000000000002e+00 4.9570263797844405e-01 
 4.2900000000000000e+00 4.9384366774153615e-01 
 4.2999999999999998e+00 4.9152629797426223e-01 
 4.3100000000000005e+00 4.8873532909879164e-01 
 4.3200000000000003e+00 4.8545556153729458e-01 
 4.3300000000000001e+00 4.8167179571194058e-01 
 4.3399999999999999e+00 4.7736883204489922e-01 
 4.3500000000000005e+00 4.7253147095833975e-01 
 4.3600000000000003e+00 4.6714451287443282e-01 
 4.3700000000000001e+00 4.6119275821534755e-01 
 4.3799999999999999e+00 4.5466100740325371e-01 
 4.3899999999999997e+00 4.4753406086032099e-01 
 4.4000000000000004e+00 4.3979671900871842e-01 
 4.4100000000000001e+00 4.3169447118159687e-01 
 4.4199999999999999e+00 4.2349059472967060e-01 
 4.4299999999999997e+00 4.1519657210145744e-01 
 4.4400000000000004e+00 4.0682388574547418e-01 
 4.4500000000000002e+00 3.9838401811024016e-01 
 4.4600000000000000e+00 3.8988845164427222e-01 
 4.4699999999999998e+00 3.8134866879608814e-01 
 4.4800000000000004e+00 3.7277615201420478e-01 
 4.4900000000000002e+00 3.6418238374714140e-01 
 4.5000000000000000e+00 3.5557884644341498e-01 
 4.5099999999999998e+00 3.4697702255154317e-01 
 4.5200000000000005e+00 3.3838839452004288e-01 
 4.5300000000000002e+00 3.2982444479743339e-01 
 4.5400000000000000e+00 3.2129665583223155e-01 
 4.5499999999999998e+00 3.1281651007295519e-01 
 4.5600000000000005e+00 3.0439548996812116e-01 
 4.5700000000000003e+00 2.9604507796624868e-01 
 4.5800000000000001e+00 2.8777675651585466e-01 
 4.5899999999999999e+00 2.7960200806545688e-01 
 4.6000000000000005e+00 2.7153231506357223e-01 
 4.6100000000000003e+00 2.6351808265338700e-01 
 4.6200000000000001e+00 2.5550538974290926e-01 
 4.6299999999999999e+00 2.4749922942789251e-01 
 4.6399999999999997e+00 2.3950459480409039e-01 
 4.6500000000000004e+00 2.3152647896725581e-01 
 4.6600000000000001e+00 2.2356987501314377e-01 
 4.6699999999999999e+00 2.1563977603750717e-01 
 4.6799999999999997e+00 2.0774117513609958e-01 
 4.6900000000000004e+00 1.9987906540467393e-01 
 4.7000000000000002e+00 1.9205843993898525e-01 
 4.7100000000000000e+00 1.8428429183478640e-01 
 4.7199999999999998e+00 1.7656161418783095e-01 
 4.7300000000000004e+00 1.6889540009387191e-01 
 4.7400000000000002e+00 1.6129064264866419e-01 
 4.7500000000000000e+00 1.5375233494796070e-01 
 4.7599999999999998e+00 1.4628547008751505e-01 
 4.7700000000000005e+00 1.3889504116308021e-01 
 4.7800000000000002e+00 1.3158604127041104e-01 
 4.7900000000000000e+00 1.2436346350526054e-01 
 4.7999999999999998e+00 1.1723230096338227e-01 
 4.8100000000000005e+00 1.1037100368714299e-01 
 4.8200000000000003e+00 1.0394525122519845e-01 
 4.8300000000000001e+00 9.7940880932732496e-02 
 4.8399999999999999e+00 9.2343730164929611e-02 
 4.8500000000000005e+00 8.7139636276973770e-02 
 4.8600000000000003e+00 8.2314436624050399e-02 
 4.8700000000000001e+00 7.7853968561343467e-02 
 4.8799999999999999e+00 7.3744069444037413e-02 
 4.8899999999999997e+00 6.9970576627316733e-02 
 4.9000000000000004e+00 6.6519327466365546e-02 
 4.9100000000000001e+00 6.3376159316369002e-02 
 4.9199999999999999e+00 6.0526909532511157e-02 
 4.9299999999999997e+00 5.7957415469976521e-02 
 4.9400000000000004e+00 5.5653514483949354e-02 
 4.9500000000000002e+00 5.3601043929614511e-02 
 4.9600000000000000e+00 5.1785841162156260e-02 
 4.9699999999999998e+00 5.0193743536759039e-02 
 4.9800000000000004e+00 4.8810588408607206e-02 
 4.9900000000000002e+00 4.7622213132885449e-02 
 5.0000000000000000e+00 4.6614455064778126e-02 
 5.0099999999999998e+00 4.5737920977730724e-02 
 5.0200000000000005e+00 4.4956960748353952e-02 
 5.0300000000000002e+00 4.4278026386580321e-02 
 5.0400000000000000e+00 4.3707569902342119e-02 
 5.0499999999999998e+00 4.3252043305571697e-02 
 5.0600000000000005e+00 4.2917898606201411e-02 
 5.0700000000000003e+00 4.2711587814163676e-02 
 5.0800000000000001e+00 4.2639562939390828e-02 
 5.0899999999999999e+00 4.2708275991815217e-02 
 5.1000000000000005e+00 4.2924178981369250e-02 
 5.1100000000000003e+00 4.3293723917985236e-02 
 5.1200000000000001e+00 4.3823362811595566e-02 
 5.1299999999999999e+00 4.4519547672132592e-02 
 5.1399999999999997e+00 4.5388730509528685e-02 
 5.1500000000000004e+00 4.6437363333716307e-02 
 5.1600000000000001e+00 4.7671898154627634e-02 
 5.1699999999999999e+00 4.9098786982195122e-02 
 5.1799999999999997e+00 5.0724481826351128e-02 
 5.1900000000000004e+00 5.2555434697028190e-02 
 5.2000000000000002e+00 5.4598097604158347e-02 
 5.2100000000000000e+00 5.6746225911107562e-02 
 5.2199999999999998e+00 5.8893680231114270e-02 
 5.2300000000000004e+00 6.1047070448919945e-02 
 5.2400000000000002e+00 6.3213006449265502e-02 
 5.2500000000000000e+00 6.5398098116892428e-02 
 5.2599999999999998e+00 6.7608955336542001e-02 
 5.2700000000000005e+00 6.9852187992955728e-02 
 5.2800000000000002e+00 7.2134405970874504e-02 
 5.2900000000000000e+00 7.4462219155039797e-02 
 5.2999999999999998e+00 7.6842237430192931e-02 
 5.3100000000000005e+00 7.9281070681075386e-02 
 5.3200000000000003e+00 8.1785328792428044e-02 
 5.3300000000000001e+00 8.4361621648992399e-02 
 5.3399999999999999e+00 8.7016559135509750e-02 
 5.3500000000000005e+00 8.9756751136721630e-02 
 5.3600000000000003e+00 9.2588807537368839e-02 
 5.3700000000000001e+00 9.5519338222192940e-02 
 5.3799999999999999e+00 9.8554953075935176e-02 
 5.3899999999999997e+00 1.0170226198333687e-01 
 5.4000000000000004e+00 1.0496787482913961e-01 
 5.4100000000000001e+00 1.0829561465984791e-01 
 5.4199999999999999e+00 1.1162491288115275e-01 
 5.4299999999999997e+00 1.1495579191657387e-01 
 5.4400000000000004e+00 1.1828827418963127e-01 
 5.4500000000000002e+00 1.2162238212384405e-01 
 5.4600000000000000e+00 1.2495813814273223e-01 
 5.4699999999999998e+00 1.2829556466981551e-01 
 5.4800000000000004e+00 1.3163468412861387e-01 
 5.4900000000000002e+00 1.3497551894264648e-01 
 5.5000000000000000e+00 1.3831809153543331e-01 
 5.5099999999999998e+00 1.4166242433049409e-01 
 5.5200000000000005e+00 1.4500853975134878e-01 
 5.5300000000000002e+00 1.4835646022151655e-01 
 5.5400000000000000e+00 1.5170620816451738e-01 
 5.5499999999999998e+00 1.5505780600387098e-01 
 5.5600000000000005e+00 1.5841127616309736e-01 
 5.5700000000000003e+00 1.6176664106571559e-01 
 5.5800000000000001e+00 1.6512392313524576e-01 
 5.5899999999999999e+00 1.6848314479520754e-01 
 5.6000000000000005e+00 1.7184432846912090e-01 
 5.6100000000000003e+00 1.7520989353737731e-01 
 5.6200000000000001e+00 1.7858180205235311e-01 
 5.6299999999999999e+00 1.8195939044554413e-01 
 5.6399999999999997e+00 1.8534199514844613e-01 
 5.6500000000000004e+00 1.8872895259255523e-01 
 5.6600000000000001e+00 1.9211959920936664e-01 
 5.6699999999999999e+00 1.9551327143037645e-01 
 5.6799999999999997e+00 1.9890930568708046e-01 
 5.6900000000000004e+00 2.0230703841097475e-01 
 5.7000000000000002e+00 2.0570580603355454e-01 
 5.7100000000000000e+00 2.0910494498631590e-01 
 5.7199999999999998e+00 2.1250379170075467e-01 
 5.7300000000000004e+00 2.1590168260836695e-01 
 5.7400000000000002e+00 2.1929795414064790e-01 
 5.7500000000000000e+00 2.2269194272909365e-01 
 5.7599999999999998e+00 2.2608298480519995e-01 
 5.7700000000000005e+00 2.2947041680046298e-01 
 5.7800000000000002e+00 2.3285357514637789e-01 
 5.7900000000000000e+00 2.3623179627444074e-01 
 5.7999999999999998e+00 2.3960441661614740e-01 
 5.8100000000000005e+00 2.4289803209846769e-01 
 5.8200000000000003e+00 2.4604364073661333e-01 
 5.8300000000000001e+00 2.4904718209444468e-01 
 5.8399999999999999e+00 2.5191459573582181e-01 
 5.8500000000000005e+00 2.5465182122460500e-01 
 5.8600000000000003e+00 2.5726479812465386e-01 
 5.8700000000000001e+00 2.5975946599982863e-01 
 5.8799999999999999e+00 2.6214176441398945e-01 
 5.8899999999999997e+00 2.6441763293099629e-01 
 5.9000000000000004e+00 2.6659301111470946e-01 
 5.9100000000000001e+00 2.6867383852898863e-01 
 5.9199999999999999e+00 2.7066605473769401e-01 
 5.9299999999999997e+00 2.7257559930468567e-01 
 5.9400000000000004e+00 2.7440841179382386e-01 
 5.9500000000000002e+00 2.7617043176896827e-01 
 5.9600000000000000e+00 2.7786759879397915e-01 
 5.9699999999999998e+00 2.7950585243271653e-01 
 5.9800000000000004e+00 2.8109113224904064e-01 
 5.9900000000000002e+00 2.8262937780681124e-01 
 6.0000000000000000e+00 2.8412652866988852e-01 
 6.0099999999999998e+00 2.8551504742381328e-01 
 6.0200000000000005e+00 2.8672137298114420e-01 
 6.0300000000000002e+00 2.8774240939626788e-01 
 6.0400000000000000e+00 2.8857506072357131e-01 
 6.0499999999999998e+00 2.8921623101744126e-01 
 6.0600000000000005e+00 2.8966282433226459e-01 
 6.0700000000000003e+00 2.8991174472242803e-01 
 6.0800000000000001e+00 2.8995989624231844e-01 
 6.0899999999999999e+00 2.8980418294632265e-01 
 6.1000000000000005e+00 2.8944150888882741e-01 
 6.1100000000000003e+00 2.8886877812421963e-01 
 6.1200000000000001e+00 2.8808289470688608e-01 
 6.1299999999999999e+00 2.8708076269121363e-01 
 6.1400000000000006e+00 2.8585928613158890e-01 
 6.1500000000000004e+00 2.8441536908239901e-01 
 6.1600000000000001e+00 2.8274591559803058e-01 
 6.1699999999999999e+00 2.8084782973287054e-01 
 6.1799999999999997e+00 2.7871801554130560e-01 
 6.1900000000000004e+00 2.7635337707772240e-01 
 6.2000000000000002e+00 2.7375081839650817e-01 
 6.2100000000000000e+00 2.7097193627507971e-01 
 6.2199999999999998e+00 2.6808276845454898e-01 
 6.2300000000000004e+00 2.6508688043484513e-01 
 6.2400000000000002e+00 2.6198783771589801e-01 
 6.2500000000000000e+00 2.5878920579763665e-01 
 6.2599999999999998e+00 2.5549455017999045e-01 
 6.2700000000000005e+00 2.5210743636288840e-01 
 6.2800000000000002e+00 2.4863142984626055e-01 
 6.2900000000000000e+00 2.4507009613003589e-01 
 6.2999999999999998e+00 2.4142700071414375e-01 
 6.3100000000000005e+00 2.3770570909851318e-01 
 6.3200000000000003e+00 2.3390978678307417e-01 
 6.3300000000000001e+00 2.3004279926775575e-01 
 6.3399999999999999e+00 2.2610831205248727e-01 
 6.3500000000000005e+00 2.2210989063719772e-01 
 6.3600000000000003e+00 2.1805110052181714e-01 
 6.3700000000000001e+00 2.1393550720627452e-01 
 6.3799999999999999e+00 2.0976667619049927e-01 
 6.3900000000000006e+00 2.0554817297442027e-01 
 6.4000000000000004e+00 2.0128356305796768e-01 
 6.4100000000000001e+00 1.9693028020928016e-01 
 6.4199999999999999e+00 1.9245261562619079e-01 
 6.4299999999999997e+00 1.8786442095316991e-01 
 6.4400000000000004e+00 1.8317954783468754e-01 
 6.4500000000000002e+00 1.7841184791521489e-01 
 6.4600000000000000e+00 1.7357517283922191e-01 
 6.4699999999999998e+00 1.6868337425117902e-01 
 6.4800000000000004e+00 1.6375030379555616e-01 
 6.4900000000000002e+00 1.5878981311682458e-01 
 6.5000000000000000e+00 1.5381575385945423e-01 
 6.5099999999999998e+00 1.4884197766791554e-01 
 6.5200000000000005e+00 1.4388233618667839e-01 
 6.5300000000000002e+00 1.3895068106021413e-01 
 6.5400000000000000e+00 1.3406086393299266e-01 
 6.5499999999999998e+00 1.2922673644948435e-01 
 6.5600000000000005e+00 1.2446215025415920e-01 
 6.5700000000000003e+00 1.1978095699148844e-01 
 6.5800000000000001e+00 1.1519700830594203e-01 
 6.5899999999999999e+00 1.1072415584199036e-01 
 6.6000000000000005e+00 1.0637625124410344e-01 
 6.6100000000000003e+00 1.0217648396378669e-01 
 6.6200000000000001e+00 9.8139471896735317e-02 
 6.6299999999999999e+00 9.4266209353706124e-02 
 6.6400000000000006e+00 9.0557690645455574e-02 
 6.6500000000000004e+00 8.7014910082741120e-02 
 6.6600000000000001e+00 8.3638861976319215e-02 
 6.6699999999999999e+00 8.0430540636946657e-02 
 6.6799999999999997e+00 7.7390940375380246e-02 
 6.6900000000000004e+00 7.4521055502376504e-02 
 6.7000000000000002e+00 7.1821880328692772e-02 
 6.7100000000000000e+00 6.9294409165085558e-02 
 6.7199999999999998e+00 6.6939636322311646e-02 
 6.7300000000000004e+00 6.4758556111127658e-02 
 6.7400000000000002e+00 6.2752162842290765e-02 
 6.7500000000000000e+00 6.0921450826557574e-02 
 6.7599999999999998e+00 5.9267414374684864e-02 
 6.7700000000000005e+00 5.7791047797429315e-02 
 6.7800000000000002e+00 5.6493345405547964e-02 
 6.7900000000000000e+00 5.5375301509797498e-02 
 6.7999999999999998e+00 5.4437910420934675e-02 
 6.8100000000000005e+00 5.3696612779692947e-02 
 6.8200000000000003e+00 5.3168376989332147e-02 
 6.8300000000000001e+00 5.2856489004398322e-02 
 6.8399999999999999e+00 5.2764234779437591e-02 
 6.8500000000000005e+00 5.2894900268996091e-02 
 6.8600000000000003e+00 5.3251771427619915e-02 
 6.8700000000000001e+00 5.3838134209855185e-02 
 6.8799999999999999e+00 5.4657274570248014e-02 
 6.8900000000000006e+00 5.5712478463344636e-02 
 6.9000000000000004e+00 5.7007031843690971e-02 
 6.9100000000000001e+00 5.8544220665833230e-02 
 6.9199999999999999e+00 6.0327330884317520e-02 
 6.9299999999999997e+00 6.2359648453689964e-02 
 6.9400000000000004e+00 6.4644459328496898e-02 
 6.9500000000000002e+00 6.7185049463284019e-02 
 6.9600000000000000e+00 6.9984704812597665e-02 
 6.9699999999999998e+00 7.3046711330983935e-02 
 6.9800000000000004e+00 7.6374354972989250e-02 
 6.9900000000000002e+00 7.9970921693159142e-02 
 7.0000000000000000e+00 8.3839697446040029e-02 
 7.0099999999999998e+00 8.7887039397312988e-02 
 7.0200000000000005e+00 9.2011648980319785e-02 
 7.0300000000000002e+00 9.6205328551096314e-02 
 7.0400000000000000e+00 1.0045988046567952e-01 
 7.0499999999999998e+00 1.0476710708010598e-01 
 7.0600000000000005e+00 1.0911881075041270e-01 
 7.0700000000000003e+00 1.1350679383263550e-01 
 7.0800000000000001e+00 1.1792285868281134e-01 
 7.0899999999999999e+00 1.2235880765697682e-01 
 7.1000000000000005e+00 1.2680644311116895e-01 
 7.1100000000000003e+00 1.3125756740142352e-01 
 7.1200000000000001e+00 1.3570398288377752e-01 
 7.1299999999999999e+00 1.4013749191426755e-01 
 7.1400000000000006e+00 1.4454989684893058e-01 
 7.1500000000000004e+00 1.4893300004380242e-01 
 7.1600000000000001e+00 1.5327860385492009e-01 
 7.1699999999999999e+00 1.5757851063832012e-01 
 7.1799999999999997e+00 1.6182452275003917e-01 
 7.1900000000000004e+00 1.6600844254611419e-01 
 7.2000000000000002e+00 1.7012207238258104e-01 
 7.2100000000000000e+00 1.7419493371297279e-01 
 7.2199999999999998e+00 1.7825992879028926e-01 
 7.2300000000000004e+00 1.8231393116976807e-01 
 7.2400000000000002e+00 1.8635381440664572e-01 
 7.2500000000000000e+00 1.9037645205615975e-01 
 7.2599999999999998e+00 1.9437871767354739e-01 
 7.2700000000000005e+00 1.9835748481404625e-01 
 7.2800000000000002e+00 2.0230962703289279e-01 
 7.2900000000000000e+00 2.0623201788532464e-01 
 7.2999999999999998e+00 2.1012153092657895e-01 
 7.3100000000000005e+00 2.1397503971189333e-01 
 7.3200000000000003e+00 2.1778941779650432e-01 
 7.3300000000000001e+00 2.2156153873564946e-01 
 7.3399999999999999e+00 2.2528827608456597e-01 
 7.3500000000000005e+00 2.2896650339849139e-01 
 7.3600000000000003e+00 2.3259309423266233e-01 
 7.3700000000000001e+00 2.3616492214231627e-01 
 7.3799999999999999e+00 2.3967886068269051e-01 
 7.3900000000000006e+00 2.4313178340902247e-01 
 7.4000000000000004e+00 2.4652056387654886e-01 
 7.4100000000000001e+00 2.4974596244937547e-01 
 7.4199999999999999e+00 2.5271100551223902e-01 
 7.4299999999999997e+00 2.5541596565132341e-01 
 7.4400000000000004e+00 2.5786111545281276e-01 
 7.4500000000000002e+00 2.6004672750289054e-01 
 7.4600000000000000e+00 2.6197307438774098e-01 
 7.4699999999999998e+00 2.6364042869354787e-01 
 7.4800000000000004e+00 2.6504906300649539e-01 
 7.4900000000000002e+00 2.6619924991276711e-01 
 7.5000000000000000e+00 2.6709126199854710e-01 
 7.5099999999999998e+00 2.6772537185001932e-01 
 7.5200000000000005e+00 2.6810185205336767e-01 
 7.5300000000000002e+00 2.6822097519477600e-01 
 7.5400000000000000e+00 2.6808301386042832e-01 
 7.5499999999999998e+00 2.6768824063650853e-01 
 7.5600000000000005e+00 2.6703692810920049e-01 
 7.5700000000000003e+00 2.6612934886468820e-01 
 7.5800000000000001e+00 2.6496577548915556e-01 
 7.5899999999999999e+00 2.6354648056878649e-01 
 7.6000000000000005e+00 2.6187173668976471e-01 
 7.6100000000000003e+00 2.6005742621370143e-01 
 7.6200000000000001e+00 2.5821981396485205e-01 
 7.6299999999999999e+00 2.5635974622336749e-01 
 7.6400000000000006e+00 2.5447806926939848e-01 
 7.6500000000000004e+00 2.5257562938309636e-01 
 7.6600000000000001e+00 2.5065327284461181e-01 
 7.6699999999999999e+00 2.4871184593409587e-01 
 7.6799999999999997e+00 2.4675219493169939e-01 
 7.6900000000000004e+00 2.4477516611757316e-01 
 7.7000000000000002e+00 2.4278160577186847e-01 
 7.7100000000000000e+00 2.4077236017473608e-01 
 7.7199999999999998e+00 2.3874827560632692e-01 
 7.7300000000000004e+00 2.3671019834679172e-01 
 7.7400000000000002e+00 2.3465897467628183e-01 
 7.7500000000000000e+00 2.3259545087494796e-01 
 7.7599999999999998e+00 2.3052047322294106e-01 
 7.7700000000000005e+00 2.2843488800041190e-01 
 7.7800000000000002e+00 2.2633954148751173e-01 
 7.7900000000000000e+00 2.2423527996439135e-01 
 7.7999999999999998e+00 2.2212294971120169e-01 
 7.8100000000000005e+00 2.1998810386627343e-01 
 7.8200000000000003e+00 2.1781872198974184e-01 
 7.8300000000000001e+00 2.1561928999446373e-01 
 7.8399999999999999e+00 2.1339429379329597e-01 
 7.8500000000000005e+00 2.1114821929909539e-01 
 7.8600000000000003e+00 2.0888555242471932e-01 
 7.8700000000000001e+00 2.0661077908302447e-01 
 7.8799999999999999e+00 2.0432838518686786e-01 
 7.8900000000000006e+00 2.0204285664910618e-01 
 7.9000000000000004e+00 1.9975867938259684e-01 
 7.9100000000000001e+00 1.9748033930019654e-01 
 7.9199999999999999e+00 1.9521232231476227e-01 
 7.9300000000000006e+00 1.9295911433915078e-01 
 7.9400000000000004e+00 1.9072520128621939e-01 
 7.9500000000000002e+00 1.8851506906882490e-01 
 7.9600000000000000e+00 1.8633320359982425e-01 
 7.9699999999999998e+00 1.8418409079207435e-01 
 7.9800000000000004e+00 1.8207221655843200e-01 
 7.9900000000000002e+00 1.8000206681175454e-01 
 8.0000000000000000e+00 1.7797812746489872e-01 
 8.0099999999999998e+00 1.7606962218107447e-01 
 8.0199999999999996e+00 1.7434202255879305e-01 
 8.0299999999999994e+00 1.7279418641386335e-01 
 8.0400000000000009e+00 1.7142497156209408e-01 
 8.0500000000000007e+00 1.7023323581929461e-01 
 8.0600000000000005e+00 1.6921783700127360e-01 
 8.0700000000000003e+00 1.6837763292383998e-01 
 8.0800000000000001e+00 1.6771148140280262e-01 
 8.0899999999999999e+00 1.6721824025397042e-01 
 8.0999999999999996e+00 1.6689676729315234e-01 
 8.1099999999999994e+00 1.6674592033615726e-01 
 8.1200000000000010e+00 1.6676455719879413e-01 
 8.1300000000000008e+00 1.6695153569687179e-01 
 8.1400000000000006e+00 1.6730571364619920e-01 
 8.1500000000000004e+00 1.6782594886258526e-01 
 8.1600000000000001e+00 1.6851109916183885e-01 
 8.1699999999999999e+00 1.6936002235976888e-01 
 8.1799999999999997e+00 1.7037157627218427e-01 
 8.1899999999999995e+00 1.7154461871489396e-01 
 8.1999999999999993e+00 1.7287800750370683e-01 
 8.2100000000000009e+00 1.7431300712307096e-01 
 8.2200000000000006e+00 1.7578890263494371e-01 
 8.2300000000000004e+00 1.7730158272139920e-01 
 8.2400000000000002e+00 1.7884693606451138e-01 
 8.2500000000000000e+00 1.8042085134635416e-01 
 8.2599999999999998e+00 1.8201921724900144e-01 
 8.2699999999999996e+00 1.8363792245452717e-01 
 8.2799999999999994e+00 1.8527285564500526e-01 
 8.2900000000000009e+00 1.8691990550250992e-01 
 8.3000000000000007e+00 1.8857496070911445e-01 
 8.3100000000000005e+00 1.9023390994689313e-01 
 8.3200000000000003e+00 1.9189264189791980e-01 
 8.3300000000000001e+00 1.9354704524426844e-01 
 8.3399999999999999e+00 1.9519300866801292e-01 
 8.3499999999999996e+00 1.9682642085122720e-01 
 8.3599999999999994e+00 1.9844317047598520e-01 
 8.3700000000000010e+00 2.0003914622436109e-01 
 8.3800000000000008e+00 2.0161023677842821e-01 
 8.3900000000000006e+00 2.0315233082026082e-01 
 8.4000000000000004e+00 2.0466131703193280e-01 
 8.4100000000000001e+00 2.0615208203568267e-01 
 8.4199999999999999e+00 2.0764118060620790e-01 
 8.4299999999999997e+00 2.0912700365427081e-01 
 8.4399999999999995e+00 2.1060794209063369e-01 
 8.4499999999999993e+00 2.1208238682605890e-01 
 8.4600000000000009e+00 2.1354872877130895e-01 
 8.4700000000000006e+00 2.1500535883714569e-01 
 8.4800000000000004e+00 2.1645066793433165e-01 
 8.4900000000000002e+00 2.1788304697362920e-01 
 8.5000000000000000e+00 2.1930088686580060e-01 
 8.5099999999999998e+00 2.2070257852160818e-01 
 8.5199999999999996e+00 2.2208651285181427e-01 
 8.5299999999999994e+00 2.2345108076718118e-01 
 8.5400000000000009e+00 2.2479467317847146e-01 
 8.5500000000000007e+00 2.2611568099644694e-01 
 8.5600000000000005e+00 2.2741249513187017e-01 
 8.5700000000000003e+00 2.2868350649550351e-01 
 8.5800000000000001e+00 2.2992710599810920e-01 
 8.5899999999999999e+00 2.3114168455044959e-01 
 8.5999999999999996e+00 2.3232563306328702e-01 
 8.6099999999999994e+00 2.3339106510432020e-01 
 8.6200000000000010e+00 2.3425370495375372e-01 
 8.6300000000000008e+00 2.3491735959110815e-01 
 8.6400000000000006e+00 2.3538583599590454e-01 
 8.6500000000000004e+00 2.3566294114766373e-01 
 8.6600000000000001e+00 2.3575248202590660e-01 
 8.6699999999999999e+00 2.3565826561015402e-01 
 8.6799999999999997e+00 2.3538409887992690e-01 
 8.6899999999999995e+00 2.3493378881474603e-01 
 8.7000000000000011e+00 2.3431114239413223e-01 
 8.7100000000000009e+00 2.3351996659760654e-01 
 8.7200000000000006e+00 2.3256406840468977e-01 
 8.7300000000000004e+00 2.3144725479490275e-01 
 8.7400000000000002e+00 2.3017333274776638e-01 
 8.7500000000000000e+00 2.2874610924280153e-01 
 8.7599999999999998e+00 2.2716939125952904e-01 
 8.7699999999999996e+00 2.2544698577746983e-01 
 8.7799999999999994e+00 2.2358269977614470e-01 
 8.7900000000000009e+00 2.2158034023507422e-01 
 8.8000000000000007e+00 2.1944371413377994e-01 
 8.8100000000000005e+00 2.1721892056721917e-01 
 8.8200000000000003e+00 2.1495235754908906e-01 
 8.8300000000000001e+00 2.1264828043701992e-01 
 8.8399999999999999e+00 2.1031094458864194e-01 
 8.8499999999999996e+00 2.0794460536158535e-01 
 8.8599999999999994e+00 2.0555351811348035e-01 
 8.8700000000000010e+00 2.0314193820195681e-01 
 8.8800000000000008e+00 2.0071412098464575e-01 
 8.8900000000000006e+00 1.9827432181917704e-01 
 8.9000000000000004e+00 1.9582679606318082e-01 
 8.9100000000000001e+00 1.9337579907428740e-01 
 8.9199999999999999e+00 1.9092558621012695e-01 
 8.9299999999999997e+00 1.8848041282832975e-01 
 8.9399999999999995e+00 1.8604453428652601e-01 
 8.9500000000000011e+00 1.8362220594234552e-01 
 8.9600000000000009e+00 1.8121768315341941e-01 
 8.9700000000000006e+00 1.7883522127737742e-01 
 8.9800000000000004e+00 1.7647907567184978e-01 
 8.9900000000000002e+00 1.7415350169446681e-01 
 9.0000000000000000e+00 1.7186275470285861e-01 
 9.0099999999999998e+00 1.6959353657550399e-01 
 9.0199999999999996e+00 1.6733043451792723e-01 
 9.0299999999999994e+00 1.6507453187832685e-01 
 9.0400000000000009e+00 1.6282691200490096e-01 
 9.0500000000000007e+00 1.6058865824584892e-01 
 9.0600000000000005e+00 1.5836085394936886e-01 
 9.0700000000000003e+00 1.5614458246365931e-01 
 9.0800000000000001e+00 1.5394092713691881e-01 
 9.0899999999999999e+00 1.5175097131734591e-01 
 9.0999999999999996e+00 1.4957579835313911e-01 
 9.1099999999999994e+00 1.4741649159249701e-01 
 9.1200000000000010e+00 1.4527413438361769e-01 
 9.1300000000000008e+00 1.4314981007470051e-01 
 9.1400000000000006e+00 1.4104460201394359e-01 
 9.1500000000000004e+00 1.3895959354954546e-01 
 9.1600000000000001e+00 1.3689586802970469e-01 
 9.1699999999999999e+00 1.3485450880261979e-01 
 9.1799999999999997e+00 1.3283659921648930e-01 
 9.1899999999999995e+00 1.3084322261951176e-01 
 9.2000000000000011e+00 1.2887546235988534e-01 
 9.2100000000000009e+00 1.2701981127854575e-01 
 9.2200000000000006e+00 1.2536005111617546e-01 
 9.2300000000000004e+00 1.2389319857059469e-01 
 9.2400000000000002e+00 1.2261627033962375e-01 
 9.2500000000000000e+00 1.2152628312108285e-01 
 9.2599999999999998e+00 1.2062025361279229e-01 
 9.2699999999999996e+00 1.1989519851257230e-01 
 9.2799999999999994e+00 1.1934813451824317e-01 
 9.2900000000000009e+00 1.1897607832762509e-01 
 9.3000000000000007e+00 1.1877604663853847e-01 
 9.3100000000000005e+00 1.1874505614880349e-01 
 9.3200000000000003e+00 1.1888012355624038e-01 
 9.3300000000000001e+00 1.1917826555866944e-01 
 9.3399999999999999e+00 1.1963649885391091e-01 
 9.3499999999999996e+00 1.2025184013978506e-01 
 9.3599999999999994e+00 1.2102130611411213e-01 
 9.3700000000000010e+00 1.2194191347471259e-01 
 9.3800000000000008e+00 1.2301067891940635e-01 
 9.3900000000000006e+00 1.2422461914601385e-01 
 9.4000000000000004e+00 1.2558075085235532e-01 
 9.4100000000000001e+00 1.2703711990022312e-01 
 9.4199999999999999e+00 1.2855288697587461e-01 
 9.4299999999999997e+00 1.3012674101382751e-01 
 9.4399999999999995e+00 1.3175737094859954e-01 
 9.4500000000000011e+00 1.3344346571470878e-01 
 9.4600000000000009e+00 1.3518371424667233e-01 
 9.4700000000000006e+00 1.3697680547900826e-01 
 9.4800000000000004e+00 1.3882142834623426e-01 
 9.4900000000000002e+00 1.4071627178286811e-01 
 9.5000000000000000e+00 1.4266002472342754e-01 
 9.5099999999999998e+00 1.4465137610243026e-01 
 9.5199999999999996e+00 1.4668901485439401e-01 
 9.5299999999999994e+00 1.4877162991383655e-01 
 9.5400000000000009e+00 1.5089791021527599e-01 
 9.5500000000000007e+00 1.5306654469322928e-01 
 9.5600000000000005e+00 1.5527622228221458e-01 
 9.5700000000000003e+00 1.5752563191674962e-01 
 9.5800000000000001e+00 1.5981346253135209e-01 
 9.5899999999999999e+00 1.6213840306053975e-01 
 9.5999999999999996e+00 1.6449914243883038e-01 
 9.6099999999999994e+00 1.6691177514338662e-01 
 9.6200000000000010e+00 1.6938829468723776e-01 
 9.6300000000000008e+00 1.7192123855869984e-01 
 9.6400000000000006e+00 1.7450314424609012e-01 
 9.6500000000000004e+00 1.7712654923772556e-01 
 9.6600000000000001e+00 1.7978399102192300e-01 
 9.6699999999999999e+00 1.8246800708699934e-01 
 9.6799999999999997e+00 1.8517113492127146e-01 
 9.6899999999999995e+00 1.8788591201305629e-01 
 9.7000000000000011e+00 1.9060487585067115e-01 
 9.7100000000000009e+00 1.9332056392243202e-01 
 9.7200000000000006e+00 1.9602551371665622e-01 
 9.7300000000000004e+00 1.9871226272166065e-01 
 9.7400000000000002e+00 2.0137334842576221e-01 
 9.7500000000000000e+00 2.0400130831727781e-01 
 9.7599999999999998e+00 2.0658867988452434e-01 
 9.7699999999999996e+00 2.0912800061581863e-01 
 9.7799999999999994e+00 2.1161180799947762e-01 
 9.7900000000000009e+00 2.1403263952381860e-01 
 9.8000000000000007e+00 2.1638303267715764e-01 
 9.8100000000000005e+00 2.1865790255635703e-01 
 9.8200000000000003e+00 2.2085696280916811e-01 
 9.8300000000000001e+00 2.2297994875024194e-01 
 9.8399999999999999e+00 2.2502659569422959e-01 
 9.8499999999999996e+00 2.2699663895578212e-01 
 9.8599999999999994e+00 2.2888981384955059e-01 
 9.8700000000000010e+00 2.3070585569018640e-01 
 9.8800000000000008e+00 2.3244449979233991e-01 
 9.8900000000000006e+00 2.3410548147066257e-01 
 9.9000000000000004e+00 2.3568853603980539e-01 
 9.9100000000000001e+00 2.3719339881441945e-01 
 9.9199999999999999e+00 2.3861980510915581e-01 
 9.9299999999999997e+00 2.3996749023866554e-01 
 9.9399999999999995e+00 2.4123618951759970e-01 
 9.9500000000000011e+00 2.4242563826060953e-01 
 9.9600000000000009e+00 2.4353557178234569e-01 
 9.9700000000000006e+00 2.4456572539745947e-01 
 9.9800000000000004e+00 2.4551583442060190e-01 
 9.9900000000000002e+00 2.4638563416642406e-01 
 1.0000000000000000e+01 2.4717485994957700e-01 
 1.0010000000000000e+01 2.4787951089380780e-01 
 1.0020000000000000e+01 2.4849465100076035e-01 
 1.0029999999999999e+01 2.4901861290193100e-01 
 1.0039999999999999e+01 2.4944972922881600e-01 
 1.0049999999999999e+01 2.4978633261291172e-01 
 1.0060000000000000e+01 2.5002675568571447e-01 
 1.0070000000000000e+01 2.5016933107872052e-01 
 1.0080000000000000e+01 2.5021239142342616e-01 
 1.0090000000000000e+01 2.5015426935132778e-01 
 1.0100000000000000e+01 2.4999329749392163e-01 
 1.0109999999999999e+01 2.4972780848270404e-01 
 1.0119999999999999e+01 2.4935613494917133e-01 
 1.0129999999999999e+01 2.4887660952481980e-01 
 1.0140000000000001e+01 2.4828756484114567e-01 
 1.0150000000000000e+01 2.4758733352964540e-01 
 1.0160000000000000e+01 2.4677424822181529e-01 
 1.0170000000000000e+01 2.4584664154915159e-01 
 1.0180000000000000e+01 2.4480284614315062e-01 
 1.0190000000000000e+01 2.4364119463530873e-01 
 1.0199999999999999e+01 2.4236001965712220e-01 
 1.0209999999999999e+01 2.4100982225522663e-01 
 1.0220000000000001e+01 2.3964174177789668e-01 
 1.0230000000000000e+01 2.3825506830908802e-01 
 1.0240000000000000e+01 2.3684909193275561e-01 
 1.0250000000000000e+01 2.3542310273285455e-01 
 1.0260000000000000e+01 2.3397639079334009e-01 
 1.0270000000000000e+01 2.3250824619816735e-01 
 1.0279999999999999e+01 2.3101795903129155e-01 
 1.0289999999999999e+01 2.2950481937666783e-01 
 1.0299999999999999e+01 2.2796811731825137e-01 
 1.0310000000000000e+01 2.2640714293999706e-01 
 1.0320000000000000e+01 2.2482118632586065e-01 
 1.0330000000000000e+01 2.2320953755979703e-01 
 1.0340000000000000e+01 2.2157148672576138e-01 
 1.0350000000000000e+01 2.1990632390770887e-01 
 1.0359999999999999e+01 2.1821333918959465e-01 
 1.0369999999999999e+01 2.1649182265537395e-01 
 1.0379999999999999e+01 2.1474106438900190e-01 
 1.0390000000000001e+01 2.1296035447443334e-01 
 1.0400000000000000e+01 2.1114898299562412e-01 
 1.0410000000000000e+01 2.0930818569095780e-01 
 1.0420000000000000e+01 2.0744166370964418e-01 
 1.0430000000000000e+01 2.0555240525187732e-01 
 1.0440000000000000e+01 2.0364339851785129e-01 
 1.0449999999999999e+01 2.0171763170776019e-01 
 1.0459999999999999e+01 1.9977809302179805e-01 
 1.0470000000000001e+01 1.9782777066015864e-01 
 1.0480000000000000e+01 1.9586965282303664e-01 
 1.0490000000000000e+01 1.9390672771062584e-01 
 1.0500000000000000e+01 1.9194198352312028e-01 
 1.0510000000000000e+01 1.8997840846071404e-01 
 1.0520000000000000e+01 1.8801899072360118e-01 
 1.0529999999999999e+01 1.8606671851197576e-01 
 1.0539999999999999e+01 1.8412458002603188e-01 
 1.0549999999999999e+01 1.8219556346596358e-01 
 1.0560000000000000e+01 1.8028265703196458e-01 
 1.0570000000000000e+01 1.7838884892422965e-01 
 1.0580000000000000e+01 1.7651712734295252e-01 
 1.0590000000000000e+01 1.7467048048832723e-01 
 1.0600000000000000e+01 1.7285189656054789e-01 
 1.0609999999999999e+01 1.7106860487758291e-01 
 1.0619999999999999e+01 1.6932498981471331e-01 
 1.0629999999999999e+01 1.6761977215810175e-01 
 1.0640000000000001e+01 1.6595167269391076e-01 
 1.0650000000000000e+01 1.6431941220830365e-01 
 1.0660000000000000e+01 1.6272171148744288e-01 
 1.0670000000000000e+01 1.6115729131749121e-01 
 1.0680000000000000e+01 1.5962487248461138e-01 
 1.0690000000000000e+01 1.5812317577496612e-01 
 1.0699999999999999e+01 1.5665092197471825e-01 
 1.0709999999999999e+01 1.5520683187003043e-01 
 1.0720000000000001e+01 1.5378962624706524e-01 
 1.0730000000000000e+01 1.5239802589198589e-01 
 1.0740000000000000e+01 1.5103075159095491e-01 
 1.0750000000000000e+01 1.4968652413013503e-01 
 1.0760000000000000e+01 1.4836406429568899e-01 
 1.0770000000000000e+01 1.4706209287377958e-01 
 1.0779999999999999e+01 1.4577933065056950e-01 
 1.0789999999999999e+01 1.4451449841222155e-01 
 1.0799999999999999e+01 1.4326631694489844e-01 
 1.0810000000000000e+01 1.4207413273500638e-01 
 1.0820000000000000e+01 1.4097636963630258e-01 
 1.0830000000000000e+01 1.3997036448597516e-01 
 1.0840000000000000e+01 1.3905345412121242e-01 
 1.0850000000000000e+01 1.3822297537920275e-01 
 1.0859999999999999e+01 1.3747626509713445e-01 
 1.0869999999999999e+01 1.3681066011219584e-01 
 1.0879999999999999e+01 1.3622349726157532e-01 
 1.0890000000000001e+01 1.3571211338246106e-01 
 1.0900000000000000e+01 1.3527384531204162e-01 
 1.0910000000000000e+01 1.3490602988750525e-01 
 1.0920000000000000e+01 1.3460600394604028e-01 
 1.0930000000000000e+01 1.3437110432483501e-01 
 1.0940000000000000e+01 1.3419866786107779e-01 
 1.0949999999999999e+01 1.3408603139195699e-01 
 1.0959999999999999e+01 1.3403053175466090e-01 
 1.0970000000000001e+01 1.3402950578637787e-01 
 1.0980000000000000e+01 1.3408029032429628e-01 
 1.0990000000000000e+01 1.3418022220560438e-01 
 1.1000000000000000e+01 1.3432663826749058e-01 
 1.1010000000000000e+01 1.3452623294948141e-01 
 1.1020000000000000e+01 1.3478972414637219e-01 
 1.1029999999999999e+01 1.3512048387825443e-01 
 1.1039999999999999e+01 1.3552188416521965e-01 
 1.1049999999999999e+01 1.3599729702735933e-01 
 1.1060000000000000e+01 1.3655009448476510e-01 
 1.1070000000000000e+01 1.3718364855752824e-01 
 1.1080000000000000e+01 1.3790133126574036e-01 
 1.1090000000000000e+01 1.3870651462949296e-01 
 1.1100000000000000e+01 1.3960257066887755e-01 
 1.1109999999999999e+01 1.4059287140398560e-01 
 1.1119999999999999e+01 1.4168078885490865e-01 
 1.1129999999999999e+01 1.4286969504173819e-01 
 1.1140000000000001e+01 1.4416296198456596e-01 
 1.1150000000000000e+01 1.4556396170348299e-01 
 1.1160000000000000e+01 1.4707606621858102e-01 
 1.1170000000000000e+01 1.4870264754995155e-01 
 1.1180000000000000e+01 1.5044707771768609e-01 
 1.1190000000000000e+01 1.5231272874187612e-01 
 1.1199999999999999e+01 1.5430297264261314e-01 
 1.1209999999999999e+01 1.5637793004638281e-01 
 1.1220000000000001e+01 1.5849453504732425e-01 
 1.1230000000000000e+01 1.6065137986700778e-01 
 1.1240000000000000e+01 1.6284705672700492e-01 
 1.1250000000000000e+01 1.6508015784888677e-01 
 1.1260000000000000e+01 1.6734927545422446e-01 
 1.1270000000000000e+01 1.6965300176458911e-01 
 1.1279999999999999e+01 1.7198992900155183e-01 
 1.1289999999999999e+01 1.7435864938668372e-01 
 1.1299999999999999e+01 1.7675775514155595e-01 
 1.1310000000000000e+01 1.7918583848774003e-01 
 1.1320000000000000e+01 1.8164149164680624e-01 
 1.1330000000000000e+01 1.8412330684032610e-01 
 1.1340000000000000e+01 1.8662987628987077e-01 
 1.1350000000000000e+01 1.8915979221701129e-01 
 1.1359999999999999e+01 1.9171164684331887e-01 
 1.1369999999999999e+01 1.9428403239036460e-01 
 1.1379999999999999e+01 1.9687554107971958e-01 
 1.1390000000000001e+01 1.9948476513295541e-01 
 1.1400000000000000e+01 2.0211029677164227e-01 
 1.1410000000000000e+01 2.0477346699887886e-01 
 1.1420000000000000e+01 2.0749254071519965e-01 
 1.1430000000000000e+01 2.1026151098833021e-01 
 1.1440000000000000e+01 2.1307437088599607e-01 
 1.1449999999999999e+01 2.1592511347592283e-01 
 1.1459999999999999e+01 2.1880773182583596e-01 
 1.1470000000000001e+01 2.2171621900346161e-01 
 1.1480000000000000e+01 2.2464456807652422e-01 
 1.1490000000000000e+01 2.2758677211274991e-01 
 1.1500000000000000e+01 2.3053682417986421e-01 
 1.1510000000000000e+01 2.3348871734559262e-01 
 1.1520000000000000e+01 2.3643644467766078e-01 
 1.1529999999999999e+01 2.3937399924379416e-01 
 1.1539999999999999e+01 2.4229537411171836e-01 
 1.1550000000000001e+01 2.4519456234915940e-01 
 1.1560000000000000e+01 2.4806555702384181e-01 
 1.1570000000000000e+01 2.5090235120349169e-01 
 1.1580000000000000e+01 2.5369893795583454e-01 
 1.1590000000000000e+01 2.5644931034859592e-01 
 1.1600000000000000e+01 2.5914746144950140e-01 
 1.1609999999999999e+01 2.6175593673813397e-01 
 1.1619999999999999e+01 2.6424297306204975e-01 
 1.1629999999999999e+01 2.6661110054093373e-01 
 1.1640000000000001e+01 2.6886284929447146e-01 
 1.1650000000000000e+01 2.7100074944234709e-01 
 1.1660000000000000e+01 2.7302733110424610e-01 
 1.1670000000000000e+01 2.7494512439985364e-01 
 1.1680000000000000e+01 2.7675665944885469e-01 
 1.1690000000000000e+01 2.7846446637093430e-01 
 1.1699999999999999e+01 2.8007107528577763e-01 
 1.1709999999999999e+01 2.8157901631306970e-01 
 1.1720000000000001e+01 2.8299081957249572e-01 
 1.1730000000000000e+01 2.8430901518374041e-01 
 1.1740000000000000e+01 2.8553613326648897e-01 
 1.1750000000000000e+01 2.8667470394042649e-01 
 1.1760000000000000e+01 2.8772725732523807e-01 
 1.1770000000000000e+01 2.8869632354060870e-01 
 1.1779999999999999e+01 2.8958443270622353e-01 
 1.1789999999999999e+01 2.9039411494176759e-01 
 1.1800000000000001e+01 2.9112790036692604e-01 
 1.1810000000000000e+01 2.9175079099335427e-01 
 1.1820000000000000e+01 2.9222252003899507e-01 
 1.1830000000000000e+01 2.9253771443296400e-01 
 1.1840000000000000e+01 2.9269100110437674e-01 
 1.1850000000000000e+01 2.9267700698234878e-01 
 1.1859999999999999e+01 2.9249035899599574e-01 
 1.1869999999999999e+01 2.9212568407443329e-01 
 1.1879999999999999e+01 2.9157760914677694e-01 
 1.1890000000000001e+01 2.9084076114214213e-01 
 1.1900000000000000e+01 2.8990976698964482e-01 
 1.1910000000000000e+01 2.8877925361840034e-01 
 1.1920000000000000e+01 2.8744384795752442e-01 
 1.1930000000000000e+01 2.8589817693613256e-01 
 1.1940000000000000e+01 2.8413686748334038e-01 
 1.1949999999999999e+01 2.8215454652826349e-01 
 1.1959999999999999e+01 2.7994584100001746e-01 
 1.1970000000000001e+01 2.7750537782771745e-01 
 1.1980000000000000e+01 2.7482778394047991e-01 
 1.1990000000000000e+01 2.7190768626741996e-01 
 1.2000000000000000e+01 2.6873971173765332e-01 
 1.2010000000000000e+01 2.6542307376351831e-01 
 1.2020000000000000e+01 2.6206174111422403e-01 
 1.2030000000000001e+01 2.5865747375419157e-01 
 1.2039999999999999e+01 2.5521203164784456e-01 
 1.2050000000000001e+01 2.5172717475960221e-01 
 1.2059999999999999e+01 2.4820466305388864e-01 
 1.2070000000000000e+01 2.4464625649512312e-01 
 1.2080000000000000e+01 2.4105371504772924e-01 
 1.2090000000000000e+01 2.3742879867612807e-01 
 1.2100000000000000e+01 2.3377326734474130e-01 
 1.2109999999999999e+01 2.3008888101799066e-01 
 1.2120000000000001e+01 2.2637739966029718e-01 
 1.2129999999999999e+01 2.2264058323608454e-01 
 1.2140000000000001e+01 2.1888019170977185e-01 
 1.2149999999999999e+01 2.1509798504578342e-01 
 1.2160000000000000e+01 2.1129572320853832e-01 
 1.2170000000000000e+01 2.0747516616246026e-01 
 1.2180000000000000e+01 2.0363807387197025e-01 
 1.2190000000000000e+01 1.9978620630148999e-01 
 1.2199999999999999e+01 1.9592132341544125e-01 
 1.2210000000000001e+01 1.9201915944709808e-01 
 1.2219999999999999e+01 1.8805872770780674e-01 
 1.2230000000000000e+01 1.8404670677909010e-01 
 1.2240000000000000e+01 1.7998977524247609e-01 
 1.2250000000000000e+01 1.7589461167948967e-01 
 1.2260000000000000e+01 1.7176789467165657e-01 
 1.2270000000000000e+01 1.6761630280050255e-01 
 1.2280000000000001e+01 1.6344651464755261e-01 
 1.2289999999999999e+01 1.5926520879433465e-01 
 1.2300000000000001e+01 1.5507906382237147e-01 
 1.2309999999999999e+01 1.5089475831319174e-01 
 1.2320000000000000e+01 1.4671897084831825e-01 
 1.2330000000000000e+01 1.4255838000927895e-01 
 1.2340000000000000e+01 1.3841966437759884e-01 
 1.2350000000000000e+01 1.3430950253480362e-01 
 1.2359999999999999e+01 1.3023457306241903e-01 
 1.2370000000000001e+01 1.2620155454197010e-01 
 1.2379999999999999e+01 1.2221712555498467e-01 
 1.2390000000000001e+01 1.1828796468298566e-01 
 1.2399999999999999e+01 1.1442075050750160e-01 
 1.2410000000000000e+01 1.1070189470096088e-01 
 1.2420000000000000e+01 1.0721015516246189e-01 
 1.2430000000000000e+01 1.0394072981352726e-01 
 1.2440000000000000e+01 1.0088881657568033e-01 
 1.2449999999999999e+01 9.8049613370444433e-02 
 1.2460000000000001e+01 9.5418318119342482e-02 
 1.2469999999999999e+01 9.2990128743899128e-02 
 1.2480000000000000e+01 9.0760243165636023e-02 
 1.2490000000000000e+01 8.8723859306077735e-02 
 1.2500000000000000e+01 8.6876175086747165e-02 
 1.2510000000000000e+01 8.5212388429167688e-02 
 1.2520000000000000e+01 8.3727697254862649e-02 
 1.2530000000000001e+01 8.2417299485355144e-02 
 1.2539999999999999e+01 8.1276393042169159e-02 
 1.2550000000000001e+01 8.0300175846827249e-02 
 1.2559999999999999e+01 7.9483845820853452e-02 
 1.2570000000000000e+01 7.8822600885770505e-02 
 1.2580000000000000e+01 7.8311638963102143e-02 
 1.2590000000000000e+01 7.7946157974371613e-02 
 1.2600000000000000e+01 7.7721355841102208e-02 
 1.2609999999999999e+01 7.7637166453122297e-02 
 1.2620000000000001e+01 7.7701822453543651e-02 
 1.2629999999999999e+01 7.7922969893814698e-02 
 1.2640000000000001e+01 7.8308254825384060e-02 
 1.2649999999999999e+01 7.8865323299699946e-02 
 1.2660000000000000e+01 7.9601821368211229e-02 
 1.2670000000000000e+01 8.0525395082366030e-02 
 1.2680000000000000e+01 8.1643690493612961e-02 
 1.2690000000000000e+01 8.2964353653400491e-02 
 1.2699999999999999e+01 8.4495030613177105e-02 
 1.2710000000000001e+01 8.6243367424391593e-02 
 1.2719999999999999e+01 8.8217010138491453e-02 
 1.2730000000000000e+01 9.0423604806926572e-02 
 1.2740000000000000e+01 9.2870797481144310e-02 
 1.2750000000000000e+01 9.5566234212593498e-02 
 1.2760000000000000e+01 9.8517561052722635e-02 
 1.2770000000000000e+01 1.0173242405298021e-01 
 1.2780000000000001e+01 1.0521846926481530e-01 
 1.2789999999999999e+01 1.0898334273967450e-01 
 1.2800000000000001e+01 1.1303469052900894e-01 
 1.2809999999999999e+01 1.1724924023363568e-01 
 1.2820000000000000e+01 1.2149635108696695e-01 
 1.2830000000000000e+01 1.2577261658933306e-01 
 1.2840000000000000e+01 1.3007463024106733e-01 
 1.2850000000000000e+01 1.3439898554250232e-01 
 1.2859999999999999e+01 1.3874227599397057e-01 
 1.2870000000000001e+01 1.4310109509580543e-01 
 1.2879999999999999e+01 1.4747203634833711e-01 
 1.2890000000000001e+01 1.5185169325190132e-01 
 1.2899999999999999e+01 1.5623665930682748e-01 
 1.2910000000000000e+01 1.6062352801345126e-01 
 1.2920000000000000e+01 1.6500889287210291e-01 
 1.2930000000000000e+01 1.6938934738311573e-01 
 1.2940000000000000e+01 1.7376148504682229e-01 
 1.2949999999999999e+01 1.7812189936355519e-01 
 1.2960000000000001e+01 1.8246718383364771e-01 
 1.2969999999999999e+01 1.8679393195743010e-01 
 1.2980000000000000e+01 1.9109873723523807e-01 
 1.2990000000000000e+01 1.9537819316740179e-01 
 1.3000000000000000e+01 1.9962889325425459e-01 
 1.3010000000000000e+01 2.0386120140176017e-01 
 1.3020000000000000e+01 2.0808728691523259e-01 
 1.3030000000000001e+01 2.1230645139403093e-01 
 1.3039999999999999e+01 2.1651799643751118e-01 
 1.3050000000000001e+01 2.2072122364503471e-01 
 1.3059999999999999e+01 2.2491543461595676e-01 
 1.3070000000000000e+01 2.2909993094963860e-01 
 1.3080000000000000e+01 2.3327401424543631e-01 
 1.3090000000000000e+01 2.3743698610270891e-01 
 1.3100000000000000e+01 2.4158814812081475e-01 
 1.3109999999999999e+01 2.4572680189911200e-01 
 1.3120000000000001e+01 2.4985224903695979e-01 
 1.3129999999999999e+01 2.5396379113371420e-01 
 1.3140000000000001e+01 2.5806072978873640e-01 
 1.3149999999999999e+01 2.6214236660138179e-01 
 1.3160000000000000e+01 2.6620800317101156e-01 
 1.3170000000000000e+01 2.7025694109698190e-01 
 1.3180000000000000e+01 2.7428848197865169e-01 
 1.3190000000000000e+01 2.7830192741537929e-01 
 1.3199999999999999e+01 2.8229657900652305e-01 
 1.3210000000000001e+01 2.8612283733938310e-01 
 1.3219999999999999e+01 2.8963748588774962e-01 
 1.3230000000000000e+01 2.9284940058072229e-01 
 1.3240000000000000e+01 2.9576745734739635e-01 
 1.3250000000000000e+01 2.9840053211686957e-01 
 1.3260000000000000e+01 3.0075750081823910e-01 
 1.3270000000000000e+01 3.0284723938060204e-01 
 1.3280000000000001e+01 3.0467862373305588e-01 
 1.3289999999999999e+01 3.0626052980469681e-01 
 1.3300000000000001e+01 3.0760183352462306e-01 
 1.3309999999999999e+01 3.0871141082193088e-01 
 1.3320000000000000e+01 3.0959813762571814e-01 
 1.3330000000000000e+01 3.1027088986508139e-01 
 1.3340000000000000e+01 3.1073854346911806e-01 
 1.3350000000000000e+01 3.1100997436692523e-01 
 1.3359999999999999e+01 3.1109405848760002e-01 
 1.3370000000000001e+01 3.1099967176023952e-01 
 1.3379999999999999e+01 3.1073569011394098e-01 
 1.3390000000000001e+01 3.1031098947780134e-01 
 1.3399999999999999e+01 3.0973444578091802e-01 
 1.3410000000000000e+01 3.0902398009639936e-01 
 1.3420000000000000e+01 3.0818930849188314e-01 
 1.3430000000000000e+01 3.0722699938825920e-01 
 1.3440000000000000e+01 3.0613362120641779e-01 
 1.3449999999999999e+01 3.0490574236724888e-01 
 1.3460000000000001e+01 3.0353993129164231e-01 
 1.3469999999999999e+01 3.0203275640048904e-01 
 1.3480000000000000e+01 3.0038078611467800e-01 
 1.3490000000000000e+01 2.9858058885510014e-01 
 1.3500000000000000e+01 2.9662873304264531e-01 
 1.3510000000000000e+01 2.9452178709820354e-01 
 1.3520000000000000e+01 2.9225631944266500e-01 
 1.3530000000000001e+01 2.8982889849691923e-01 
 1.3539999999999999e+01 2.8723609268185779e-01 
 1.3550000000000001e+01 2.8447447041836882e-01 
 1.3559999999999999e+01 2.8154060012734444e-01 
 1.3570000000000000e+01 2.7843105022967263e-01 
 1.3580000000000000e+01 2.7514238914624506e-01 
 1.3590000000000000e+01 2.7167118529795137e-01 
 1.3600000000000000e+01 2.6801400710568157e-01 
 1.3609999999999999e+01 2.6422117518602822e-01 
 1.3620000000000001e+01 2.6035091132154803e-01 
 1.3629999999999999e+01 2.5641163568208059e-01 
 1.3640000000000001e+01 2.5241176843746055e-01 
 1.3649999999999999e+01 2.4835972975752829e-01 
 1.3660000000000000e+01 2.4426393981211836e-01 
 1.3670000000000000e+01 2.4013281877107040e-01 
 1.3680000000000000e+01 2.3597478680422118e-01 
 1.3690000000000000e+01 2.3179826408140819e-01 
 1.3699999999999999e+01 2.2761167077246888e-01 
 1.3710000000000001e+01 2.2342342704724000e-01 
 1.3719999999999999e+01 2.1924195307556127e-01 
 1.3730000000000000e+01 2.1507566902726716e-01 
 1.3740000000000000e+01 2.1093299507219740e-01 
 1.3750000000000000e+01 2.0682235138018873e-01 
 1.3760000000000000e+01 2.0275215812107858e-01 
 1.3770000000000000e+01 1.9873083546470449e-01 
 1.3780000000000001e+01 1.9476680358090320e-01 
 1.3789999999999999e+01 1.9086848263951431e-01 
 1.3800000000000001e+01 1.8704429281037249e-01 
 1.3809999999999999e+01 1.8327287470111564e-01 
 1.3820000000000000e+01 1.7952825463503144e-01 
 1.3830000000000000e+01 1.7581193135544221e-01 
 1.3840000000000000e+01 1.7212540360566755e-01 
 1.3850000000000000e+01 1.6847017012902785e-01 
 1.3859999999999999e+01 1.6484772966884334e-01 
 1.3870000000000001e+01 1.6125958096843376e-01 
 1.3879999999999999e+01 1.5770722277112131e-01 
 1.3890000000000001e+01 1.5419215382022380e-01 
 1.3899999999999999e+01 1.5071587285906402e-01 
 1.3910000000000000e+01 1.4727987863095979e-01 
 1.3920000000000000e+01 1.4388566987923329e-01 
 1.3930000000000000e+01 1.4053474534720423e-01 
 1.3940000000000000e+01 1.3722860377819290e-01 
 1.3949999999999999e+01 1.3396874391551963e-01 
 1.3960000000000001e+01 1.3075666450250417e-01 
 1.3969999999999999e+01 1.2759386428246852e-01 
 1.3980000000000000e+01 1.2448184199873075e-01 
 1.3990000000000000e+01 1.2142209639461285e-01 
 1.4000000000000000e+01 1.1841612621343456e-01 
 1.4010000000000000e+01 1.1556219165193571e-01 
 1.4020000000000000e+01 1.1295414232514392e-01 
 1.4030000000000001e+01 1.1058686110381083e-01 
 1.4039999999999999e+01 1.0845523085868970e-01 
 1.4050000000000001e+01 1.0655413446053105e-01 
 1.4059999999999999e+01 1.0487845478008831e-01 
 1.4070000000000000e+01 1.0342307468811231e-01 
 1.4080000000000000e+01 1.0218287705535593e-01 
 1.4090000000000000e+01 1.0115274475257097e-01 
 1.4100000000000000e+01 1.0032756065050948e-01 
 1.4109999999999999e+01 9.9702207619923461e-02 
 1.4120000000000001e+01 9.9271568531564963e-02 
 1.4129999999999999e+01 9.9030526256186191e-02 
 1.4140000000000001e+01 9.8973963664539019e-02 
 1.4149999999999999e+01 9.9096763627375545e-02 
 1.4160000000000000e+01 9.9393809015447906e-02 
 1.4170000000000000e+01 9.9859982699508035e-02 
 1.4180000000000000e+01 1.0049016755030801e-01 
 1.4190000000000000e+01 1.0127924643859992e-01 
 1.4199999999999999e+01 1.0222210223513577e-01 
 1.4210000000000001e+01 1.0328475879961324e-01 
 1.4219999999999999e+01 1.0443913028587132e-01 
 1.4230000000000000e+01 1.0568893500587609e-01 
 1.4240000000000000e+01 1.0703789127159218e-01 
 1.4250000000000000e+01 1.0848971739498506e-01 
 1.4260000000000000e+01 1.1004813168802000e-01 
 1.4270000000000000e+01 1.1171685246266226e-01 
 1.4280000000000001e+01 1.1349959803087742e-01 
 1.4289999999999999e+01 1.1540008670462977e-01 
 1.4300000000000001e+01 1.1742203679588592e-01 
 1.4309999999999999e+01 1.1956916661660971e-01 
 1.4320000000000000e+01 1.2184519447876790e-01 
 1.4330000000000000e+01 1.2425383869432460e-01 
 1.4340000000000000e+01 1.2679881757524547e-01 
 1.4350000000000000e+01 1.2948384943349575e-01 
 1.4359999999999999e+01 1.3231265258104072e-01 
 1.4370000000000001e+01 1.3528894532984620e-01 
 1.4379999999999999e+01 1.3841644599187578e-01 
 1.4390000000000001e+01 1.4169887287909697e-01 
 1.4399999999999999e+01 1.4513994430347268e-01 
 1.4410000000000000e+01 1.4869546433088135e-01 
 1.4420000000000000e+01 1.5231417196815825e-01 
 1.4430000000000000e+01 1.5598918793871108e-01 
 1.4440000000000000e+01 1.5971363296594693e-01 
 1.4449999999999999e+01 1.6348062777327291e-01 
 1.4460000000000001e+01 1.6728329308409678e-01 
 1.4469999999999999e+01 1.7111474962182363e-01 
 1.4480000000000000e+01 1.7496811810986326e-01 
 1.4490000000000000e+01 1.7883651927162070e-01 
 1.4500000000000000e+01 1.8271307383050372e-01 
 1.4510000000000000e+01 1.8659090250991944e-01 
 1.4520000000000000e+01 1.9046312603327495e-01 
 1.4530000000000001e+01 1.9432286512397803e-01 
 1.4539999999999999e+01 1.9816324050543371e-01 
 1.4550000000000001e+01 2.0197737290105180e-01 
 1.4559999999999999e+01 2.0575838303423671e-01 
 1.4570000000000000e+01 2.0949939162839823e-01 
 1.4580000000000000e+01 2.1319351940694142e-01 
 1.4590000000000000e+01 2.1683388709327406e-01 
 1.4600000000000000e+01 2.2041361541080323e-01 
 1.4609999999999999e+01 2.2394822231452252e-01 
 1.4620000000000001e+01 2.2745725118800286e-01 
 1.4629999999999999e+01 2.3093986089751442e-01 
 1.4640000000000001e+01 2.3439521030933166e-01 
 1.4649999999999999e+01 2.3782245828972420e-01 
 1.4660000000000000e+01 2.4122076370496651e-01 
 1.4670000000000000e+01 2.4458928542132877e-01 
 1.4680000000000000e+01 2.4792718230508365e-01 
 1.4690000000000000e+01 2.5123361322250320e-01 
 1.4699999999999999e+01 2.5450773703985941e-01 
 1.4710000000000001e+01 2.5774871262342491e-01 
 1.4719999999999999e+01 2.6095569883947001e-01 
 1.4730000000000000e+01 2.6412785455426907e-01 
 1.4740000000000000e+01 2.6726433863409238e-01 
 1.4750000000000000e+01 2.7036430994521254e-01 
 1.4760000000000000e+01 2.7342692735390156e-01 
 1.4770000000000000e+01 2.7645134972643159e-01 
 1.4780000000000001e+01 2.7943673592907503e-01 
 1.4789999999999999e+01 2.8238224482810248e-01 
 1.4800000000000001e+01 2.8528703528978794e-01 
 1.4809999999999999e+01 2.8805851677447136e-01 
 1.4820000000000000e+01 2.9060830304779817e-01 
 1.4830000000000000e+01 2.9294185943399131e-01 
 1.4840000000000000e+01 2.9506465125727549e-01 
 1.4850000000000000e+01 2.9698214384187521e-01 
 1.4859999999999999e+01 2.9869980251201478e-01 
 1.4870000000000001e+01 3.0022309259191876e-01 
 1.4879999999999999e+01 3.0155747940581079e-01 
 1.4890000000000001e+01 3.0270842827791616e-01 
 1.4899999999999999e+01 3.0368140453245840e-01 
 1.4910000000000000e+01 3.0448187349366257e-01 
 1.4920000000000000e+01 3.0511530048575258e-01 
 1.4930000000000000e+01 3.0558715083295290e-01 
 1.4940000000000000e+01 3.0590288985948794e-01 
 1.4949999999999999e+01 3.0606798288958198e-01 
 1.4960000000000001e+01 3.0608789524745944e-01 
 1.4969999999999999e+01 3.0596809225734461e-01 
 1.4980000000000000e+01 3.0571403924346191e-01 
 1.4990000000000000e+01 3.0533120153003562e-01 
 1.5000000000000000e+01 3.0482504444129022e-01 
 1.5010000000000000e+01 3.0422050540901857e-01 
 1.5020000000000000e+01 3.0353419531594489e-01 
 1.5030000000000001e+01 3.0275908966269038e-01 
 1.5039999999999999e+01 3.0188816394987666e-01 
 1.5050000000000001e+01 3.0091439367812450e-01 
 1.5059999999999999e+01 2.9983075434805578e-01 
 1.5070000000000000e+01 2.9863022146029100e-01 
 1.5080000000000000e+01 2.9730577051545215e-01 
 1.5090000000000000e+01 2.9585037701416017e-01 
 1.5100000000000000e+01 2.9425701645703645e-01 
 1.5109999999999999e+01 2.9251866434470225e-01 
 1.5120000000000001e+01 2.9062829617777841e-01 
 1.5129999999999999e+01 2.8857888745688731e-01 
 1.5140000000000001e+01 2.8636341368264878e-01 
 1.5149999999999999e+01 2.8397485035568570e-01 
 1.5160000000000000e+01 2.8140617297661757e-01 
 1.5170000000000000e+01 2.7865035704606705e-01 
 1.5180000000000000e+01 2.7570037806465497e-01 
 1.5190000000000000e+01 2.7254921153300260e-01 
 1.5199999999999999e+01 2.6918983295173121e-01 
 1.5210000000000001e+01 2.6571039041801603e-01 
 1.5219999999999999e+01 2.6220550694301681e-01 
 1.5230000000000000e+01 2.5867787039832529e-01 
 1.5240000000000000e+01 2.5513016865553745e-01 
 1.5250000000000000e+01 2.5156508958624690e-01 
 1.5260000000000000e+01 2.4798532106204782e-01 
 1.5270000000000000e+01 2.4439355095453441e-01 
 1.5280000000000001e+01 2.4079246713530023e-01 
 1.5289999999999999e+01 2.3718475747594131e-01 
 1.5300000000000001e+01 2.3357310984804938e-01 
 1.5309999999999999e+01 2.2996021212322112e-01 
 1.5320000000000000e+01 2.2634875217304820e-01 
 1.5330000000000000e+01 2.2274141786912671e-01 
 1.5340000000000000e+01 2.1914089708305018e-01 
 1.5350000000000000e+01 2.1554987768641282e-01 
 1.5359999999999999e+01 2.1197104755080881e-01 
 1.5370000000000001e+01 2.0840709454783174e-01 
 1.5379999999999999e+01 2.0486070654907762e-01 
 1.5390000000000001e+01 2.0133457142613820e-01 
 1.5399999999999999e+01 1.9783137705061013e-01 
 1.5410000000000000e+01 1.9434389899831858e-01 
 1.5420000000000000e+01 1.9086336461051107e-01 
 1.5430000000000000e+01 1.8739013940690799e-01 
 1.5440000000000000e+01 1.8392458890723035e-01 
 1.5449999999999999e+01 1.8046707863119918e-01 
 1.5460000000000001e+01 1.7701797409853490e-01 
 1.5469999999999999e+01 1.7357764082896038e-01 
 1.5480000000000000e+01 1.7014644434219423e-01 
 1.5490000000000000e+01 1.6672475015795926e-01 
 1.5500000000000000e+01 1.6331292379597592e-01 
 1.5510000000000000e+01 1.5991133077596525e-01 
 1.5520000000000000e+01 1.5652033661764825e-01 
 1.5530000000000001e+01 1.5314030684074537e-01 
 1.5539999999999999e+01 1.4977160696497943e-01 
 1.5550000000000001e+01 1.4641460251006905e-01 
 1.5559999999999999e+01 1.4306965899573770e-01 
 1.5570000000000000e+01 1.3973714194170397e-01 
 1.5580000000000000e+01 1.3641741686769068e-01 
 1.5590000000000000e+01 1.3311084929341832e-01 
 1.5600000000000000e+01 1.2981780473860782e-01 
 1.5609999999999999e+01 1.2665429771547726e-01 
 1.5620000000000001e+01 1.2373105713242516e-01 
 1.5629999999999999e+01 1.2104052010344582e-01 
 1.5640000000000001e+01 1.1857512374253003e-01 
 1.5649999999999999e+01 1.1632730516367228e-01 
 1.5660000000000000e+01 1.1428950148086368e-01 
 1.5670000000000000e+01 1.1245414980809815e-01 
 1.5680000000000000e+01 1.1081368725936798e-01 
 1.5690000000000000e+01 1.0936055094866594e-01 
 1.5699999999999999e+01 1.0808717798998474e-01 
 1.5710000000000001e+01 1.0698600549731693e-01 
 1.5719999999999999e+01 1.0604947058465580e-01 
 1.5730000000000000e+01 1.0527001036599337e-01 
 1.5740000000000000e+01 1.0464006195532288e-01 
 1.5750000000000000e+01 1.0415206246663687e-01 
 1.5760000000000000e+01 1.0379844901392807e-01 
 1.5770000000000000e+01 1.0357165871118922e-01 
 1.5780000000000001e+01 1.0346412867241303e-01 
 1.5789999999999999e+01 1.0346829601159227e-01 
 1.5800000000000001e+01 1.0357659784271966e-01 
 1.5809999999999999e+01 1.0378076169875171e-01 
 1.5820000000000000e+01 1.0408268129483579e-01 
 1.5830000000000000e+01 1.0449004301825048e-01 
 1.5840000000000000e+01 1.0501053325627449e-01 
 1.5850000000000000e+01 1.0565183839618657e-01 
 1.5859999999999999e+01 1.0642164482526539e-01 
 1.5870000000000001e+01 1.0732763893078984e-01 
 1.5879999999999999e+01 1.0837750710003810e-01 
 1.5890000000000001e+01 1.0957893572028962e-01 
 1.5900000000000000e+01 1.1093961117882249e-01 
 1.5910000000000000e+01 1.1246721986291563e-01 
 1.5920000000000000e+01 1.1416944815984774e-01 
 1.5930000000000000e+01 1.1605398245689752e-01 
 1.5940000000000000e+01 1.1812850914134365e-01 
 1.5949999999999999e+01 1.2040071460046486e-01 
 1.5960000000000001e+01 1.2287828522154032e-01 
 1.5969999999999999e+01 1.2556890739184731e-01 
 1.5980000000000000e+01 1.2848026749866648e-01 
 1.5990000000000000e+01 1.3162005192927506e-01 
 1.6000000000000000e+01 1.3499594707095219e-01 
 1.6009999999999998e+01 1.3850321313790673e-01 
 1.6020000000000000e+01 1.4203058936682111e-01 
 1.6030000000000001e+01 1.4557598067867941e-01 
 1.6039999999999999e+01 1.4913729199446579e-01 
 1.6050000000000001e+01 1.5271242823516812e-01 
 1.6059999999999999e+01 1.5629929432176920e-01 
 1.6070000000000000e+01 1.5989579517525701e-01 
 1.6079999999999998e+01 1.6349983571661431e-01 
 1.6090000000000000e+01 1.6710932086682906e-01 
 1.6100000000000001e+01 1.7072215554688533e-01 
 1.6109999999999999e+01 1.7433624467776720e-01 
 1.6120000000000001e+01 1.7794949318046263e-01 
 1.6129999999999999e+01 1.8155980597595442e-01 
 1.6140000000000001e+01 1.8516508798523046e-01 
 1.6149999999999999e+01 1.8876324412927362e-01 
 1.6160000000000000e+01 1.9235217932907178e-01 
 1.6170000000000002e+01 1.9592979850560904e-01 
 1.6180000000000000e+01 1.9949400657986949e-01 
 1.6190000000000001e+01 2.0304270847284106e-01 
 1.6199999999999999e+01 2.0657380910550660e-01 
 1.6210000000000001e+01 2.1009312939071281e-01 
 1.6219999999999999e+01 2.1360767195240973e-01 
 1.6230000000000000e+01 2.1711711427824765e-01 
 1.6239999999999998e+01 2.2062113385587195e-01 
 1.6250000000000000e+01 2.2411940817293294e-01 
 1.6259999999999998e+01 2.2761161471707592e-01 
 1.6270000000000000e+01 2.3109743097595126e-01 
 1.6280000000000001e+01 2.3457653443720547e-01 
 1.6289999999999999e+01 2.3804860258848520e-01 
 1.6300000000000001e+01 2.4151331291744074e-01 
 1.6309999999999999e+01 2.4497034291171743e-01 
 1.6320000000000000e+01 2.4841937005896558e-01 
 1.6329999999999998e+01 2.5186007184683057e-01 
 1.6340000000000000e+01 2.5529212576296262e-01 
 1.6350000000000001e+01 2.5871520929500835e-01 
 1.6359999999999999e+01 2.6212899993061445e-01 
 1.6370000000000001e+01 2.6553317515743108e-01 
 1.6379999999999999e+01 2.6892741246310370e-01 
 1.6390000000000001e+01 2.7231138933528254e-01 
 1.6399999999999999e+01 2.7568478326161300e-01 
 1.6410000000000000e+01 2.7891757355634911e-01 
 1.6420000000000002e+01 2.8188497194070383e-01 
 1.6430000000000000e+01 2.8459450451276797e-01 
 1.6440000000000001e+01 2.8705369737063513e-01 
 1.6449999999999999e+01 2.8927007661239534e-01 
 1.6460000000000001e+01 2.9125116833614195e-01 
 1.6469999999999999e+01 2.9300449863996519e-01 
 1.6480000000000000e+01 2.9453759362195814e-01 
 1.6489999999999998e+01 2.9585797938021141e-01 
 1.6500000000000000e+01 2.9697318201281764e-01 
 1.6509999999999998e+01 2.9789072761786783e-01 
 1.6520000000000000e+01 2.9861814229345429e-01 
 1.6530000000000001e+01 2.9916295213766847e-01 
 1.6539999999999999e+01 2.9953268324860199e-01 
 1.6550000000000001e+01 2.9973486172434682e-01 
 1.6559999999999999e+01 2.9977701366299464e-01 
 1.6570000000000000e+01 2.9966666516263707e-01 
 1.6579999999999998e+01 2.9941134232136607e-01 
 1.6590000000000000e+01 2.9901857123727310e-01 
 1.6600000000000001e+01 2.9849587800845001e-01 
 1.6609999999999999e+01 2.9784787540607693e-01 
 1.6620000000000001e+01 2.9707252571521153e-01 
 1.6629999999999999e+01 2.9616737930476372e-01 
 1.6640000000000001e+01 2.9512998654364192e-01 
 1.6649999999999999e+01 2.9395789780075621e-01 
 1.6660000000000000e+01 2.9264866344501489e-01 
 1.6670000000000002e+01 2.9119983384532755e-01 
 1.6680000000000000e+01 2.8960895937060405e-01 
 1.6690000000000001e+01 2.8787359038975247e-01 
 1.6699999999999999e+01 2.8599127727168328e-01 
 1.6710000000000001e+01 2.8395957038530423e-01 
 1.6719999999999999e+01 2.8177602009952613e-01 
 1.6730000000000000e+01 2.7943817678325661e-01 
 1.6739999999999998e+01 2.7694359080540648e-01 
 1.6750000000000000e+01 2.7428981253488322e-01 
 1.6759999999999998e+01 2.7147439234059795e-01 
 1.6770000000000000e+01 2.6849488059145782e-01 
 1.6780000000000001e+01 2.6534882765637313e-01 
 1.6789999999999999e+01 2.6203378390425419e-01 
 1.6800000000000001e+01 2.5854729970400792e-01 
 1.6809999999999999e+01 2.5493084872741922e-01 
 1.6820000000000000e+01 2.5123332343044530e-01 
 1.6829999999999998e+01 2.4746340235826375e-01 
 1.6840000000000000e+01 2.4362976405604700e-01 
 1.6850000000000001e+01 2.3974108706897140e-01 
 1.6859999999999999e+01 2.3580604994221341e-01 
 1.6870000000000001e+01 2.3183333122094529e-01 
 1.6879999999999999e+01 2.2783160945034492e-01 
 1.6890000000000001e+01 2.2380956317558448e-01 
 1.6899999999999999e+01 2.1977587094184187e-01 
 1.6910000000000000e+01 2.1573921129428930e-01 
 1.6920000000000002e+01 2.1170826277810326e-01 
 1.6930000000000000e+01 2.0769170393846018e-01 
 1.6940000000000001e+01 2.0369821332053228e-01 
 1.6949999999999999e+01 1.9973646946949747e-01 
 1.6960000000000001e+01 1.9581515093052795e-01 
 1.6969999999999999e+01 1.9194293624880154e-01 
 1.6980000000000000e+01 1.8812850396949060e-01 
 1.6989999999999998e+01 1.8438053263777282e-01 
 1.7000000000000000e+01 1.8070770079882059e-01 
 1.7009999999999998e+01 1.7708921761485594e-01 
 1.7020000000000000e+01 1.7349953722270162e-01 
 1.7030000000000001e+01 1.6994020562944287e-01 
 1.7039999999999999e+01 1.6641276884216491e-01 
 1.7050000000000001e+01 1.6291877286794926e-01 
 1.7059999999999999e+01 1.5945976371388232e-01 
 1.7070000000000000e+01 1.5603728738704561e-01 
 1.7079999999999998e+01 1.5265288989452558e-01 
 1.7090000000000000e+01 1.4930811724340379e-01 
 1.7100000000000001e+01 1.4600451544076540e-01 
 1.7109999999999999e+01 1.4274363049369554e-01 
 1.7120000000000001e+01 1.3952700840927587e-01 
 1.7129999999999999e+01 1.3635619519459266e-01 
 1.7140000000000001e+01 1.3323273685672765e-01 
 1.7149999999999999e+01 1.3015817940276697e-01 
 1.7160000000000000e+01 1.2713406883979250e-01 
 1.7170000000000002e+01 1.2416195117488923e-01 
 1.7180000000000000e+01 1.2124337241514221e-01 
 1.7190000000000001e+01 1.1837987856763336e-01 
 1.7199999999999999e+01 1.1557301563944866e-01 
 1.7210000000000001e+01 1.1291942138396779e-01 
 1.7219999999999999e+01 1.1051232180236183e-01 
 1.7230000000000000e+01 1.0834814527339436e-01 
 1.7239999999999998e+01 1.0642332017583221e-01 
 1.7250000000000000e+01 1.0473427488843934e-01 
 1.7259999999999998e+01 1.0327743778998222e-01 
 1.7270000000000000e+01 1.0204923725922513e-01 
 1.7280000000000001e+01 1.0104610167493393e-01 
 1.7289999999999999e+01 1.0026445941587417e-01 
 1.7300000000000001e+01 9.9700738860810573e-02 
 1.7309999999999999e+01 9.9351368388508846e-02 
 1.7320000000000000e+01 9.9212776377734055e-02 
 1.7329999999999998e+01 9.9281391207251588e-02 
 1.7340000000000000e+01 9.9553641255826802e-02 
 1.7350000000000001e+01 1.0002595490222500e-01 
 1.7359999999999999e+01 1.0069476052521123e-01 
 1.7370000000000001e+01 1.0155648650355123e-01 
 1.7379999999999999e+01 1.0260756121600974e-01 
 1.7390000000000001e+01 1.0384441304135276e-01 
 1.7399999999999999e+01 1.0526347035834474e-01 
 1.7410000000000000e+01 1.0682192328182555e-01 
 1.7420000000000002e+01 1.0847922019860934e-01 
 1.7430000000000000e+01 1.1023517689542447e-01 
 1.7440000000000001e+01 1.1208960915900119e-01 
 1.7449999999999999e+01 1.1404233277606719e-01 
 1.7460000000000001e+01 1.1609316353335285e-01 
 1.7469999999999999e+01 1.1824191721758572e-01 
 1.7480000000000000e+01 1.2048840961549630e-01 
 1.7489999999999998e+01 1.2283245651381203e-01 
 1.7500000000000000e+01 1.2527387369926357e-01 
 1.7509999999999998e+01 1.2781247695857817e-01 
 1.7520000000000000e+01 1.3044808207848665e-01 
 1.7530000000000001e+01 1.3318050484571711e-01 
 1.7539999999999999e+01 1.3600956104699755e-01 
 1.7550000000000001e+01 1.3893506646905895e-01 
 1.7559999999999999e+01 1.4195683689862826e-01 
 1.7570000000000000e+01 1.4507468812243665e-01 
 1.7579999999999998e+01 1.4828843592721086e-01 
 1.7590000000000000e+01 1.5159789609968216e-01 
 1.7600000000000001e+01 1.5500288442657850e-01 
 1.7609999999999999e+01 1.5850785052418692e-01 
 1.7620000000000001e+01 1.6211013594110860e-01 
 1.7629999999999999e+01 1.6579889436253545e-01 
 1.7640000000000001e+01 1.6956327947366451e-01 
 1.7649999999999999e+01 1.7339244495968761e-01 
 1.7660000000000000e+01 1.7727554450580191e-01 
 1.7670000000000002e+01 1.8120173179720050e-01 
 1.7680000000000000e+01 1.8516016051907647e-01 
 1.7690000000000001e+01 1.8913998435662704e-01 
 1.7699999999999999e+01 1.9313035699504386e-01 
 1.7710000000000001e+01 1.9712043211952421e-01 
 1.7719999999999999e+01 2.0109936341525972e-01 
 1.7730000000000000e+01 2.0505630456744769e-01 
 1.7739999999999998e+01 2.0898040926127975e-01 
 1.7750000000000000e+01 2.1286083118195318e-01 
 1.7759999999999998e+01 2.1668672401465963e-01 
 1.7770000000000000e+01 2.2044724144459632e-01 
 1.7780000000000001e+01 2.2413153715695633e-01 
 1.7789999999999999e+01 2.2772876483693283e-01 
 1.7800000000000001e+01 2.3122807816972279e-01 
 1.7809999999999999e+01 2.3464070483503968e-01 
 1.7820000000000000e+01 2.3798438761312782e-01 
 1.7829999999999998e+01 2.4125805283996843e-01 
 1.7840000000000000e+01 2.4446062685154743e-01 
 1.7850000000000001e+01 2.4759103598384719e-01 
 1.7859999999999999e+01 2.5064820657285020e-01 
 1.7870000000000001e+01 2.5363106495454224e-01 
 1.7879999999999999e+01 2.5653853746490479e-01 
 1.7890000000000001e+01 2.5936955043992344e-01 
 1.7899999999999999e+01 2.6212303021557981e-01 
 1.7910000000000000e+01 2.6479790312785939e-01 
 1.7920000000000002e+01 2.6739309551274482e-01 
 1.7930000000000000e+01 2.6990753370621873e-01 
 1.7940000000000001e+01 2.7234014404426649e-01 
 1.7949999999999999e+01 2.7468985286287001e-01 
 1.7960000000000001e+01 2.7695558649801449e-01 
 1.7969999999999999e+01 2.7913627128568191e-01 
 1.7980000000000000e+01 2.8123083356185741e-01 
 1.7989999999999998e+01 2.8323819966252306e-01 
 1.8000000000000000e+01 2.8515729592366390e-01 
 1.8010000000000002e+01 2.8693845422650055e-01 
 1.8020000000000000e+01 2.8853235392450444e-01 
 1.8030000000000001e+01 2.8993844256203594e-01 
 1.8039999999999999e+01 2.9115616768345326e-01 
 1.8050000000000001e+01 2.9218497683311656e-01 
 1.8059999999999999e+01 2.9302431755538438e-01 
 1.8070000000000000e+01 2.9367363739461660e-01 
 1.8079999999999998e+01 2.9413238389517193e-01 
 1.8090000000000000e+01 2.9440000460141008e-01 
 1.8100000000000001e+01 2.9447594705768998e-01 
 1.8109999999999999e+01 2.9435965880837106e-01 
 1.8120000000000001e+01 2.9405058739781242e-01 
 1.8129999999999999e+01 2.9354818037037361e-01 
 1.8140000000000001e+01 2.9285188527041350e-01 
 1.8149999999999999e+01 2.9196114964229186e-01 
 1.8160000000000000e+01 2.9087542103036734e-01 
 1.8170000000000002e+01 2.8959414697899938e-01 
 1.8180000000000000e+01 2.8811677503254790e-01 
 1.8190000000000001e+01 2.8644275273537106e-01 
 1.8199999999999999e+01 2.8457152763182936e-01 
 1.8210000000000001e+01 2.8256811758048817e-01 
 1.8219999999999999e+01 2.8049818451720576e-01 
 1.8230000000000000e+01 2.7836214210227528e-01 
 1.8239999999999998e+01 2.7616040399599290e-01 
 1.8250000000000000e+01 2.7389338385865147e-01 
 1.8260000000000002e+01 2.7156149535054647e-01 
 1.8270000000000000e+01 2.6916515213197328e-01 
 1.8280000000000001e+01 2.6670476786322472e-01 
 1.8289999999999999e+01 2.6418075620459724e-01 
 1.8300000000000001e+01 2.6159353081638353e-01 
 1.8309999999999999e+01 2.5894350535888006e-01 
 1.8320000000000000e+01 2.5623109349237944e-01 
 1.8329999999999998e+01 2.5345670887717819e-01 
 1.8340000000000000e+01 2.5062076517356902e-01 
 1.8350000000000001e+01 2.4772367604184736e-01 
 1.8359999999999999e+01 2.4476585514230892e-01 
 1.8370000000000001e+01 2.4174771613524609e-01 
 1.8379999999999999e+01 2.3866967268095568e-01 
 1.8390000000000001e+01 2.3553213843973003e-01 
 1.8399999999999999e+01 2.3233552707186594e-01 
 1.8410000000000000e+01 2.2906630965597610e-01 
 1.8420000000000002e+01 2.2571675438822680e-01 
 1.8430000000000000e+01 2.2229597060523920e-01 
 1.8440000000000001e+01 2.1881306764363082e-01 
 1.8449999999999999e+01 2.1527715484002402e-01 
 1.8460000000000001e+01 2.1169734153103623e-01 
 1.8469999999999999e+01 2.0808273705328995e-01 
 1.8480000000000000e+01 2.0444245074340248e-01 
 1.8489999999999998e+01 2.0078559193799639e-01 
 1.8500000000000000e+01 1.9712126997368901e-01 
 1.8510000000000002e+01 1.9345859418710151e-01 
 1.8520000000000000e+01 1.8980667391485517e-01 
 1.8530000000000001e+01 1.8617461849356731e-01 
 1.8539999999999999e+01 1.8257153725986042e-01 
 1.8550000000000001e+01 1.7900653955035190e-01 
 1.8559999999999999e+01 1.7548873470166421e-01 
 1.8570000000000000e+01 1.7202723205041476e-01 
 1.8579999999999998e+01 1.6863114093322590e-01 
 1.8590000000000000e+01 1.6530957068671520e-01 
 1.8600000000000001e+01 1.6207163064750385e-01 
 1.8609999999999999e+01 1.5892383713001296e-01 
 1.8620000000000001e+01 1.5586643862014207e-01 
 1.8629999999999999e+01 1.5289914271173577e-01 
 1.8640000000000001e+01 1.5002165699863429e-01 
 1.8649999999999999e+01 1.4723368907468207e-01 
 1.8660000000000000e+01 1.4453494653371951e-01 
 1.8670000000000002e+01 1.4192513696959000e-01 
 1.8680000000000000e+01 1.3940396797613680e-01 
 1.8690000000000001e+01 1.3697114714720054e-01 
 1.8699999999999999e+01 1.3462638207662528e-01 
 1.8710000000000001e+01 1.3236938035825177e-01 
 1.8719999999999999e+01 1.3019984958592395e-01 
 1.8730000000000000e+01 1.2811749735348274e-01 
 1.8739999999999998e+01 1.2612203125477195e-01 
 1.8750000000000000e+01 1.2421315888363252e-01 
 1.8760000000000002e+01 1.2239058783390762e-01 
 1.8770000000000000e+01 1.2065402569944020e-01 
 1.8780000000000001e+01 1.1900318007407140e-01 
 1.8789999999999999e+01 1.1743775855164482e-01 
 1.8800000000000001e+01 1.1595746872600166e-01 
 1.8809999999999999e+01 1.1459553234740598e-01 
 1.8820000000000000e+01 1.1338655775512491e-01 
 1.8829999999999998e+01 1.1233233242650936e-01 
 1.8840000000000000e+01 1.1143464383890871e-01 
 1.8850000000000001e+01 1.1069527946967339e-01 
 1.8859999999999999e+01 1.1011602679615368e-01 
 1.8870000000000001e+01 1.0969867329569925e-01 
 1.8879999999999999e+01 1.0944500644566048e-01 
 1.8890000000000001e+01 1.0935681372338725e-01 
 1.8899999999999999e+01 1.0943588260622972e-01 
 1.8910000000000000e+01 1.0968400057153800e-01 
 1.8920000000000002e+01 1.1010295509666219e-01 
 1.8930000000000000e+01 1.1069453365895214e-01 
 1.8940000000000001e+01 1.1146052373575832e-01 
 1.8949999999999999e+01 1.1240271280443029e-01 
 1.8960000000000001e+01 1.1352288834231877e-01 
 1.8969999999999999e+01 1.1482283782677308e-01 
 1.8980000000000000e+01 1.1630434873514420e-01 
 1.8989999999999998e+01 1.1796920854478114e-01 
 1.9000000000000000e+01 1.1981920473303520e-01 
 1.9010000000000002e+01 1.2178965073848499e-01 
 1.9020000000000000e+01 1.2381438714535874e-01 
 1.9030000000000001e+01 1.2589299214948252e-01 
 1.9039999999999999e+01 1.2802504394667952e-01 
 1.9050000000000001e+01 1.3021012073277588e-01 
 1.9059999999999999e+01 1.3244780070359471e-01 
 1.9070000000000000e+01 1.3473766205496229e-01 
 1.9079999999999998e+01 1.3707928298270161e-01 
 1.9090000000000000e+01 1.3947224168263900e-01 
 1.9100000000000001e+01 1.4191611635059825e-01 
 1.9109999999999999e+01 1.4441048518240321e-01 
 1.9120000000000001e+01 1.4695492637388022e-01 
 1.9129999999999999e+01 1.4954901812085217e-01 
 1.9140000000000001e+01 1.5219233861914555e-01 
 1.9149999999999999e+01 1.5488446606458312e-01 
 1.9160000000000000e+01 1.5762497865299147e-01 
 1.9170000000000002e+01 1.6041345458019426e-01 
 1.9180000000000000e+01 1.6324947204201520e-01 
 1.9190000000000001e+01 1.6613260923428089e-01 
 1.9199999999999999e+01 1.6906244435281398e-01 
 1.9210000000000001e+01 1.7205297556655555e-01 
 1.9219999999999999e+01 1.7511322336784826e-01 
 1.9230000000000000e+01 1.7823529943762756e-01 
 1.9239999999999998e+01 1.8141131545682446e-01 
 1.9250000000000000e+01 1.8463338310637450e-01 
 1.9260000000000002e+01 1.8789361406720984e-01 
 1.9270000000000000e+01 1.9118412002026255e-01 
 1.9280000000000001e+01 1.9449701264646821e-01 
 1.9289999999999999e+01 1.9782440362675777e-01 
 1.9300000000000001e+01 2.0115840464206683e-01 
 1.9309999999999999e+01 2.0449112737332628e-01 
 1.9320000000000000e+01 2.0781468350147175e-01 
 1.9329999999999998e+01 2.1112118470743418e-01 
 1.9340000000000000e+01 2.1440274267214915e-01 
 1.9350000000000001e+01 2.1765146907654875e-01 
 1.9359999999999999e+01 2.2085947560156510e-01 
 1.9370000000000001e+01 2.2401887392813377e-01 
 1.9379999999999999e+01 2.2712177573718573e-01 
 1.9390000000000001e+01 2.3016029270965649e-01 
 1.9399999999999999e+01 2.3312653652647713e-01 
 1.9410000000000000e+01 2.3600693931669944e-01 
 1.9420000000000002e+01 2.3879383282228681e-01 
 1.9430000000000000e+01 2.4148817814354381e-01 
 1.9440000000000001e+01 2.4409093638077786e-01 
 1.9449999999999999e+01 2.4660306863429265e-01 
 1.9460000000000001e+01 2.4902553600439548e-01 
 1.9469999999999999e+01 2.5135929959139008e-01 
 1.9480000000000000e+01 2.5360532049558371e-01 
 1.9489999999999998e+01 2.5576455981728025e-01 
 1.9500000000000000e+01 2.5783797865678670e-01 
 1.9510000000000002e+01 2.5982653811440787e-01 
 1.9520000000000000e+01 2.6173119929044852e-01 
 1.9530000000000001e+01 2.6355292328521562e-01 
 1.9539999999999999e+01 2.6529267119901334e-01 
 1.9550000000000001e+01 2.6695140413214846e-01 
 1.9559999999999999e+01 2.6853008318492522e-01 
 1.9570000000000000e+01 2.7002966945765033e-01 
 1.9579999999999998e+01 2.7145112405062827e-01 
 1.9590000000000000e+01 2.7279540806416552e-01 
 1.9600000000000001e+01 2.7406348259856705e-01 
 1.9609999999999999e+01 2.7522305843528078e-01 
 1.9620000000000001e+01 2.7623977471168737e-01 
 1.9629999999999999e+01 2.7711148506198902e-01 
 1.9640000000000001e+01 2.7783604312038912e-01 
 1.9649999999999999e+01 2.7841130252109014e-01 
 1.9660000000000000e+01 2.7883511689829532e-01 
 1.9670000000000002e+01 2.7910533988620728e-01 
 1.9680000000000000e+01 2.7921982511902887e-01 
 1.9690000000000001e+01 2.7917642623096312e-01 
 1.9699999999999999e+01 2.7897299685621285e-01 
 1.9710000000000001e+01 2.7860739062898088e-01 
 1.9719999999999999e+01 2.7807746118347026e-01 
 1.9730000000000000e+01 2.7738106215388353e-01 
 1.9739999999999998e+01 2.7651604717442402e-01 
 1.9750000000000000e+01 2.7548026987929408e-01 
 1.9760000000000002e+01 2.7427158390269679e-01 
 1.9770000000000000e+01 2.7288784287883550e-01 
 1.9780000000000001e+01 2.7132690044191221e-01 
 1.9789999999999999e+01 2.6958661022613084e-01 
 1.9800000000000001e+01 2.6766482586569307e-01 
 1.9809999999999999e+01 2.6562371486663389e-01 
 1.9820000000000000e+01 2.6352745740479805e-01 
 1.9829999999999998e+01 2.6137692611910868e-01 
 1.9840000000000000e+01 2.5917299364848578e-01 
 1.9850000000000001e+01 2.5691653263185177e-01 
 1.9859999999999999e+01 2.5460841570812898e-01 
 1.9870000000000001e+01 2.5224951551623742e-01 
 1.9879999999999999e+01 2.4984070469510036e-01 
 1.9890000000000001e+01 2.4738285588363765e-01 
 1.9899999999999999e+01 2.4487684172077262e-01 
 1.9910000000000000e+01 2.4232353484542510e-01 
 1.9920000000000002e+01 2.3972380789651757e-01 
 1.9930000000000000e+01 2.3707853351297253e-01 
 1.9940000000000001e+01 2.3438858433370974e-01 
 1.9949999999999999e+01 2.3165483299765266e-01 
 1.9960000000000001e+01 2.2887815214372093e-01 
 1.9969999999999999e+01 2.2605941441083816e-01 
 1.9980000000000000e+01 2.2319949243792392e-01 
 1.9989999999999998e+01 2.2029925886390181e-01 
 2.0000000000000000e+01 2.1735958632769137e-01 
 