0.0000000000000000e+00 -1.0003161013061104e+00 
 1.0000000000000000e-02 -9.6641879505907280e-01 
 2.0000000000000000e-02 -9.3144462844603160e-01 
 2.9999999999999999e-02 -8.9546245298510307e-01 
 4.0000000000000001e-02 -8.5854112019440409e-01 
 5.0000000000000003e-02 -8.2074948159205108e-01 
 5.9999999999999998e-02 -7.8215638869616066e-01 
 7.0000000000000007e-02 -7.4283069302484939e-01 
 8.0000000000000002e-02 -7.0284124609623400e-01 
 8.9999999999999997e-02 -6.6225689942843102e-01 
 1.0000000000000001e-01 -6.2114650453955689e-01 
 1.1000000000000000e-01 -5.7957891294772845e-01 
 1.2000000000000000e-01 -5.3762297617106203e-01 
 1.3000000000000000e-01 -4.9534754572767448e-01 
 1.4000000000000001e-01 -4.5282147313568222e-01 
 1.4999999999999999e-01 -4.1011360991320212e-01 
 1.6000000000000000e-01 -3.6729280757835026e-01 
 1.7000000000000001e-01 -3.2442791764924361e-01 
 1.7999999999999999e-01 -2.8158779164399883e-01 
 1.9000000000000000e-01 -2.3884128108073210e-01 
 2.0000000000000001e-01 -1.9625723747756041e-01 
 2.0999999999999999e-01 -1.5165458698403650e-01 
 2.2000000000000000e-01 -1.0313265682908322e-01 
 2.3000000000000001e-01 -5.1180900149872921e-02 
 2.3999999999999999e-01 3.7112299164221429e-03 
 2.5000000000000000e-01 6.1054280232630098e-02 
 2.6000000000000001e-01 1.2035879766157870e-01 
 2.7000000000000002e-01 1.8113532906609570e-01 
 2.8000000000000003e-01 2.4289442130900901e-01 
 2.8999999999999998e-01 3.0514662125314618e-01 
 2.9999999999999999e-01 3.6740247576133567e-01 
 3.1000000000000000e-01 4.2917253169640512e-01 
 3.2000000000000001e-01 4.8996733592118213e-01 
 3.3000000000000002e-01 5.4929743529849473e-01 
 3.4000000000000002e-01 6.0667337669117083e-01 
 3.5000000000000003e-01 6.6160570696203813e-01 
 3.5999999999999999e-01 7.1360497297392433e-01 
 3.7000000000000000e-01 7.6218172158965769e-01 
 3.8000000000000000e-01 8.0684649967206590e-01 
 3.9000000000000001e-01 8.4710985408397677e-01 
 4.0000000000000002e-01 8.8248233168821832e-01 
 4.1000000000000003e-01 9.1143802857801060e-01 
 4.1999999999999998e-01 9.3307449249756047e-01 
 4.2999999999999999e-01 9.4783744778617551e-01 
 4.4000000000000000e-01 9.5617261878316284e-01 
 4.5000000000000001e-01 9.5852572982783013e-01 
 4.6000000000000002e-01 9.5534250525948450e-01 
 4.7000000000000003e-01 9.4706866941743351e-01 
 4.7999999999999998e-01 9.3414994664098461e-01 
 4.8999999999999999e-01 9.1703206126944492e-01 
 5.0000000000000000e-01 8.9616073764212201e-01 
 5.1000000000000001e-01 8.7198170009832321e-01 
 5.2000000000000002e-01 8.4494067297735587e-01 
 5.3000000000000003e-01 8.1548338061852754e-01 
 5.4000000000000004e-01 7.8405554736114547e-01 
 5.5000000000000004e-01 7.5110289754451698e-01 
 5.6000000000000005e-01 7.1707115550794953e-01 
 5.7000000000000006e-01 6.8240604559075058e-01 
 5.7999999999999996e-01 6.4755329213222790e-01 
 5.8999999999999997e-01 6.1295861947168806e-01 
 5.9999999999999998e-01 5.7906775194843874e-01 
 6.0999999999999999e-01 5.4333073187361314e-01 
 6.2000000000000000e-01 5.0325897010616050e-01 
 6.3000000000000000e-01 4.5939024380711252e-01 
 6.4000000000000001e-01 4.1226233013750113e-01 
 6.5000000000000002e-01 3.6241300625835815e-01 
 6.6000000000000003e-01 3.1038004933071545e-01 
 6.7000000000000004e-01 2.5670123651560478e-01 
 6.8000000000000005e-01 2.0191434497405808e-01 
 6.9000000000000006e-01 1.4655715186710710e-01 
 7.0000000000000007e-01 9.1167434355783616e-02 
 7.0999999999999996e-01 3.6282969601120096e-02 
 7.1999999999999997e-01 -1.7558465235852805e-02 
 7.2999999999999998e-01 -6.9819092994102605e-02 
 7.3999999999999999e-01 -1.1996113651259765e-01 
 7.5000000000000000e-01 -1.6744681863030586e-01 
 7.6000000000000001e-01 -2.1173836218619568e-01 
 7.7000000000000002e-01 -2.5229799001923492e-01 
 7.8000000000000003e-01 -2.8858792496839225e-01 
 7.9000000000000004e-01 -3.2007038987263559e-01 
 8.0000000000000004e-01 -3.4620760757093261e-01 
 8.1000000000000005e-01 -3.6800186295247717e-01 
 8.2000000000000006e-01 -3.8685575825432700e-01 
 8.3000000000000007e-01 -4.0283199233724770e-01 
 8.3999999999999997e-01 -4.1599326406200476e-01 
 8.4999999999999998e-01 -4.2640227228936400e-01 
 8.5999999999999999e-01 -4.3412171588009096e-01 
 8.7000000000000000e-01 -4.3921429369495113e-01 
 8.8000000000000000e-01 -4.4174270459471016e-01 
 8.9000000000000001e-01 -4.4176964744013369e-01 
 9.0000000000000002e-01 -4.3935782109198718e-01 
 9.1000000000000003e-01 -4.3456992441103637e-01 
 9.2000000000000004e-01 -4.2746865625804681e-01 
 9.3000000000000005e-01 -4.1811671549378415e-01 
 9.4000000000000006e-01 -4.0657680097901383e-01 
 9.5000000000000007e-01 -3.9291161157450161e-01 
 9.5999999999999996e-01 -3.7718384614101325e-01 
 9.6999999999999997e-01 -3.5945620353931390e-01 
 9.7999999999999998e-01 -3.3979138263016939e-01 
 9.8999999999999999e-01 -3.1825208227434537e-01 
 1.0000000000000000e+00 -2.9490100133260744e-01 
 1.0100000000000000e+00 -2.6860173376241753e-01 
 1.0200000000000000e+00 -2.3847033837095635e-01 
 1.0300000000000000e+00 -2.0494821129356736e-01 
 1.0400000000000000e+00 -1.6847674866559395e-01 
 1.0500000000000000e+00 -1.2949734662237961e-01 
 1.0600000000000001e+00 -8.8451401299267762e-02 
 1.0700000000000001e+00 -4.5780308831601862e-02 
 1.0800000000000001e+00 -1.9254653547253198e-03 
 1.0900000000000001e+00 4.2671732996018452e-02 
 1.1000000000000001e+00 8.7569890085285929e-02 
 1.1100000000000001e+00 1.3232760977773372e-01 
 1.1200000000000001e+00 1.7650349593801834e-01 
 1.1300000000000001e+00 2.1965615243079650e-01 
 1.1400000000000001e+00 2.6134418312072449e-01 
 1.1500000000000001e+00 3.0112619187245915e-01 
 1.1599999999999999e+00 3.3856078255065603e-01 
 1.1699999999999999e+00 3.7320655901997346e-01 
 1.1799999999999999e+00 4.0462212514506712e-01 
 1.1899999999999999e+00 4.3236608479059369e-01 
 1.2000000000000000e+00 4.5599704182120948e-01 
 1.2100000000000000e+00 4.7701918531294429e-01 
 1.2200000000000000e+00 4.9717026702761857e-01 
 1.2300000000000000e+00 5.1635923485857316e-01 
 1.2400000000000000e+00 5.3449503669914922e-01 
 1.2500000000000000e+00 5.5148662044268792e-01 
 1.2600000000000000e+00 5.6724293398253056e-01 
 1.2700000000000000e+00 5.8167292521201808e-01 
 1.2800000000000000e+00 5.9468554202449186e-01 
 1.2900000000000000e+00 6.0618973231329298e-01 
 1.3000000000000000e+00 6.1609444397176272e-01 
 1.3100000000000001e+00 6.2430862489324201e-01 
 1.3200000000000001e+00 6.3074122297107227e-01 
 1.3300000000000001e+00 6.3530118609859454e-01 
 1.3400000000000001e+00 6.3789746216915011e-01 
 1.3500000000000001e+00 6.3843899907607993e-01 
 1.3600000000000001e+00 6.3683474471272539e-01 
 1.3700000000000001e+00 6.3299364697242766e-01 
 1.3800000000000001e+00 6.2682465374852769e-01 
 1.3900000000000001e+00 6.1823671293436699e-01 
 1.4000000000000001e+00 6.0713877242328640e-01 
 1.4099999999999999e+00 5.9331276924313536e-01 
 1.4199999999999999e+00 5.7679810388952113e-01 
 1.4299999999999999e+00 5.5788991945742339e-01 
 1.4399999999999999e+00 5.3688335904182194e-01 
 1.4500000000000000e+00 5.1407356573769636e-01 
 1.4600000000000000e+00 4.8975568264002611e-01 
 1.4700000000000000e+00 4.6422485284379089e-01 
 1.4800000000000000e+00 4.3777621944397027e-01 
 1.4900000000000000e+00 4.1070492553554372e-01 
 1.5000000000000000e+00 3.8330611421349103e-01 
 1.5100000000000000e+00 3.5587492857279174e-01 
 1.5200000000000000e+00 3.2870651170842530e-01 
 1.5300000000000000e+00 3.0209600671537151e-01 
 1.5400000000000000e+00 2.7633855668860979e-01 
 1.5500000000000000e+00 2.5172930472311988e-01 
 1.5600000000000001e+00 2.2856339391388125e-01 
 1.5700000000000001e+00 2.0713596735587353e-01 
 1.5800000000000001e+00 1.8774216814407629e-01 
 1.5900000000000001e+00 1.7067713937346912e-01 
 1.6000000000000001e+00 1.5623602413903193e-01 
 1.6100000000000001e+00 1.4324066342425443e-01 
 1.6200000000000001e+00 1.3036939343619375e-01 
 1.6300000000000001e+00 1.1770210010517952e-01 
 1.6400000000000001e+00 1.0531866936154138e-01 
 1.6500000000000001e+00 9.3298987135608982e-02 
 1.6600000000000001e+00 8.1722939357711924e-02 
 1.6699999999999999e+00 7.0670411958180135e-02 
 1.6799999999999999e+00 6.0221290867342708e-02 
 1.6899999999999999e+00 5.0455462015529584e-02 
 1.7000000000000000e+00 4.1452811333070369e-02 
 1.7100000000000000e+00 3.3293224750294698e-02 
 1.7200000000000000e+00 2.6056588197532232e-02 
 1.7300000000000000e+00 1.9822787605112580e-02 
 1.7400000000000000e+00 1.4671708903365416e-02 
 1.7500000000000000e+00 1.0683238022620334e-02 
 1.7600000000000000e+00 7.9372608932070099e-03 
 1.7700000000000000e+00 6.5136634454550646e-03 
 1.7800000000000000e+00 6.4923316096941186e-03 
 1.7900000000000000e+00 7.9531513162538758e-03 
 1.8000000000000000e+00 1.0976008495463874e-02 
 1.8100000000000001e+00 1.5833610703741098e-02 
 1.8200000000000001e+00 2.2604492977486026e-02 
 1.8300000000000001e+00 3.1077282467003704e-02 
 1.8400000000000001e+00 4.1040606322599184e-02 
 1.8500000000000001e+00 5.2283091694577503e-02 
 1.8600000000000001e+00 6.4593365733243716e-02 
 1.8700000000000001e+00 7.7760055588902879e-02 
 1.8800000000000001e+00 9.1571788411860019e-02 
 1.8900000000000001e+00 1.0581719135242020e-01 
 1.9000000000000001e+00 1.2028489156088847e-01 
 1.9100000000000001e+00 1.3476351618756988e-01 
 1.9199999999999999e+00 1.4904169238276913e-01 
 1.9299999999999999e+00 1.6290804729679192e-01 
 1.9399999999999999e+00 1.7615120807994303e-01 
 1.9500000000000000e+00 1.8855980188252747e-01 
 1.9600000000000000e+00 1.9992245585485022e-01 
 1.9700000000000000e+00 2.1002779714721642e-01 
 1.9800000000000000e+00 2.1866445290993111e-01 
 1.9900000000000000e+00 2.2562105029329932e-01 
 2.0000000000000000e+00 2.3068621644762610e-01 
 2.0100000000000002e+00 2.3463404276248995e-01 
 2.0200000000000000e+00 2.3837009682713850e-01 
 2.0300000000000002e+00 2.4188022009138130e-01 
 2.0400000000000000e+00 2.4515025400502727e-01 
 2.0499999999999998e+00 2.4816604001788578e-01 
 2.0600000000000001e+00 2.5091341957976615e-01 
 2.0699999999999998e+00 2.5337823414047733e-01 
 2.0800000000000001e+00 2.5554632514982883e-01 
 2.0899999999999999e+00 2.5740353405762961e-01 
 2.1000000000000001e+00 2.5893570231368906e-01 
 2.1099999999999999e+00 2.6012867136781626e-01 
 2.1200000000000001e+00 2.6096828266982053e-01 
 2.1299999999999999e+00 2.6144037766951106e-01 
 2.1400000000000001e+00 2.6153079781669702e-01 
 2.1499999999999999e+00 2.6122538456118766e-01 
 2.1600000000000001e+00 2.6050997935279219e-01 
 2.1699999999999999e+00 2.5937042364131985e-01 
 2.1800000000000002e+00 2.5779255887657976e-01 
 2.1899999999999999e+00 2.5576222650838132e-01 
 2.2000000000000002e+00 2.5326526798653348e-01 
 2.2100000000000000e+00 2.4969999524364142e-01 
 2.2200000000000002e+00 2.4460876521789623e-01 
 2.2300000000000000e+00 2.3819348686748762e-01 
 2.2400000000000002e+00 2.3065606915060419e-01 
 2.2500000000000000e+00 2.2219842102543585e-01 
 2.2600000000000002e+00 2.1302245145017104e-01 
 2.2700000000000000e+00 2.0333006938299980e-01 
 2.2800000000000002e+00 1.9332318378211047e-01 
 2.2900000000000000e+00 1.8320370360569310e-01 
 2.3000000000000003e+00 1.7317353781193612e-01 
 2.3100000000000001e+00 1.6343459535902954e-01 
 2.3199999999999998e+00 1.5418878520516210e-01 
 2.3300000000000001e+00 1.4563801630852269e-01 
 2.3399999999999999e+00 1.3798419762730121e-01 
 2.3500000000000001e+00 1.3142923811968626e-01 
 2.3599999999999999e+00 1.2617504674386759e-01 
 2.3700000000000001e+00 1.2242353245803397e-01 
 2.3799999999999999e+00 1.2037660422037491e-01 
 2.3900000000000001e+00 1.2023617098907943e-01 
 2.3999999999999999e+00 1.2220414172233682e-01 
 2.4100000000000001e+00 1.2530466917429617e-01 
 2.4199999999999999e+00 1.2842599443291300e-01 
 2.4300000000000002e+00 1.3156615895708701e-01 
 2.4399999999999999e+00 1.3472320420571743e-01 
 2.4500000000000002e+00 1.3789517163770401e-01 
 2.4600000000000000e+00 1.4108010271194596e-01 
 2.4700000000000002e+00 1.4427603888734300e-01 
 2.4800000000000000e+00 1.4748102162279433e-01 
 2.4900000000000002e+00 1.5069309237719974e-01 
 2.5000000000000000e+00 1.5391029260945838e-01 
 2.5100000000000002e+00 1.5713066377847007e-01 
 2.5200000000000000e+00 1.6035224734313391e-01 
 2.5300000000000002e+00 1.6357308476234975e-01 
 2.5400000000000000e+00 1.6679121749501674e-01 
 2.5500000000000003e+00 1.7000468700003463e-01 
 2.5600000000000001e+00 1.7321153473630263e-01 
 2.5699999999999998e+00 1.7640980216272034e-01 
 2.5800000000000001e+00 1.7959753073818741e-01 
 2.5899999999999999e+00 1.8277276192160299e-01 
 2.6000000000000001e+00 1.8593353717186689e-01 
 2.6099999999999999e+00 1.8909329683636858e-01 
 2.6200000000000001e+00 1.9226488166791095e-01 
 2.6299999999999999e+00 1.9544543373351234e-01 
 2.6400000000000001e+00 1.9863209510019167e-01 
 2.6499999999999999e+00 2.0182200783496734e-01 
 2.6600000000000001e+00 2.0501231400485828e-01 
 2.6699999999999999e+00 2.0820015567688283e-01 
 2.6800000000000002e+00 2.1138267491805990e-01 
 2.6899999999999999e+00 2.1455701379540790e-01 
 2.7000000000000002e+00 2.1772031437594572e-01 
 2.7100000000000000e+00 2.2086971872669175e-01 
 2.7200000000000002e+00 2.2400236891466491e-01 
 2.7300000000000000e+00 2.2711540700688354e-01 
 2.7400000000000002e+00 2.3020597507036658e-01 
 2.7500000000000000e+00 2.3327121517213242e-01 
 2.7600000000000002e+00 2.3630826937919996e-01 
 2.7700000000000000e+00 2.3931427975858754e-01 
 2.7800000000000002e+00 2.4228638837731414e-01 
 2.7900000000000000e+00 2.4522173730239813e-01 
 2.8000000000000003e+00 2.4811746860085837e-01 
 2.8100000000000001e+00 2.4969474603586042e-01 
 2.8199999999999998e+00 2.4881887242393783e-01 
 2.8300000000000001e+00 2.4570319841216057e-01 
 2.8399999999999999e+00 2.4056107464759907e-01 
 2.8500000000000001e+00 2.3360585177732304e-01 
 2.8599999999999999e+00 2.2505088044840321e-01 
 2.8700000000000001e+00 2.1510951130790906e-01 
 2.8799999999999999e+00 2.0399509500291158e-01 
 2.8900000000000001e+00 1.9192098218047993e-01 
 2.8999999999999999e+00 1.7910052348768532e-01 
 2.9100000000000001e+00 1.6574706957159691e-01 
 2.9199999999999999e+00 1.5207397107928583e-01 
 2.9300000000000002e+00 1.3829457865782119e-01 
 2.9399999999999999e+00 1.2462224295427428e-01 
 2.9500000000000002e+00 1.1127031461571413e-01 
 2.9600000000000000e+00 9.8452144289212007e-02 
 2.9700000000000002e+00 8.6381082621836941e-02 
 2.9800000000000000e+00 7.5270480260660189e-02 
 2.9900000000000002e+00 6.5333687852750899e-02 
 3.0000000000000000e+00 5.6784056045180220e-02 
 3.0100000000000002e+00 4.8837109440822063e-02 
 3.0200000000000000e+00 4.0624697788618769e-02 
 3.0300000000000002e+00 3.2234659454739766e-02 
 3.0400000000000000e+00 2.3754832805355917e-02 
 3.0500000000000003e+00 1.5273056206636618e-02 
 3.0600000000000001e+00 6.8771680247527375e-03 
 3.0700000000000003e+00 -1.3449933741263159e-03 
 3.0800000000000001e+00 -9.3055896238296854e-03 
 3.0899999999999999e+00 -1.6916782358187610e-02 
 3.1000000000000001e+00 -2.4090733211030266e-02 
 3.1099999999999999e+00 -3.0739603816186886e-02 
 3.1200000000000001e+00 -3.6775555807487911e-02 
 3.1299999999999999e+00 -4.2110750818762685e-02 
 3.1400000000000001e+00 -4.6657350483841550e-02 
 3.1499999999999999e+00 -5.0327516436553962e-02 
 3.1600000000000001e+00 -5.3033410310730125e-02 
 3.1699999999999999e+00 -5.4687193740199619e-02 
 3.1800000000000002e+00 -5.5201028358792467e-02 
 3.1899999999999999e+00 -5.4487075800338555e-02 
 3.2000000000000002e+00 -5.2457497698667588e-02 
 3.2100000000000000e+00 -4.8832212970254550e-02 
 3.2200000000000002e+00 -4.3493125264289390e-02 
 3.2300000000000000e+00 -3.6595373313675801e-02 
 3.2400000000000002e+00 -2.8294095851316394e-02 
 3.2500000000000000e+00 -1.8744431610115117e-02 
 3.2600000000000002e+00 -8.1015193229743571e-03 
 3.2700000000000000e+00 3.4795022772017223e-03 
 3.2800000000000002e+00 1.5843494457510945e-02 
 3.2900000000000000e+00 2.8835318485048986e-02 
 3.3000000000000003e+00 4.2299835626913751e-02 
 3.3100000000000001e+00 5.6081907150200866e-02 
 3.3200000000000003e+00 7.0026394322008287e-02 
 3.3300000000000001e+00 8.3978158409431597e-02 
 3.3399999999999999e+00 9.7782060679568211e-02 
 3.3500000000000001e+00 1.1128296239951546e-01 
 3.3599999999999999e+00 1.2432572483636894e-01 
 3.3700000000000001e+00 1.3675520925722665e-01 
 3.3799999999999999e+00 1.4841627692918422e-01 
 3.3900000000000001e+00 1.5915378911933939e-01 
 3.3999999999999999e+00 1.6881260709478810e-01 
 3.4100000000000001e+00 1.7813184436574284e-01 
 3.4199999999999999e+00 1.8787801091533357e-01 
 3.4300000000000002e+00 1.9793706272003644e-01 
 3.4399999999999999e+00 2.0819495575632591e-01 
 3.4500000000000002e+00 2.1853764600067824e-01 
 3.4600000000000000e+00 2.2885108942956781e-01 
 3.4700000000000002e+00 2.3902124201947089e-01 
 3.4800000000000000e+00 2.4893405974686186e-01 
 3.4900000000000002e+00 2.5847549858821695e-01 
 3.5000000000000000e+00 2.6753151452001067e-01 
 3.5100000000000002e+00 2.7598806351871913e-01 
 3.5200000000000000e+00 2.8373110156081693e-01 
 3.5300000000000002e+00 2.9064658462278004e-01 
 3.5400000000000000e+00 2.9662046868108316e-01 
 3.5500000000000003e+00 3.0153870971220220e-01 
 3.5600000000000001e+00 3.0528726369261205e-01 
 3.5700000000000003e+00 3.0775208659878839e-01 
 3.5800000000000001e+00 3.0881913440720621e-01 
 3.5899999999999999e+00 3.0837436309434119e-01 
 3.6000000000000001e+00 3.0630372863666833e-01 
 3.6099999999999999e+00 3.0248287916448402e-01 
 3.6200000000000001e+00 2.9696476506701475e-01 
 3.6299999999999999e+00 2.8990129570913231e-01 
 3.6400000000000001e+00 2.8144438045570752e-01 
 3.6499999999999999e+00 2.7174592867161246e-01 
 3.6600000000000001e+00 2.6095784972171765e-01 
 3.6699999999999999e+00 2.4923205297089543e-01 
 3.6800000000000002e+00 2.3672044778401616e-01 
 3.6899999999999999e+00 2.2357494352595231e-01 
 3.7000000000000002e+00 2.0994744956157407e-01 
 3.7100000000000000e+00 1.9598987525575401e-01 
 3.7200000000000002e+00 1.8185412997336237e-01 
 3.7300000000000000e+00 1.6769212307927167e-01 
 3.7400000000000002e+00 1.5365576393835206e-01 
 3.7500000000000000e+00 1.3989696191547618e-01 
 3.7600000000000002e+00 1.2656762637551419e-01 
 3.7700000000000000e+00 1.1381966668333865e-01 
 3.7800000000000002e+00 1.0180499220381969e-01 
 3.7900000000000000e+00 9.0675512301829964e-02 
 3.8000000000000003e+00 8.0583136342239681e-02 
 3.8100000000000001e+00 7.0719309964190250e-02 
 3.8200000000000003e+00 6.0265013018432109e-02 
 3.8300000000000001e+00 4.9356456187254052e-02 
 3.8399999999999999e+00 3.8129850152943484e-02 
 3.8500000000000001e+00 2.6721405597787753e-02 
 3.8599999999999999e+00 1.5267333204075723e-02 
 3.8700000000000001e+00 3.9038436540942550e-03 
 3.8799999999999999e+00 -7.2328523698677871e-03 
 3.8900000000000001e+00 -1.8006544185523513e-02 
 3.8999999999999999e+00 -2.8281021110584142e-02 
 3.9100000000000001e+00 -3.7920072462762661e-02 
 3.9199999999999999e+00 -4.6787487559770413e-02 
 3.9300000000000002e+00 -5.4747055719320259e-02 
 3.9399999999999999e+00 -6.1662566259123697e-02 
 3.9500000000000002e+00 -6.7397808496893447e-02 
 3.9600000000000000e+00 -7.1816571750341118e-02 
 3.9700000000000002e+00 -7.4782645337179238e-02 
 3.9800000000000000e+00 -7.6159818575119720e-02 
 3.9900000000000002e+00 -7.5811880781874785e-02 
 4.0000000000000000e+00 -7.3602621275156599e-02 
 4.0099999999999998e+00 -6.9595530319916082e-02 
 4.0200000000000005e+00 -6.4035888227008481e-02 
 4.0300000000000002e+00 -5.7060169383004324e-02 
 4.0400000000000000e+00 -4.8804848174472747e-02 
 4.0499999999999998e+00 -3.9406398987983302e-02 
 4.0600000000000005e+00 -2.9001296210104555e-02 
 4.0700000000000003e+00 -1.7726014227407917e-02 
 4.0800000000000001e+00 -5.7170274264620596e-03 
 4.0899999999999999e+00 6.8891898061634732e-03 
 4.0999999999999996e+00 1.9956163083899137e-02 
 4.1100000000000003e+00 3.3347418020176586e-02 
 4.1200000000000001e+00 4.6926480228423884e-02 
 4.1299999999999999e+00 6.0556875322072656e-02 
 4.1399999999999997e+00 7.4102128914553339e-02 
 4.1500000000000004e+00 8.7425766619297546e-02 
 4.1600000000000001e+00 1.0039131404973342e-01 
 4.1699999999999999e+00 1.1286229681929255e-01 
 4.1799999999999997e+00 1.2470224054140544e-01 
 4.1900000000000004e+00 1.3577467082950345e-01 
 4.2000000000000002e+00 1.4594311329701504e-01 
 4.2100000000000000e+00 1.5594814940027996e-01 
 4.2199999999999998e+00 1.6653783424619131e-01 
 4.2300000000000004e+00 1.7758690392401205e-01 
 4.2400000000000002e+00 1.8897009452300217e-01 
 4.2500000000000000e+00 2.0056214213242471e-01 
 4.2599999999999998e+00 2.1223778284154160e-01 
 4.2700000000000005e+00 2.2387175273961585e-01 
 4.2800000000000002e+00 2.3533878791590740e-01 
 4.2900000000000000e+00 2.4651362445967928e-01 
 4.2999999999999998e+00 2.5727099846019347e-01 
 4.3100000000000005e+00 2.6748564600671282e-01 
 4.3200000000000003e+00 2.7703230318849753e-01 
 4.3300000000000001e+00 2.8578570609481058e-01 
 4.3399999999999999e+00 2.9362059081491382e-01 
 4.3500000000000005e+00 3.0041169343806984e-01 
 4.3600000000000003e+00 3.0603375005353950e-01 
 4.3700000000000001e+00 3.1036149675058544e-01 
 4.3799999999999999e+00 3.1326966961846953e-01 
 4.3899999999999997e+00 3.1463300474645384e-01 
 4.4000000000000004e+00 3.1432623822380024e-01 
 4.4100000000000001e+00 3.1227903753551972e-01 
 4.4199999999999999e+00 3.0859898725418983e-01 
 4.4299999999999997e+00 3.0342769910042239e-01 
 4.4400000000000004e+00 2.9690678479482863e-01 
 4.4500000000000002e+00 2.8917785605802154e-01 
 4.4600000000000000e+00 2.8038252461061247e-01 
 4.4699999999999998e+00 2.7066240217321325e-01 
 4.4800000000000004e+00 2.6015910046643476e-01 
 4.4900000000000002e+00 2.4901423121089078e-01 
 4.5000000000000000e+00 2.3736940612719215e-01 
 4.5099999999999998e+00 2.2536623693595076e-01 
 4.5200000000000005e+00 2.1314633535777738e-01 
 4.5300000000000002e+00 2.0085131311328605e-01 
 4.5400000000000000e+00 1.8862278192308748e-01 
 4.5499999999999998e+00 1.7660235350779352e-01 
 4.5600000000000005e+00 1.6493163958801507e-01 
 4.5700000000000003e+00 1.5375225188436600e-01 
 4.5800000000000001e+00 1.4320580211745712e-01 
 4.5899999999999999e+00 1.3343390200790023e-01 
 4.6000000000000005e+00 1.2457816327630644e-01 
 4.6100000000000003e+00 1.1597473723819940e-01 
 4.6200000000000001e+00 1.0692994210916172e-01 
 4.6299999999999999e+00 9.7540639959897549e-02 
 4.6399999999999997e+00 8.7903692861110994e-02 
 4.6500000000000004e+00 7.8115962883505308e-02 
 4.6600000000000001e+00 6.8274312097786324e-02 
 4.6699999999999999e+00 5.8475602574657337e-02 
 4.6799999999999997e+00 4.8816696384822431e-02 
 4.6900000000000004e+00 3.9394455598984926e-02 
 4.7000000000000002e+00 3.0305742287850601e-02 
 4.7100000000000000e+00 2.1647418522122736e-02 
 4.7199999999999998e+00 1.3516346372505442e-02 
 4.7300000000000004e+00 6.0093879097022074e-03 
 4.7400000000000002e+00 -7.7659479558153666e-04 
 4.7500000000000000e+00 -6.7447396726423303e-03 
 4.7599999999999998e+00 -1.1798184650776061e-02 
 4.7700000000000005e+00 -1.5840067659278950e-02 
 4.7800000000000002e+00 -1.8773526627446135e-02 
 4.7900000000000000e+00 -2.0501699484573893e-02 
 4.7999999999999998e+00 -2.0927724159958111e-02 
 4.8100000000000005e+00 -1.9688097460281471e-02 
 4.8200000000000003e+00 -1.6591733413977152e-02 
 4.8300000000000001e+00 -1.1800395782966648e-02 
 4.8399999999999999e+00 -5.4758483291714160e-03 
 4.8500000000000005e+00 2.2201451854878297e-03 
 4.8600000000000003e+00 1.1125820999088244e-02 
 4.8700000000000001e+00 2.1079415349708995e-02 
 4.8799999999999999e+00 3.1919164475428599e-02 
 4.8899999999999997e+00 4.3483304614325632e-02 
 4.9000000000000004e+00 5.5610072004479719e-02 
 4.9100000000000001e+00 6.8137702883967227e-02 
 4.9199999999999999e+00 8.0904433490867747e-02 
 4.9299999999999997e+00 9.3748500063259840e-02 
 4.9400000000000004e+00 1.0650813883922314e-01 
 4.9500000000000002e+00 1.1902158605683394e-01 
 4.9600000000000000e+00 1.3112707795417186e-01 
 4.9699999999999998e+00 1.4266285076931554e-01 
 4.9800000000000004e+00 1.5346714074034437e-01 
 4.9900000000000002e+00 1.6337818410533497e-01 
 5.0000000000000000e+00 1.7223421710236686e-01 
 5.0099999999999998e+00 1.8076735636641206e-01 
 5.0200000000000005e+00 1.8974863591564359e-01 
 5.0300000000000002e+00 1.9907466806293866e-01 
 5.0400000000000000e+00 2.0864206512117689e-01 
 5.0499999999999998e+00 2.1834743940323714e-01 
 5.0600000000000005e+00 2.2808740322199908e-01 
 5.0700000000000003e+00 2.3775856889033981e-01 
 5.0800000000000001e+00 2.4725754872113903e-01 
 5.0899999999999999e+00 2.5648095502727564e-01 
 5.1000000000000005e+00 2.6532540012162914e-01 
 5.1100000000000003e+00 2.7368749631707684e-01 
 5.1200000000000001e+00 2.8146385592649836e-01 
 5.1299999999999999e+00 2.8855109126277262e-01 
 5.1399999999999997e+00 2.9484581463877835e-01 
 5.1500000000000004e+00 3.0024463836739484e-01 
 5.1600000000000001e+00 3.0464417476149996e-01 
 5.1699999999999999e+00 3.0794103613397317e-01 
 5.1799999999999997e+00 3.1003183479769320e-01 
 5.1900000000000004e+00 3.1081318306553890e-01 
 5.2000000000000002e+00 3.1018169325038902e-01 
 5.2100000000000000e+00 3.0790453251405769e-01 
 5.2199999999999998e+00 3.0391788506540895e-01 
 5.2300000000000004e+00 2.9837188878789600e-01 
 5.2400000000000002e+00 2.9141668156497358e-01 
 5.2500000000000000e+00 2.8320240128009505e-01 
 5.2599999999999998e+00 2.7387918581671411e-01 
 5.2700000000000005e+00 2.6359717305828362e-01 
 5.2800000000000002e+00 2.5250650088825916e-01 
 5.2900000000000000e+00 2.4075730719009358e-01 
 5.2999999999999998e+00 2.2849972984724071e-01 
 5.3100000000000005e+00 2.1588390674315305e-01 
 5.3200000000000003e+00 2.0305997576128676e-01 
 5.3300000000000001e+00 1.9017807478509435e-01 
 5.3399999999999999e+00 1.7738834169802967e-01 
 5.3500000000000005e+00 1.6484091438354534e-01 
 5.3600000000000003e+00 1.5268593072509737e-01 
 5.3700000000000001e+00 1.4107352860613839e-01 
 5.3799999999999999e+00 1.3015384591012211e-01 
 5.3899999999999997e+00 1.2007702052050234e-01 
 5.4000000000000004e+00 1.1099319032073207e-01 
 5.4100000000000001e+00 1.0216723360847119e-01 
 5.4199999999999999e+00 9.2839914806797708e-02 
 5.4299999999999997e+00 8.3125200987296241e-02 
 5.4400000000000004e+00 7.3137059221550463e-02 
 5.4500000000000002e+00 6.2989456581146769e-02 
 5.4600000000000000e+00 5.2796360137668891e-02 
 5.4699999999999998e+00 4.2671736962701406e-02 
 5.4800000000000004e+00 3.2729554127828048e-02 
 5.4900000000000002e+00 2.3083778704635183e-02 
 5.5000000000000000e+00 1.3848377764706515e-02 
 5.5099999999999998e+00 5.1373183796266653e-03 
 5.5200000000000005e+00 -2.9354323790204834e-03 
 5.5300000000000002e+00 -1.0255907439648881e-02 
 5.5400000000000000e+00 -1.6710139730674672e-02 
 5.5499999999999998e+00 -2.2184162180513278e-02 
 5.5600000000000005e+00 -2.6564007717580412e-02 
 5.5700000000000003e+00 -2.9735709270290733e-02 
 5.5800000000000001e+00 -3.1585299767060010e-02 
 5.5899999999999999e+00 -3.1998812136303706e-02 
 5.6000000000000005e+00 -3.0862279306437035e-02 
 5.6100000000000003e+00 -2.8065455093996730e-02 
 5.6200000000000001e+00 -2.3667396671819999e-02 
 5.6299999999999999e+00 -1.7808092002773300e-02 
 5.6399999999999997e+00 -1.0627529049723094e-02 
 5.6500000000000004e+00 -2.2656957755350371e-03 
 5.6600000000000001e+00 7.1374198569229136e-03 
 5.6699999999999999e+00 1.7441829884785001e-02 
 5.6799999999999997e+00 2.8507546345184771e-02 
 5.6900000000000004e+00 4.0194581275256810e-02 
 5.7000000000000002e+00 5.2362946712132583e-02 
 5.7100000000000000e+00 6.4872654692946674e-02 
 5.7199999999999998e+00 7.7583717254832582e-02 
 5.7300000000000004e+00 9.0356146434924997e-02 
 5.7400000000000002e+00 1.0304995427035524e-01 
 5.7500000000000000e+00 1.1552515279825792e-01 
 5.7599999999999998e+00 1.2764175405576658e-01 
 5.7700000000000005e+00 1.3925977008001583e-01 
 5.7800000000000002e+00 1.5023921290813708e-01 
 5.7900000000000000e+00 1.6044009457726496e-01 
 5.7999999999999998e+00 1.6972242712453295e-01 
 5.8100000000000005e+00 1.7895935933623916e-01 
 5.8200000000000003e+00 1.8900663508335214e-01 
 5.8300000000000001e+00 1.9969815903001553e-01 
 5.8399999999999999e+00 2.1086783584037216e-01 
 5.8500000000000005e+00 2.2234957017856596e-01 
 5.8600000000000003e+00 2.3397726670873770e-01 
 5.8700000000000001e+00 2.4558483009503118e-01 
 5.8799999999999999e+00 2.5700616500158929e-01 
 5.8899999999999997e+00 2.6807517609255488e-01 
 5.9000000000000004e+00 2.7862576803207173e-01 
 5.9100000000000001e+00 2.8849184548428070e-01 
 5.9199999999999999e+00 2.9750731311332568e-01 
 5.9299999999999997e+00 3.0550607558334947e-01 
 5.9400000000000004e+00 3.1232203755849552e-01 
 5.9500000000000002e+00 3.1778910370290536e-01 
 5.9600000000000000e+00 3.2174117868072261e-01 
 5.9699999999999998e+00 3.2401216715608999e-01 
 5.9800000000000004e+00 3.2443597379315037e-01 
 5.9900000000000002e+00 3.2284650325604647e-01 
 6.0000000000000000e+00 3.1907766020892125e-01 
 6.0099999999999998e+00 3.1360052886786693e-01 
 6.0200000000000005e+00 3.0705757502232606e-01 
 6.0300000000000002e+00 2.9953977569646933e-01 
 6.0400000000000000e+00 2.9113810791446582e-01 
 6.0499999999999998e+00 2.8194354870048494e-01 
 6.0600000000000005e+00 2.7204707507869536e-01 
 6.0700000000000003e+00 2.6153966407326840e-01 
 6.0800000000000001e+00 2.5051229270837272e-01 
 6.0899999999999999e+00 2.3905593800817782e-01 
 6.1000000000000005e+00 2.2726157699685218e-01 
 6.1100000000000003e+00 2.1522018669856743e-01 
 6.1200000000000001e+00 2.0302274413749205e-01 
 6.1299999999999999e+00 1.9076022633779563e-01 
 6.1400000000000006e+00 1.7852361032364655e-01 
 6.1500000000000004e+00 1.6640387311921653e-01 
 6.1600000000000001e+00 1.5449199174867401e-01 
 6.1699999999999999e+00 1.4287894323618852e-01 
 6.1799999999999997e+00 1.3165570460592957e-01 
 6.1900000000000004e+00 1.2091325288206578e-01 
 6.2000000000000002e+00 1.1074256508876856e-01 
 6.2100000000000000e+00 1.0051441475955242e-01 
 6.2199999999999998e+00 8.9623656093238011e-02 
 6.2300000000000004e+00 7.8197387111951719e-02 
 6.2400000000000002e+00 6.6362705837822972e-02 
 6.2500000000000000e+00 5.4246710292978187e-02 
 6.2599999999999998e+00 4.1976498499544795e-02 
 6.2700000000000005e+00 2.9679168479649062e-02 
 6.2800000000000002e+00 1.7481818255420653e-02 
 6.2900000000000000e+00 5.5115458489858465e-03 
 6.2999999999999998e+00 -6.1045507175279679e-03 
 6.3100000000000005e+00 -1.7239373421994303e-02 
 6.3200000000000003e+00 -2.7765824242283826e-02 
 6.3300000000000001e+00 -3.7556805156270079e-02 
 6.3399999999999999e+00 -4.6485218141825657e-02 
 6.3500000000000005e+00 -5.4423965176823852e-02 
 6.3600000000000003e+00 -6.1245948239135845e-02 
 6.3700000000000001e+00 -6.6824069306634926e-02 
 6.3799999999999999e+00 -7.1031230357193748e-02 
 6.3900000000000006e+00 -7.3740333368685018e-02 
 6.4000000000000004e+00 -7.4824280318980918e-02 
 6.4100000000000001e+00 -7.4177061498347213e-02 
 6.4199999999999999e+00 -7.1864223444815981e-02 
 6.4299999999999997e+00 -6.8016002507909581e-02 
 6.4400000000000004e+00 -6.2762635037149822e-02 
 6.4500000000000002e+00 -5.6234357382060021e-02 
 6.4600000000000000e+00 -4.8561405892162096e-02 
 6.4699999999999998e+00 -3.9874016916978415e-02 
 6.4800000000000004e+00 -3.0302426806030444e-02 
 6.4900000000000002e+00 -1.9976871908842224e-02 
 6.5000000000000000e+00 -9.0275885749352969e-03 
 6.5099999999999998e+00 2.4151868461679965e-03 
 6.5200000000000005e+00 1.4221218004946329e-02 
 6.5300000000000002e+00 2.6260268551875285e-02 
 6.5400000000000000e+00 3.8402102137433530e-02 
 6.5499999999999998e+00 5.0516482412098745e-02 
 6.5600000000000005e+00 6.2473173026349582e-02 
 6.5700000000000003e+00 7.4141937630661597e-02 
 6.5800000000000001e+00 8.5392539875513485e-02 
 6.5899999999999999e+00 9.6094743411382910e-02 
 6.6000000000000005e+00 1.0611831188874843e-01 
 6.6100000000000003e+00 1.1602300434500633e-01 
 6.6200000000000001e+00 1.2640588996100913e-01 
 6.6299999999999999e+00 1.3719269760241454e-01 
 6.6400000000000006e+00 1.4830915613488124e-01 
 6.6500000000000004e+00 1.5968099442406503e-01 
 6.6600000000000001e+00 1.7123394133562453e-01 
 6.6699999999999999e+00 1.8289372573521750e-01 
 6.6799999999999997e+00 1.9458607648850162e-01 
 6.6900000000000004e+00 2.0623672246113570e-01 
 6.7000000000000002e+00 2.1777139251877531e-01 
 6.7100000000000000e+00 2.2911581552707921e-01 
 6.7199999999999998e+00 2.4019572035170517e-01 
 6.7300000000000004e+00 2.5093683585831184e-01 
 6.7400000000000002e+00 2.6126489091255489e-01 
 6.7500000000000000e+00 2.7110561438009317e-01 
 6.7599999999999998e+00 2.8038473512658435e-01 
 6.7700000000000005e+00 2.8902798201768676e-01 
 6.7800000000000002e+00 2.9696108391905673e-01 
 6.7900000000000000e+00 3.0410976969635273e-01 
 6.7999999999999998e+00 3.1039976821523252e-01 
 6.8100000000000005e+00 3.1502611393138624e-01 
 6.8200000000000003e+00 3.1734783681953949e-01 
 6.8300000000000001e+00 3.1753665902390588e-01 
 6.8399999999999999e+00 3.1576430268869843e-01 
 6.8500000000000005e+00 3.1220248995812966e-01 
 6.8600000000000003e+00 3.0702294297641325e-01 
 6.8700000000000001e+00 3.0039738388776199e-01 
 6.8799999999999999e+00 2.9249753483638885e-01 
 6.8900000000000006e+00 2.8349511796650595e-01 
 6.9000000000000004e+00 2.7356185542232797e-01 
 6.9100000000000001e+00 2.6286946934806710e-01 
 6.9199999999999999e+00 2.5158968188793640e-01 
 6.9299999999999997e+00 2.3989421518614873e-01 
 6.9400000000000004e+00 2.2795479138691616e-01 
 6.9500000000000002e+00 2.1594313263445378e-01 
 6.9600000000000000e+00 2.0403096107297353e-01 
 6.9699999999999998e+00 1.9238999884668839e-01 
 6.9800000000000004e+00 1.8119196809981034e-01 
 6.9900000000000002e+00 1.7060859097655448e-01 
 7.0000000000000000e+00 1.6081158962113273e-01 
 7.0099999999999998e+00 1.5102163343351399e-01 
 7.0200000000000005e+00 1.4042055057231040e-01 
 7.0300000000000002e+00 1.2912180131970327e-01 
 7.0400000000000000e+00 1.1723884595787115e-01 
 7.0499999999999998e+00 1.0488514476899347e-01 
 7.0600000000000005e+00 9.2174158035248505e-02 
 7.0700000000000003e+00 7.9219346038817959e-02 
 7.0800000000000001e+00 6.6134169061880146e-02 
 7.0899999999999999e+00 5.3032087386614524e-02 
 7.1000000000000005e+00 4.0026561295199353e-02 
 7.1100000000000003e+00 2.7231051069816381e-02 
 7.1200000000000001e+00 1.4759016992643897e-02 
 7.1299999999999999e+00 2.7239193458612754e-03 
 7.1400000000000006e+00 -8.7607815883529727e-03 
 7.1500000000000004e+00 -1.9581625527817392e-02 
 7.1600000000000001e+00 -2.9625152190353582e-02 
 7.1699999999999999e+00 -3.8777901293782169e-02 
 7.1799999999999997e+00 -4.6926412555923613e-02 
 7.1900000000000004e+00 -5.3957225694599154e-02 
 7.2000000000000002e+00 -5.9756880427628056e-02 
 7.2100000000000000e+00 -6.4081761657475006e-02 
 7.2199999999999998e+00 -6.6830970482715454e-02 
 7.2300000000000004e+00 -6.8105120915337242e-02 
 7.2400000000000002e+00 -6.8004826967327930e-02 
 7.2500000000000000e+00 -6.6630702650675486e-02 
 7.2599999999999998e+00 -6.4083361977367720e-02 
 7.2700000000000005e+00 -6.0463418959392036e-02 
 7.2800000000000002e+00 -5.5871487608736885e-02 
 7.2900000000000000e+00 -5.0408181937389773e-02 
 7.2999999999999998e+00 -4.4174115957338486e-02 
 7.3100000000000005e+00 -3.7269903680570184e-02 
 7.3200000000000003e+00 -2.9796159119073899e-02 
 7.3300000000000001e+00 -2.1853496284836800e-02 
 7.3399999999999999e+00 -1.3542529189846740e-02 
 7.3500000000000005e+00 -4.9638718460906506e-03 
 7.3600000000000003e+00 3.7818617344420880e-03 
 7.3700000000000001e+00 1.2594057539764433e-02 
 7.3799999999999999e+00 2.1372101557888629e-02 
 7.3900000000000006e+00 3.0015379776827597e-02 
 7.4000000000000004e+00 3.8423278184592013e-02 
 7.4100000000000001e+00 4.7216954644131448e-02 
 7.4199999999999999e+00 5.7000212245718287e-02 
 7.4299999999999997e+00 6.7646404818350311e-02 
 7.4400000000000004e+00 7.9028886191026326e-02 
 7.4500000000000002e+00 9.1021010192742086e-02 
 7.4600000000000000e+00 1.0349613065249635e-01 
 7.4699999999999998e+00 1.1632760139928688e-01 
 7.4800000000000004e+00 1.2938877626211262e-01 
 7.4900000000000002e+00 1.4255300906996904e-01 
 7.5000000000000000e+00 1.5569365365185500e-01 
 7.5099999999999998e+00 1.6868406383676834e-01 
 7.5200000000000005e+00 1.8139759345370793e-01 
 7.5300000000000002e+00 1.9370759633166926e-01 
 7.5400000000000000e+00 2.0548742629965128e-01 
 7.5499999999999998e+00 2.1661043718665171e-01 
 7.5600000000000005e+00 2.2694998282166925e-01 
 7.5700000000000003e+00 2.3637941703369980e-01 
 7.5800000000000001e+00 2.4477209365174213e-01 
 7.5899999999999999e+00 2.5200136650479399e-01 
 7.6000000000000005e+00 2.5794058942185361e-01 
 7.6100000000000003e+00 2.6269804195935020e-01 
 7.6200000000000001e+00 2.6649452958556058e-01 
 7.6299999999999999e+00 2.6937219499725140e-01 
 7.6400000000000006e+00 2.7137318089118950e-01 
 7.6500000000000004e+00 2.7253962996414116e-01 
 7.6600000000000001e+00 2.7291368491287332e-01 
 7.6699999999999999e+00 2.7253748843415260e-01 
 7.6799999999999997e+00 2.7145318322474565e-01 
 7.6900000000000004e+00 2.6970291198141910e-01 
 7.7000000000000002e+00 2.6732881740093978e-01 
 7.7100000000000000e+00 2.6437304218007435e-01 
 7.7199999999999998e+00 2.6087772901558942e-01 
 7.7300000000000004e+00 2.5688502060425128e-01 
 7.7400000000000002e+00 2.5243705964282737e-01 
 7.7500000000000000e+00 2.4757598882808399e-01 
 7.7599999999999998e+00 2.4234395085678784e-01 
 7.7700000000000005e+00 2.3678308842570506e-01 
 7.7800000000000002e+00 2.3093554423160331e-01 
 7.7900000000000000e+00 2.2484346097124880e-01 
 7.7999999999999998e+00 2.1854898134140821e-01 
 7.8100000000000005e+00 2.1162857269743071e-01 
 7.8200000000000003e+00 2.0370990557176377e-01 
 7.8300000000000001e+00 1.9491192742681848e-01 
 7.8399999999999999e+00 1.8535358572500646e-01 
 7.8500000000000005e+00 1.7515382792873840e-01 
 7.8600000000000003e+00 1.6443160150042779e-01 
 7.8700000000000001e+00 1.5330585390248536e-01 
 7.8799999999999999e+00 1.4189553259732268e-01 
 7.8900000000000006e+00 1.3031958504735042e-01 
 7.9000000000000004e+00 1.1869695871498226e-01 
 7.9100000000000001e+00 1.0714660106262879e-01 
 7.9199999999999999e+00 9.5787459552701654e-02 
 7.9300000000000006e+00 8.4738481647611497e-02 
 7.9400000000000004e+00 7.4118614809771916e-02 
 7.9500000000000002e+00 6.4046806501593584e-02 
 7.9600000000000000e+00 5.4642004185488091e-02 
 7.9699999999999998e+00 4.6023155323867082e-02 
 7.9800000000000004e+00 3.8309207379141536e-02 
 7.9900000000000002e+00 3.1619107813724484e-02 
 8.0000000000000000e+00 2.6071804090026851e-02 
 8.0099999999999998e+00 2.1377646197360663e-02 
 8.0199999999999996e+00 1.7167511951104872e-02 
 8.0299999999999994e+00 1.3441140552771284e-02 
 8.0400000000000009e+00 1.0198271203871175e-02 
 8.0500000000000007e+00 7.4386431059174953e-03 
 8.0600000000000005e+00 5.1619954604214362e-03 
 8.0700000000000003e+00 3.3680674688948004e-03 
 8.0800000000000001e+00 2.0565983328493971e-03 
 8.0899999999999999e+00 1.2273272537970219e-03 
 8.0999999999999996e+00 8.7999343324948395e-04 
 8.1099999999999994e+00 1.0143360727185927e-03 
 8.1200000000000010e+00 1.6300943737162961e-03 
 8.1300000000000008e+00 2.7270075377541989e-03 
 8.1400000000000006e+00 4.3048147663441415e-03 
 8.1500000000000004e+00 6.3632552609979576e-03 
 8.1600000000000001e+00 8.9020682232274391e-03 
 8.1699999999999999e+00 1.1920992854544394e-02 
 8.1799999999999997e+00 1.5419768356460622e-02 
 8.1899999999999995e+00 1.9398133930487955e-02 
 8.1999999999999993e+00 2.3855828778138154e-02 
 8.2100000000000009e+00 2.9005715193272139e-02 
 8.2200000000000006e+00 3.4997871769523917e-02 
 8.2300000000000004e+00 4.1737862158069676e-02 
 8.2400000000000002e+00 4.9131250010084802e-02 
 8.2500000000000000e+00 5.7083598976744671e-02 
 8.2599999999999998e+00 6.5500472709224669e-02 
 8.2699999999999996e+00 7.4287434858700152e-02 
 8.2799999999999994e+00 8.3350049076346550e-02 
 8.2900000000000009e+00 9.2593879013340846e-02 
 8.3000000000000007e+00 1.0192448832085514e-01 
 8.3100000000000005e+00 1.1124744065006645e-01 
 8.3200000000000003e+00 1.2046829965215015e-01 
 8.3300000000000001e+00 1.2949262897828162e-01 
 8.3399999999999999e+00 1.3822599227963622e-01 
 8.3499999999999996e+00 1.4657395320738936e-01 
 8.3599999999999994e+00 1.5444207541271643e-01 
 8.3700000000000010e+00 1.6173592254679400e-01 
 8.3800000000000008e+00 1.6836105826079487e-01 
 8.3900000000000006e+00 1.7422304620589579e-01 
 8.4000000000000004e+00 1.7922745003327212e-01 
 8.4100000000000001e+00 1.8371563518926906e-01 
 8.4199999999999999e+00 1.8807367873765790e-01 
 8.4299999999999997e+00 1.9227421175575310e-01 
 8.4399999999999995e+00 1.9628986532086923e-01 
 8.4499999999999993e+00 2.0009327051032072e-01 
 8.4600000000000009e+00 2.0365705840142273e-01 
 8.4700000000000006e+00 2.0695386007148844e-01 
 8.4800000000000004e+00 2.0995630659783307e-01 
 8.4900000000000002e+00 2.1263702905777104e-01 
 8.5000000000000000e+00 2.1496865852861693e-01 
 8.5099999999999998e+00 2.1692382608768518e-01 
 8.5199999999999996e+00 2.1847516281229032e-01 
 8.5299999999999994e+00 2.1959529977974682e-01 
 8.5400000000000009e+00 2.2025686806736927e-01 
 8.5500000000000007e+00 2.2043249875247195e-01 
 8.5600000000000005e+00 2.2009482291236951e-01 
 8.5700000000000003e+00 2.1921647162437641e-01 
 8.5800000000000001e+00 2.1777007596580719e-01 
 8.5899999999999999e+00 2.1572826701397635e-01 
 8.5999999999999996e+00 2.1306367584619834e-01 
 8.6099999999999994e+00 2.0977131932992574e-01 
 8.6200000000000010e+00 2.0590500663625086e-01 
 8.6300000000000008e+00 2.0152555729795035e-01 
 8.6400000000000006e+00 1.9669379084779887e-01 
 8.6500000000000004e+00 1.9147052681857163e-01 
 8.6600000000000001e+00 1.8591658474304398e-01 
 8.6699999999999999e+00 1.8009278415399119e-01 
 8.6799999999999997e+00 1.7405994458418847e-01 
 8.6899999999999995e+00 1.6787888556641117e-01 
 8.7000000000000011e+00 1.6161042663343342e-01 
 8.7100000000000009e+00 1.5531538731803274e-01 
 8.7200000000000006e+00 1.4905458715298325e-01 
 8.7300000000000004e+00 1.4288884567106030e-01 
 8.7400000000000002e+00 1.3687898240503915e-01 
 8.7500000000000000e+00 1.3108581688769508e-01 
 8.7599999999999998e+00 1.2557016865180332e-01 
 8.7699999999999996e+00 1.2039285723013916e-01 
 8.7799999999999994e+00 1.1561470215547794e-01 
 8.7900000000000009e+00 1.1129652296059414e-01 
 8.8000000000000007e+00 1.0749913917826459e-01 
 8.8100000000000005e+00 1.0391706146687756e-01 
 8.8200000000000003e+00 1.0023083582171440e-01 
 8.8300000000000001e+00 9.6480334780888910e-02 
 8.8399999999999999e+00 9.2705430882514886e-02 
 8.8499999999999996e+00 8.8945996664706095e-02 
 8.8599999999999994e+00 8.5241904665576351e-02 
 8.8700000000000010e+00 8.1633027423238788e-02 
 8.8800000000000008e+00 7.8159237475808510e-02 
 8.8900000000000006e+00 7.4860407361398623e-02 
 8.9000000000000004e+00 7.1776409618122955e-02 
 8.9100000000000001e+00 6.8947116784095264e-02 
 8.9199999999999999e+00 6.6412401397429349e-02 
 8.9299999999999997e+00 6.4212135996239011e-02 
 8.9399999999999995e+00 6.2386193118638016e-02 
 8.9500000000000011e+00 6.0974445302739953e-02 
 8.9600000000000009e+00 6.0016765086659117e-02 
 8.9700000000000006e+00 5.9553025008509015e-02 
 8.9800000000000004e+00 5.9623097606403427e-02 
 8.9900000000000002e+00 6.0266855418456146e-02 
 9.0000000000000000e+00 6.1524170982780957e-02 
 9.0099999999999998e+00 6.3217322812560636e-02 
 9.0199999999999996e+00 6.5127563860413906e-02 
 9.0299999999999994e+00 6.7233228323608452e-02 
 9.0400000000000009e+00 6.9512650399412415e-02 
 9.0500000000000007e+00 7.1944164285092677e-02 
 9.0600000000000005e+00 7.4506104177917337e-02 
 9.0700000000000003e+00 7.7176804275154109e-02 
 9.0800000000000001e+00 7.9934598774070678e-02 
 9.0899999999999999e+00 8.2757821871934756e-02 
 9.0999999999999996e+00 8.5624807766014069e-02 
 9.1099999999999994e+00 8.8513890653576288e-02 
 9.1200000000000010e+00 9.1403404731889654e-02 
 9.1300000000000008e+00 9.4271684198220837e-02 
 9.1400000000000006e+00 9.7097063249838050e-02 
 9.1500000000000004e+00 9.9857876084009006e-02 
 9.1600000000000001e+00 1.0253245689800139e-01 
 9.1699999999999999e+00 1.0509913988908295e-01 
 9.1799999999999997e+00 1.0753625925452134e-01 
 9.1899999999999995e+00 1.0982214919158430e-01 
 9.2000000000000011e+00 1.1193514389753989e-01 
 9.2100000000000009e+00 1.1399178193501144e-01 
 9.2200000000000006e+00 1.1611283501797239e-01 
 9.2300000000000004e+00 1.1828298707071383e-01 
 9.2400000000000002e+00 1.2048692201752688e-01 
 9.2500000000000000e+00 1.2270932378270266e-01 
 9.2599999999999998e+00 1.2493487629053228e-01 
 9.2699999999999996e+00 1.2714826346530683e-01 
 9.2799999999999994e+00 1.2933416923131744e-01 
 9.2900000000000009e+00 1.3147727751285557e-01 
 9.3000000000000007e+00 1.3356227223421160e-01 
 9.3100000000000005e+00 1.3557383731967701e-01 
 9.3200000000000003e+00 1.3749665669354288e-01 
 9.3300000000000001e+00 1.3931541428010039e-01 
 9.3399999999999999e+00 1.4101479400364059e-01 
 9.3499999999999996e+00 1.4257947978845459e-01 
 9.3599999999999994e+00 1.4399415555883355e-01 
 9.3700000000000010e+00 1.4524350523906873e-01 
 9.3800000000000008e+00 1.4631221275345080e-01 
 9.3900000000000006e+00 1.4718496202627115e-01 
 9.4000000000000004e+00 1.4784643698182087e-01 
 9.4100000000000001e+00 1.4832817210557384e-01 
 9.4199999999999999e+00 1.4867689477339238e-01 
 9.4299999999999997e+00 1.4890007824515011e-01 
 9.4399999999999995e+00 1.4900519578072072e-01 
 9.4500000000000011e+00 1.4899972063997785e-01 
 9.4600000000000009e+00 1.4889112608279520e-01 
 9.4700000000000006e+00 1.4868688536904642e-01 
 9.4800000000000004e+00 1.4839447175860518e-01 
 9.4900000000000002e+00 1.4802135851134515e-01 
 9.5000000000000000e+00 1.4757501888714003e-01 
 9.5099999999999998e+00 1.4706292614586342e-01 
 9.5199999999999996e+00 1.4649255354738902e-01 
 9.5299999999999994e+00 1.4587137435159050e-01 
 9.5400000000000009e+00 1.4520686181834142e-01 
 9.5500000000000007e+00 1.4450648920751563e-01 
 9.5600000000000005e+00 1.4377772977898673e-01 
 9.5700000000000003e+00 1.4302805679262837e-01 
 9.5800000000000001e+00 1.4226494350831423e-01 
 9.5899999999999999e+00 1.4149586318591795e-01 
 9.5999999999999996e+00 1.4072828908531324e-01 
 9.6099999999999994e+00 1.3996468802614864e-01 
 9.6200000000000010e+00 1.3920113226716987e-01 
 9.6300000000000008e+00 1.3843550322689674e-01 
 9.6400000000000006e+00 1.3766568232384860e-01 
 9.6500000000000004e+00 1.3688955097654498e-01 
 9.6600000000000001e+00 1.3610499060350542e-01 
 9.6699999999999999e+00 1.3530988262324942e-01 
 9.6799999999999997e+00 1.3450210845429647e-01 
 9.6899999999999995e+00 1.3367954951516614e-01 
 9.7000000000000011e+00 1.3284008722437776e-01 
 9.7100000000000009e+00 1.3198160300045117e-01 
 9.7200000000000006e+00 1.3110197826190573e-01 
 9.7300000000000004e+00 1.3019909442726096e-01 
 9.7400000000000002e+00 1.2927083291503638e-01 
 9.7500000000000000e+00 1.2831507514375151e-01 
 9.7599999999999998e+00 1.2732970253192585e-01 
 9.7699999999999996e+00 1.2631259649807897e-01 
 9.7799999999999994e+00 1.2526163846073032e-01 
 9.7900000000000009e+00 1.2417470983839926e-01 
 9.8000000000000007e+00 1.2304969204960570e-01 
 9.8100000000000005e+00 1.2186314124394879e-01 
 9.8200000000000003e+00 1.2059793605970731e-01 
 9.8300000000000001e+00 1.1926144164841992e-01 
 9.8399999999999999e+00 1.1786102316162532e-01 
 9.8499999999999996e+00 1.1640404575086215e-01 
 9.8599999999999994e+00 1.1489787456766906e-01 
 9.8700000000000010e+00 1.1334987476358449e-01 
 9.8800000000000008e+00 1.1176741149014761e-01 
 9.8900000000000006e+00 1.1015784989889683e-01 
 9.9000000000000004e+00 1.0852855514137083e-01 
 9.9100000000000001e+00 1.0688689236910827e-01 
 9.9199999999999999e+00 1.0524022673364782e-01 
 9.9299999999999997e+00 1.0359592338652812e-01 
 9.9399999999999995e+00 1.0196134747928787e-01 
 9.9500000000000011e+00 1.0034386416346544e-01 
 9.9600000000000009e+00 9.8750838590600062e-02 
 9.9700000000000006e+00 9.7189635912230121e-02 
 9.9800000000000004e+00 9.5667621279894297e-02 
 9.9900000000000002e+00 9.4192159845131240e-02 
 1.0000000000000000e+01 9.2770616759479618e-02 
 1.0010000000000000e+01 9.1299590180091206e-02 
 1.0020000000000000e+01 8.9693962694453622e-02 
 1.0029999999999999e+01 8.7988526099609360e-02 
 1.0039999999999999e+01 8.6218072192600845e-02 
 1.0049999999999999e+01 8.4417392770470570e-02 
 1.0060000000000000e+01 8.2621279630260683e-02 
 1.0070000000000000e+01 8.0864524569014301e-02 
 1.0080000000000000e+01 7.9181919383773544e-02 
 1.0090000000000000e+01 7.7608255871580892e-02 
 1.0100000000000000e+01 7.6178325829478824e-02 
 1.0109999999999999e+01 7.4926921054509793e-02 
 1.0119999999999999e+01 7.3888833343716265e-02 
 1.0129999999999999e+01 7.3098854494140705e-02 
 1.0140000000000001e+01 7.2591776302825511e-02 
 1.0150000000000000e+01 7.2402390566813357e-02 
 1.0160000000000000e+01 7.2565489083146584e-02 
 1.0170000000000000e+01 7.3115863648867657e-02 
 1.0180000000000000e+01 7.4088306061019030e-02 
 1.0190000000000000e+01 7.5517608116643181e-02 
 1.0199999999999999e+01 7.7438561612782564e-02 
 1.0209999999999999e+01 7.9643863873328044e-02 
 1.0220000000000001e+01 8.1900401337221831e-02 
 1.0230000000000000e+01 8.4204249474082268e-02 
 1.0240000000000000e+01 8.6551483753528918e-02 
 1.0250000000000000e+01 8.8938179645180929e-02 
 1.0260000000000000e+01 9.1360412618657474e-02 
 1.0270000000000000e+01 9.3814258143577689e-02 
 1.0279999999999999e+01 9.6295791689560734e-02 
 1.0289999999999999e+01 9.8801088726225783e-02 
 1.0299999999999999e+01 1.0132622472319198e-01 
 1.0310000000000000e+01 1.0386727515007894e-01 
 1.0320000000000000e+01 1.0642031547650492e-01 
 1.0330000000000000e+01 1.0898142117208952e-01 
 1.0340000000000000e+01 1.1154666770645189e-01 
 1.0350000000000000e+01 1.1411213054921121e-01 
 1.0359999999999999e+01 1.1667388516998661e-01 
 1.0369999999999999e+01 1.1922800703839725e-01 
 1.0379999999999999e+01 1.2177057162406232e-01 
 1.0390000000000001e+01 1.2429765439660138e-01 
 1.0400000000000000e+01 1.2680533082563272e-01 
 1.0410000000000000e+01 1.2931729704058678e-01 
 1.0420000000000000e+01 1.3185712062657590e-01 
 1.0430000000000000e+01 1.3442068423674267e-01 
 1.0440000000000000e+01 1.3700387052422977e-01 
 1.0449999999999999e+01 1.3960256214217981e-01 
 1.0459999999999999e+01 1.4221264174373544e-01 
 1.0470000000000001e+01 1.4482999198203972e-01 
 1.0480000000000000e+01 1.4745049551023443e-01 
 1.0490000000000000e+01 1.5007003498146257e-01 
 1.0500000000000000e+01 1.5268449304886683e-01 
 1.0510000000000000e+01 1.5528975236558987e-01 
 1.0520000000000000e+01 1.5788169558477425e-01 
 1.0529999999999999e+01 1.6045620535956268e-01 
 1.0539999999999999e+01 1.6300916434309773e-01 
 1.0549999999999999e+01 1.6553645518852206e-01 
 1.0560000000000000e+01 1.6803396054897876e-01 
 1.0570000000000000e+01 1.7049756307760955e-01 
 1.0580000000000000e+01 1.7292314542755755e-01 
 1.0590000000000000e+01 1.7530659025196532e-01 
 1.0600000000000000e+01 1.7764378020397559e-01 
 1.0609999999999999e+01 1.7950846005100704e-01 
 1.0619999999999999e+01 1.8051944553378499e-01 
 1.0629999999999999e+01 1.8074022576541210e-01 
 1.0640000000000001e+01 1.8023428985899095e-01 
 1.0650000000000000e+01 1.7906512692762447e-01 
 1.0660000000000000e+01 1.7729622608441531e-01 
 1.0670000000000000e+01 1.7499107644246623e-01 
 1.0680000000000000e+01 1.7221316711487988e-01 
 1.0690000000000000e+01 1.6902598721475906e-01 
 1.0699999999999999e+01 1.6549302585520645e-01 
 1.0709999999999999e+01 1.6167777214932477e-01 
 1.0720000000000001e+01 1.5764371521021603e-01 
 1.0730000000000000e+01 1.5345434415098433e-01 
 1.0740000000000000e+01 1.4917314808473175e-01 
 1.0750000000000000e+01 1.4486361612456097e-01 
 1.0760000000000000e+01 1.4058923738357476e-01 
 1.0770000000000000e+01 1.3641350097487576e-01 
 1.0779999999999999e+01 1.3239989601156676e-01 
 1.0789999999999999e+01 1.2861191160675045e-01 
 1.0799999999999999e+01 1.2511303687352954e-01 
 1.0810000000000000e+01 1.2160071344373673e-01 
 1.0820000000000000e+01 1.1775852477252585e-01 
 1.0830000000000000e+01 1.1362917270797822e-01 
 1.0840000000000000e+01 1.0925535909817574e-01 
 1.0850000000000000e+01 1.0467978579120031e-01 
 1.0859999999999999e+01 9.9945154635133843e-02 
 1.0869999999999999e+01 9.5094167478058239e-02 
 1.0879999999999999e+01 9.0169526168055403e-02 
 1.0890000000000001e+01 8.5213932553206376e-02 
 1.0900000000000000e+01 8.0270088481594809e-02 
 1.0910000000000000e+01 7.5380695801301745e-02 
 1.0920000000000000e+01 7.0588456360409085e-02 
 1.0930000000000000e+01 6.5936072006998733e-02 
 1.0940000000000000e+01 6.1466244589152591e-02 
 1.0949999999999999e+01 5.7221675954952589e-02 
 1.0959999999999999e+01 5.3245067952480615e-02 
 1.0970000000000001e+01 4.9579122429817934e-02 
 1.0980000000000000e+01 4.6266541235047809e-02 
 1.0990000000000000e+01 4.3350026216251433e-02 
 1.1000000000000000e+01 4.0872279221510710e-02 
 1.1010000000000000e+01 3.8979788384817970e-02 
 1.1020000000000000e+01 3.7763497788875389e-02 
 1.1029999999999999e+01 3.7182793204829673e-02 
 1.1039999999999999e+01 3.7197060403827531e-02 
 1.1049999999999999e+01 3.7765685157015672e-02 
 1.1060000000000000e+01 3.8848053235541032e-02 
 1.1070000000000000e+01 4.0403550410549931e-02 
 1.1080000000000000e+01 4.2391562453189223e-02 
 1.1090000000000000e+01 4.4771475134605609e-02 
 1.1100000000000000e+01 4.7502674225945805e-02 
 1.1109999999999999e+01 5.0544545498356512e-02 
 1.1119999999999999e+01 5.3856474722984451e-02 
 1.1129999999999999e+01 5.7397847670976304e-02 
 1.1140000000000001e+01 6.1128050113479465e-02 
 1.1150000000000000e+01 6.5006467821639310e-02 
 1.1160000000000000e+01 6.8992486566603201e-02 
 1.1170000000000000e+01 7.3045492119517830e-02 
 1.1180000000000000e+01 7.7124870251529920e-02 
 1.1190000000000000e+01 8.1190006733786180e-02 
 1.1199999999999999e+01 8.5200287337433289e-02 
 1.1209999999999999e+01 8.9471539774961861e-02 
 1.1220000000000001e+01 9.4302479268551759e-02 
 1.1230000000000000e+01 9.9626822853880262e-02 
 1.1240000000000000e+01 1.0537828756662718e-01 
 1.1250000000000000e+01 1.1149059044247146e-01 
 1.1260000000000000e+01 1.1789744851709211e-01 
 1.1270000000000000e+01 1.2453257882616811e-01 
 1.1279999999999999e+01 1.3132969840537842e-01 
 1.1289999999999999e+01 1.3822252429040205e-01 
 1.1299999999999999e+01 1.4514477351691796e-01 
 1.1310000000000000e+01 1.5203016312060635e-01 
 1.1320000000000000e+01 1.5881241013714378e-01 
 1.1330000000000000e+01 1.6542523160221040e-01 
 1.1340000000000000e+01 1.7180234455148524e-01 
 1.1350000000000000e+01 1.7787746602064730e-01 
 1.1359999999999999e+01 1.8358431304537548e-01 
 1.1369999999999999e+01 1.8885660266134882e-01 
 1.1379999999999999e+01 1.9362805190424631e-01 
 1.1390000000000001e+01 1.9783237780974761e-01 
 1.1400000000000000e+01 2.0140329741353014e-01 
 1.1410000000000000e+01 2.0437257501549330e-01 
 1.1420000000000000e+01 2.0682757457420040e-01 
 1.1430000000000000e+01 2.0878541261332759e-01 
 1.1440000000000000e+01 2.1026320565655107e-01 
 1.1449999999999999e+01 2.1127807022754699e-01 
 1.1459999999999999e+01 2.1184712284999155e-01 
 1.1470000000000001e+01 2.1198748004756091e-01 
 1.1480000000000000e+01 2.1171625834393121e-01 
 1.1490000000000000e+01 2.1105057426277868e-01 
 1.1500000000000000e+01 2.1000754432777949e-01 
 1.1510000000000000e+01 2.0860428506260981e-01 
 1.1520000000000000e+01 2.0685791299094583e-01 
 1.1529999999999999e+01 2.0478554463646376e-01 
 1.1539999999999999e+01 2.0240429652283973e-01 
 1.1550000000000001e+01 1.9973128517374944e-01 
 1.1560000000000000e+01 1.9678362711287001e-01 
 1.1570000000000000e+01 1.9357843886387716e-01 
 1.1580000000000000e+01 1.9013283695044711e-01 
 1.1590000000000000e+01 1.8646393789625598e-01 
 1.1600000000000000e+01 1.8258885822497997e-01 
 1.1609999999999999e+01 1.7821911978472091e-01 
 1.1619999999999999e+01 1.7310915248085576e-01 
 1.1629999999999999e+01 1.6734043492297385e-01 
 1.1640000000000001e+01 1.6099444572066335e-01 
 1.1650000000000000e+01 1.5415266348351583e-01 
 1.1660000000000000e+01 1.4689656682111957e-01 
 1.1670000000000000e+01 1.3930763434306387e-01 
 1.1680000000000000e+01 1.3146734465893808e-01 
 1.1690000000000000e+01 1.2345717637833155e-01 
 1.1699999999999999e+01 1.1535860811083355e-01 
 1.1709999999999999e+01 1.0725311846603346e-01 
 1.1720000000000001e+01 9.9222186053519165e-02 
 1.1730000000000000e+01 9.1347289482882871e-02 
 1.1740000000000000e+01 8.3709907363712477e-02 
 1.1750000000000000e+01 7.6391518305597261e-02 
 1.1760000000000000e+01 6.9473600918126655e-02 
 1.1770000000000000e+01 6.3037633810889879e-02 
 1.1779999999999999e+01 5.7165095593476323e-02 
 1.1789999999999999e+01 5.1937464875475292e-02 
 1.1800000000000001e+01 4.7436220266475426e-02 
 1.1810000000000000e+01 4.3463730737942449e-02 
 1.1820000000000000e+01 3.9776330678963558e-02 
 1.1830000000000000e+01 3.6386446825563912e-02 
 1.1840000000000000e+01 3.3306505913768644e-02 
 1.1850000000000000e+01 3.0548934679602912e-02 
 1.1859999999999999e+01 2.8126159859091854e-02 
 1.1869999999999999e+01 2.6050608188260622e-02 
 1.1879999999999999e+01 2.4334706403134357e-02 
 1.1890000000000001e+01 2.2990881239737998e-02 
 1.1900000000000000e+01 2.2031559434097181e-02 
 1.1910000000000000e+01 2.1469167722236778e-02 
 1.1920000000000000e+01 2.1316132840181926e-02 
 1.1930000000000000e+01 2.1584881523957773e-02 
 1.1940000000000000e+01 2.2287840509589478e-02 
 1.1949999999999999e+01 2.3437436533102173e-02 
 1.1959999999999999e+01 2.5046096330521010e-02 
 1.1970000000000001e+01 2.7126246637871540e-02 
 1.1980000000000000e+01 2.9690314191178190e-02 
 1.1990000000000000e+01 3.2750725726466423e-02 
 1.2000000000000000e+01 3.6319907979761368e-02 
 1.2010000000000000e+01 4.0586070318693469e-02 
 1.2020000000000000e+01 4.5672933875575028e-02 
 1.2030000000000001e+01 5.1496193033455158e-02 
 1.2039999999999999e+01 5.7971542175378574e-02 
 1.2050000000000001e+01 6.5014675684397852e-02 
 1.2059999999999999e+01 7.2541287943556021e-02 
 1.2070000000000000e+01 8.0467073335906414e-02 
 1.2080000000000000e+01 8.8707726244492913e-02 
 1.2090000000000000e+01 9.7178941052364909e-02 
 1.2100000000000000e+01 1.0579641214257038e-01 
 1.2109999999999999e+01 1.1447583389815735e-01 
 1.2120000000000001e+01 1.2313290070217535e-01 
 1.2129999999999999e+01 1.3168330693766778e-01 
 1.2140000000000001e+01 1.4004274698768873e-01 
 1.2149999999999999e+01 1.4812691523528027e-01 
 1.2160000000000000e+01 1.5585150606349610e-01 
 1.2170000000000000e+01 1.6313221385538004e-01 
 1.2180000000000000e+01 1.6988473299398149e-01 
 1.2190000000000000e+01 1.7602475786234847e-01 
 1.2199999999999999e+01 1.8146798284352897e-01 
 1.2210000000000001e+01 1.8656016870298403e-01 
 1.2219999999999999e+01 1.9166990197508516e-01 
 1.2230000000000000e+01 1.9674711569625455e-01 
 1.2240000000000000e+01 2.0174174290290803e-01 
 1.2250000000000000e+01 2.0660371663146504e-01 
 1.2260000000000000e+01 2.1128296991834419e-01 
 1.2270000000000000e+01 2.1572943579996401e-01 
 1.2280000000000001e+01 2.1989304731274381e-01 
 1.2289999999999999e+01 2.2372373749310001e-01 
 1.2300000000000001e+01 2.2717143937745388e-01 
 1.2309999999999999e+01 2.3018608600222157e-01 
 1.2320000000000000e+01 2.3271761040382374e-01 
 1.2330000000000000e+01 2.3471594561867748e-01 
 1.2340000000000000e+01 2.3613102468320191e-01 
 1.2350000000000000e+01 2.3691278063381549e-01 
 1.2359999999999999e+01 2.3701114650693689e-01 
 1.2370000000000001e+01 2.3637605533898443e-01 
 1.2379999999999999e+01 2.3495744016637721e-01 
 1.2390000000000001e+01 2.3270523402553284e-01 
 1.2399999999999999e+01 2.2956936995287144e-01 
 1.2410000000000000e+01 2.2557020774148231e-01 
 1.2420000000000000e+01 2.2080992806462443e-01 
 1.2430000000000000e+01 2.1536119527896397e-01 
 1.2440000000000000e+01 2.0929667374116775e-01 
 1.2449999999999999e+01 2.0268902780790268e-01 
 1.2460000000000001e+01 1.9561092183583426e-01 
 1.2469999999999999e+01 1.8813502018163322e-01 
 1.2480000000000000e+01 1.8033398720196112e-01 
 1.2490000000000000e+01 1.7228048725348888e-01 
 1.2500000000000000e+01 1.6404718469288196e-01 
 1.2510000000000000e+01 1.5570674387680725e-01 
 1.2520000000000000e+01 1.4733182916193155e-01 
 1.2530000000000001e+01 1.3899510490492029e-01 
 1.2539999999999999e+01 1.3076923546244462e-01 
 1.2550000000000001e+01 1.2272688519116570e-01 
 1.2559999999999999e+01 1.1494071844775594e-01 
 1.2570000000000000e+01 1.0748339958887673e-01 
 1.2580000000000000e+01 1.0042759297119899e-01 
 1.2590000000000000e+01 9.3845962951388168e-02 
 1.2600000000000000e+01 8.7811173886111177e-02 
 1.2609999999999999e+01 8.1787816253400147e-02 
 1.2620000000000001e+01 7.5267816572000990e-02 
 1.2629999999999999e+01 6.8364843259657027e-02 
 1.2640000000000001e+01 6.1192564734103123e-02 
 1.2649999999999999e+01 5.3864649413084109e-02 
 1.2660000000000000e+01 4.6494765714334543e-02 
 1.2670000000000000e+01 3.9196582055598110e-02 
 1.2680000000000000e+01 3.2083766854613248e-02 
 1.2690000000000000e+01 2.5269988529119713e-02 
 1.2699999999999999e+01 1.8868915496857236e-02 
 1.2710000000000001e+01 1.2994216175564594e-02 
 1.2719999999999999e+01 7.7595589829844852e-03 
 1.2730000000000000e+01 3.2786123368529763e-03 
 1.2740000000000000e+01 -3.3495534508756752e-04 
 1.2750000000000000e+01 -2.9674756450982914e-03 
 1.2760000000000000e+01 -4.5052801454394109e-03 
 1.2770000000000000e+01 -4.8347004283712247e-03 
 1.2780000000000001e+01 -3.8420680761536430e-03 
 1.2789999999999999e+01 -1.4137146710478249e-03 
 1.2800000000000001e+01 2.5640282046877072e-03 
 1.2809999999999999e+01 7.4919358323926946e-03 
 1.2820000000000000e+01 1.2679850130910822e-02 
 1.2830000000000000e+01 1.8105039474226311e-02 
 1.2840000000000000e+01 2.3744772236326990e-02 
 1.2850000000000000e+01 2.9576316791199778e-02 
 1.2859999999999999e+01 3.5576941512831597e-02 
 1.2870000000000001e+01 4.1723914775210480e-02 
 1.2879999999999999e+01 4.7994504952320022e-02 
 1.2890000000000001e+01 5.4365980418151612e-02 
 1.2899999999999999e+01 6.0815609546687653e-02 
 1.2910000000000000e+01 6.7320660711919653e-02 
 1.2920000000000000e+01 7.3858402287831054e-02 
 1.2930000000000000e+01 8.0406102648409958e-02 
 1.2940000000000000e+01 8.6941030167643263e-02 
 1.2949999999999999e+01 9.3440453219517897e-02 
 1.2960000000000001e+01 9.9881640178021952e-02 
 1.2969999999999999e+01 1.0624185941713889e-01 
 1.2980000000000000e+01 1.1249837931086021e-01 
 1.2990000000000000e+01 1.1862846823316939e-01 
 1.3000000000000000e+01 1.2460939455805453e-01 
 1.3010000000000000e+01 1.3057053250439127e-01 
 1.3020000000000000e+01 1.3664111187334385e-01 
 1.3030000000000001e+01 1.4279818441233327e-01 
 1.3039999999999999e+01 1.4901880186877611e-01 
 1.3050000000000001e+01 1.5528001599009661e-01 
 1.3059999999999999e+01 1.6155887852371023e-01 
 1.3070000000000000e+01 1.6783244121704127e-01 
 1.3080000000000000e+01 1.7407775581750629e-01 
 1.3090000000000000e+01 1.8027187407252626e-01 
 1.3100000000000000e+01 1.8639184772952103e-01 
 1.3109999999999999e+01 1.9241472853591052e-01 
 1.3120000000000001e+01 1.9831756823911556e-01 
 1.3129999999999999e+01 2.0407741858655298e-01 
 1.3140000000000001e+01 2.0967133132564669e-01 
 1.3149999999999999e+01 2.1507635820381266e-01 
 1.3160000000000000e+01 2.2026955096847450e-01 
 1.3170000000000000e+01 2.2522796136704931e-01 
 1.3180000000000000e+01 2.2992864114695793e-01 
 1.3190000000000000e+01 2.3434864205562017e-01 
 1.3199999999999999e+01 2.3846501584045596e-01 
 1.3210000000000001e+01 2.4161951719629113e-01 
 1.3219999999999999e+01 2.4324596601674325e-01 
 1.3230000000000000e+01 2.4345951184742418e-01 
 1.3240000000000000e+01 2.4237530423394396e-01 
 1.3250000000000000e+01 2.4010849272191345e-01 
 1.3260000000000000e+01 2.3677422685694319e-01 
 1.3270000000000000e+01 2.3248765618464384e-01 
 1.3280000000000001e+01 2.2736393025062501e-01 
 1.3289999999999999e+01 2.2151819860050020e-01 
 1.3300000000000001e+01 2.1506561077987602e-01 
 1.3309999999999999e+01 2.0812131633436753e-01 
 1.3320000000000000e+01 2.0080046480958047e-01 
 1.3330000000000000e+01 1.9321820575112925e-01 
 1.3340000000000000e+01 1.8548968870462321e-01 
 1.3350000000000000e+01 1.7773006321567297e-01 
 1.3359999999999999e+01 1.7005447882988917e-01 
 1.3370000000000001e+01 1.6257808509288108e-01 
 1.3379999999999999e+01 1.5541603155026323e-01 
 1.3390000000000001e+01 1.4868346774764118e-01 
 1.3399999999999999e+01 1.4249554323063029e-01 
 1.3410000000000000e+01 1.3637582435181961e-01 
 1.3420000000000000e+01 1.2981177762116164e-01 
 1.3430000000000000e+01 1.2286440282030020e-01 
 1.3440000000000000e+01 1.1559469973088007e-01 
 1.3449999999999999e+01 1.0806366813454607e-01 
 1.3460000000000001e+01 1.0033230781294160e-01 
 1.3469999999999999e+01 9.2461618547715618e-02 
 1.3480000000000000e+01 8.4512600120507347e-02 
 1.3490000000000000e+01 7.6546252312965815e-02 
 1.3500000000000000e+01 6.8623574906734403e-02 
 1.3510000000000000e+01 6.0805567683457906e-02 
 1.3520000000000000e+01 5.3153230424781137e-02 
 1.3530000000000001e+01 4.5727562912347600e-02 
 1.3539999999999999e+01 3.8589564927805978e-02 
 1.3550000000000001e+01 3.1800236252795988e-02 
 1.3559999999999999e+01 2.5420576668967257e-02 
 1.3570000000000000e+01 1.9511585957960070e-02 
 1.3580000000000000e+01 1.4134263901422500e-02 
 1.3590000000000000e+01 9.3496102809982606e-03 
 1.3600000000000000e+01 5.2186248783321343e-03 
 1.3609999999999999e+01 1.9560247787215879e-03 
 1.3620000000000001e+01 -3.0528758917791957e-04 
 1.3629999999999999e+01 -1.6270344286833096e-03 
 1.3640000000000001e+01 -2.0709379431134130e-03 
 1.3649999999999999e+01 -1.6987203357857802e-03 
 1.3660000000000000e+01 -5.7210381001803704e-04 
 1.3670000000000000e+01 1.2471894308715356e-03 
 1.3680000000000000e+01 3.6974371835651900e-03 
 1.3690000000000000e+01 6.7169172447450569e-03 
 1.3699999999999999e+01 1.0243907411093250e-02 
 1.3710000000000001e+01 1.4216685479292637e-02 
 1.3719999999999999e+01 1.8573529246023110e-02 
 1.3730000000000000e+01 2.3252716507969888e-02 
 1.3740000000000000e+01 2.8192525061812669e-02 
 1.3750000000000000e+01 3.3331232704234368e-02 
 1.3760000000000000e+01 3.8607117231917135e-02 
 1.3770000000000000e+01 4.3958456441543059e-02 
 1.3780000000000001e+01 4.9323528129795256e-02 
 1.3789999999999999e+01 5.4640610093352950e-02 
 1.3800000000000001e+01 5.9847980128902134e-02 
 1.3809999999999999e+01 6.5327598623687005e-02 
 1.3820000000000000e+01 7.1450099457136040e-02 
 1.3830000000000000e+01 7.8136770664192529e-02 
 1.3840000000000000e+01 8.5308900279803923e-02 
 1.3850000000000000e+01 9.2887776338916622e-02 
 1.3859999999999999e+01 1.0079468687647700e-01 
 1.3870000000000001e+01 1.0895091992743294e-01 
 1.3879999999999999e+01 1.1727776352672645e-01 
 1.3890000000000001e+01 1.2569650570930979e-01 
 1.3899999999999999e+01 1.3412843451012346e-01 
 1.3910000000000000e+01 1.4249483796411977e-01 
 1.3920000000000000e+01 1.5071700410624062e-01 
 1.3930000000000000e+01 1.5871622097143401e-01 
 1.3940000000000000e+01 1.6641377659464621e-01 
 1.3949999999999999e+01 1.7373095901082369e-01 
 1.3960000000000001e+01 1.8058905625491400e-01 
 1.3969999999999999e+01 1.8690935636186007e-01 
 1.3980000000000000e+01 1.9261314736661270e-01 
 1.3990000000000000e+01 1.9762171730411515e-01 
 1.4000000000000000e+01 2.0185635420931480e-01 
 1.4010000000000000e+01 2.0540086794453674e-01 
 1.4020000000000000e+01 2.0840153090455485e-01 
 1.4030000000000001e+01 2.1087332492298916e-01 
 1.4039999999999999e+01 2.1283123183345815e-01 
 1.4050000000000001e+01 2.1429023346958287e-01 
 1.4059999999999999e+01 2.1526531166498200e-01 
 1.4070000000000000e+01 2.1577144825327582e-01 
 1.4080000000000000e+01 2.1582362506808367e-01 
 1.4090000000000000e+01 2.1543682394302530e-01 
 1.4100000000000000e+01 2.1462602671172037e-01 
 1.4109999999999999e+01 2.1340621520778857e-01 
 1.4120000000000001e+01 2.1179237126484923e-01 
 1.4129999999999999e+01 2.0979947671652299e-01 
 1.4140000000000001e+01 2.0744251339642805e-01 
 1.4149999999999999e+01 2.0473646313818580e-01 
 1.4160000000000000e+01 2.0169630777541392e-01 
 1.4170000000000000e+01 1.9833702914173368e-01 
 1.4180000000000000e+01 1.9467360907076420e-01 
 1.4190000000000000e+01 1.9072102939612509e-01 
 1.4199999999999999e+01 1.8649427195143609e-01 
 1.4210000000000001e+01 1.8176762891525652e-01 
 1.4219999999999999e+01 1.7635626162225043e-01 
 1.4230000000000000e+01 1.7033645564018551e-01 
 1.4240000000000000e+01 1.6378449653683630e-01 
 1.4250000000000000e+01 1.5677666987997332e-01 
 1.4260000000000000e+01 1.4938926123736804e-01 
 1.4270000000000000e+01 1.4169855617679197e-01 
 1.4280000000000001e+01 1.3378084026601522e-01 
 1.4289999999999999e+01 1.2571239907281356e-01 
 1.4300000000000001e+01 1.1756951816495279e-01 
 1.4309999999999999e+01 1.0942848311021014e-01 
 1.4320000000000000e+01 1.0136557947635140e-01 
 1.4330000000000000e+01 9.3457092831152389e-02 
 1.4340000000000000e+01 8.5779308742383154e-02 
 1.4350000000000000e+01 7.8408512777815242e-02 
 1.4359999999999999e+01 7.1420990505220133e-02 
 1.4370000000000001e+01 6.4893027492368235e-02 
 1.4379999999999999e+01 5.8900909307034399e-02 
 1.4390000000000001e+01 5.3520921516985870e-02 
 1.4399999999999999e+01 4.8829349689997970e-02 
 1.4410000000000000e+01 4.4574367845447493e-02 
 1.4420000000000000e+01 4.0470465644487523e-02 
 1.4430000000000000e+01 3.6543402117544775e-02 
 1.4440000000000000e+01 3.2818936295046758e-02 
 1.4449999999999999e+01 2.9322827207420965e-02 
 1.4460000000000001e+01 2.6080833885094346e-02 
 1.4469999999999999e+01 2.3118715358496047e-02 
 1.4480000000000000e+01 2.0462230658051476e-02 
 1.4490000000000000e+01 1.8137138814189629e-02 
 1.4500000000000000e+01 1.6169198857337509e-02 
 1.4510000000000000e+01 1.4584169817922606e-02 
 1.4520000000000000e+01 1.3407810726372420e-02 
 1.4530000000000001e+01 1.2665880613114362e-02 
 1.4539999999999999e+01 1.2384138508576219e-02 
 1.4550000000000001e+01 1.2588343443185254e-02 
 1.4559999999999999e+01 1.3304254447368859e-02 
 1.4570000000000000e+01 1.4557630551555026e-02 
 1.4580000000000000e+01 1.6374230786170736e-02 
 1.4590000000000000e+01 1.8779814181643661e-02 
 1.4600000000000000e+01 2.1800139768401290e-02 
 1.4609999999999999e+01 2.5438377886126538e-02 
 1.4620000000000001e+01 2.9642264900957761e-02 
 1.4629999999999999e+01 3.4354408883002147e-02 
 1.4640000000000001e+01 3.9517417902372606e-02 
 1.4649999999999999e+01 4.5073900029175037e-02 
 1.4660000000000000e+01 5.0966463333522935e-02 
 1.4670000000000000e+01 5.7137715885522813e-02 
 1.4680000000000000e+01 6.3530265755285253e-02 
 1.4690000000000000e+01 7.0086721012919823e-02 
 1.4699999999999999e+01 7.6749689728536075e-02 
 1.4710000000000001e+01 8.3461779972244771e-02 
 1.4719999999999999e+01 9.0165599814151912e-02 
 1.4730000000000000e+01 9.6803757324371797e-02 
 1.4740000000000000e+01 1.0331886057301040e-01 
 1.4750000000000000e+01 1.0965351763017853e-01 
 1.4760000000000000e+01 1.1575033656598570e-01 
 1.4770000000000000e+01 1.2155192545054150e-01 
 1.4780000000000001e+01 1.2700089235395642e-01 
 1.4789999999999999e+01 1.3203984534633723e-01 
 1.4800000000000001e+01 1.3661139249779708e-01 
 1.4809999999999999e+01 1.4111325676423150e-01 
 1.4820000000000000e+01 1.4592796615870340e-01 
 1.4830000000000000e+01 1.5097533633706076e-01 
 1.4840000000000000e+01 1.5617518295515481e-01 
 1.4850000000000000e+01 1.6144732166883602e-01 
 1.4859999999999999e+01 1.6671156813395482e-01 
 1.4870000000000001e+01 1.7188773800636253e-01 
 1.4879999999999999e+01 1.7689564694190690e-01 
 1.4890000000000001e+01 1.8165511059644190e-01 
 1.4899999999999999e+01 1.8608594462581463e-01 
 1.4910000000000000e+01 1.9010796468587859e-01 
 1.4920000000000000e+01 1.9364098643248204e-01 
 1.4930000000000000e+01 1.9660482552147612e-01 
 1.4940000000000000e+01 1.9891929760871124e-01 
 1.4949999999999999e+01 2.0050421835003793e-01 
 1.4960000000000001e+01 2.0127940340130662e-01 
 1.4969999999999999e+01 2.0116466841836758e-01 
 1.4980000000000000e+01 2.0007982905707117e-01 
 1.4990000000000000e+01 1.9794470097326811e-01 
 1.5000000000000000e+01 1.9467909982280873e-01 
 1.5010000000000000e+01 1.9078923576091694e-01 
 1.5020000000000000e+01 1.8683843220859908e-01 
 1.5030000000000001e+01 1.8283217472037852e-01 
 1.5039999999999999e+01 1.7877594885078152e-01 
 1.5050000000000001e+01 1.7467524015432934e-01 
 1.5059999999999999e+01 1.7053553418554901e-01 
 1.5070000000000000e+01 1.6636231649896169e-01 
 1.5080000000000000e+01 1.6216107264909371e-01 
 1.5090000000000000e+01 1.5793728819046848e-01 
 1.5100000000000000e+01 1.5369644867761009e-01 
 1.5109999999999999e+01 1.4944403966504266e-01 
 1.5120000000000001e+01 1.4518554670728956e-01 
 1.5129999999999999e+01 1.4092645535887716e-01 
 1.5140000000000001e+01 1.3667225117432655e-01 
 1.5149999999999999e+01 1.3242841970816491e-01 
 1.5160000000000000e+01 1.2820044651491330e-01 
 1.5170000000000000e+01 1.2399381714909809e-01 
 1.5180000000000000e+01 1.1981401716524268e-01 
 1.5190000000000000e+01 1.1566653211787117e-01 
 1.5199999999999999e+01 1.1155684756150769e-01 
 1.5210000000000001e+01 1.0745832395390528e-01 
 1.5219999999999999e+01 1.0334329084469046e-01 
 1.5230000000000000e+01 9.9215687426190302e-02 
 1.5240000000000000e+01 9.5079452890736965e-02 
 1.5250000000000000e+01 9.0938526430659722e-02 
 1.5260000000000000e+01 8.6796847238288524e-02 
 1.5270000000000000e+01 8.2658354505953366e-02 
 1.5280000000000001e+01 7.8526987425983491e-02 
 1.5289999999999999e+01 7.4406685190711058e-02 
 1.5300000000000001e+01 7.0301386992463161e-02 
 1.5309999999999999e+01 6.6215032023572651e-02 
 1.5320000000000000e+01 6.2151559476366622e-02 
 1.5330000000000000e+01 5.8114908543177225e-02 
 1.5340000000000000e+01 5.4109018416333719e-02 
 1.5350000000000000e+01 5.0137828288166070e-02 
 1.5359999999999999e+01 4.6205277351004270e-02 
 1.5370000000000001e+01 4.2315304797177600e-02 
 1.5379999999999999e+01 3.8471849819018106e-02 
 1.5390000000000001e+01 3.4678851608853034e-02 
 1.5399999999999999e+01 3.0940249359015057e-02 
 1.5410000000000000e+01 2.7731381104361890e-02 
 1.5420000000000000e+01 2.5480379506281889e-02 
 1.5430000000000000e+01 2.4120375696893431e-02 
 1.5440000000000000e+01 2.3584500808315537e-02 
 1.5449999999999999e+01 2.3805885972667237e-02 
 1.5460000000000001e+01 2.4717662322067766e-02 
 1.5469999999999999e+01 2.6252960988635506e-02 
 1.5480000000000000e+01 2.8344913104490541e-02 
 1.5490000000000000e+01 3.0926649801750937e-02 
 1.5500000000000000e+01 3.3931302212536048e-02 
 1.5510000000000000e+01 3.7292001468964879e-02 
 1.5520000000000000e+01 4.0941878703156465e-02 
 1.5530000000000001e+01 4.4814065047230539e-02 
 1.5539999999999999e+01 4.8841691633304027e-02 
 1.5550000000000001e+01 5.2957889593498758e-02 
 1.5559999999999999e+01 5.7095790059930901e-02 
 1.5570000000000000e+01 6.1188524164722369e-02 
 1.5580000000000000e+01 6.5169223039990024e-02 
 1.5590000000000000e+01 6.8971017817853586e-02 
 1.5600000000000000e+01 7.2527039630432097e-02 
 1.5609999999999999e+01 7.6100845106410950e-02 
 1.5620000000000001e+01 7.9976051058146980e-02 
 1.5629999999999999e+01 8.4115878893262969e-02 
 1.5640000000000001e+01 8.8483550019386709e-02 
 1.5649999999999999e+01 9.3042285844139982e-02 
 1.5660000000000000e+01 9.7755307775150929e-02 
 1.5670000000000000e+01 1.0258583722004193e-01 
 1.5680000000000000e+01 1.0749709558643870e-01 
 1.5690000000000000e+01 1.1245230428196612e-01 
 1.5699999999999999e+01 1.1741468471424907e-01 
 1.5710000000000001e+01 1.2234745829091329e-01 
 1.5719999999999999e+01 1.2721384641958106e-01 
 1.5730000000000000e+01 1.3197707050788071e-01 
 1.5740000000000000e+01 1.3660035196343456e-01 
 1.5750000000000000e+01 1.4104691219386833e-01 
 1.5760000000000000e+01 1.4527997260680689e-01 
 1.5770000000000000e+01 1.4926275460987515e-01 
 1.5780000000000001e+01 1.5295847961069858e-01 
 1.5789999999999999e+01 1.5633036901690023e-01 
 1.5800000000000001e+01 1.5934164423610730e-01 
 1.5809999999999999e+01 1.6202677970616239e-01 
 1.5820000000000000e+01 1.6444399337515758e-01 
 1.5830000000000000e+01 1.6659212191608455e-01 
 1.5840000000000000e+01 1.6847000200193685e-01 
 1.5850000000000000e+01 1.7007647030570749e-01 
 1.5859999999999999e+01 1.7141036350038963e-01 
 1.5870000000000001e+01 1.7247051825897644e-01 
 1.5879999999999999e+01 1.7325577125446051e-01 
 1.5890000000000001e+01 1.7376495915983547e-01 
 1.5900000000000000e+01 1.7399691864809402e-01 
 1.5910000000000000e+01 1.7395048639222940e-01 
 1.5920000000000000e+01 1.7362449906523461e-01 
 1.5930000000000000e+01 1.7301779334010278e-01 
 1.5940000000000000e+01 1.7212920588982694e-01 
 1.5949999999999999e+01 1.7095757338740017e-01 
 1.5960000000000001e+01 1.6950173250581524e-01 
 1.5969999999999999e+01 1.6776051991806609e-01 
 1.5980000000000000e+01 1.6573277229714456e-01 
 1.5990000000000000e+01 1.6341732631604466e-01 
 1.6000000000000000e+01 1.6081301864775921e-01 
 1.6009999999999998e+01 1.5790133717048457e-01 
 1.6020000000000000e+01 1.5468554660148695e-01 
 1.6030000000000001e+01 1.5119714887236826e-01 
 1.6039999999999999e+01 1.4746764591473085e-01 
 1.6050000000000001e+01 1.4352853966017307e-01 
 1.6059999999999999e+01 1.3941133204029865e-01 
 1.6070000000000000e+01 1.3514752498670562e-01 
 1.6079999999999998e+01 1.3076862043099796e-01 
 1.6090000000000000e+01 1.2630612030477356e-01 
 1.6100000000000001e+01 1.2179152653963490e-01 
 1.6109999999999999e+01 1.1725634106718458e-01 
 1.6120000000000001e+01 1.1273206581902036e-01 
 1.6129999999999999e+01 1.0825020272674638e-01 
 1.6140000000000001e+01 1.0384225372196046e-01 
 1.6149999999999999e+01 9.9539720736266629e-02 
 1.6160000000000000e+01 9.5374105701262854e-02 
 1.6170000000000002e+01 9.1376910548551626e-02 
 1.6180000000000000e+01 8.7579637209735245e-02 
 1.6190000000000001e+01 8.4013787616411970e-02 
 1.6199999999999999e+01 8.0710863700185320e-02 
 1.6210000000000001e+01 7.7472842721988303e-02 
 1.6219999999999999e+01 7.4108024574344428e-02 
 1.6230000000000000e+01 7.0657395136230816e-02 
 1.6239999999999998e+01 6.7161940286629376e-02 
 1.6250000000000000e+01 6.3662645904517118e-02 
 1.6259999999999998e+01 6.0200497868875977e-02 
 1.6270000000000000e+01 5.6816482058683004e-02 
 1.6280000000000001e+01 5.3551584352918916e-02 
 1.6289999999999999e+01 5.0446790630564300e-02 
 1.6300000000000001e+01 4.7543086770596425e-02 
 1.6309999999999999e+01 4.4881458651996824e-02 
 1.6320000000000000e+01 4.2502892153743095e-02 
 1.6329999999999998e+01 4.0448373154816392e-02 
 1.6340000000000000e+01 3.8758887534194743e-02 
 1.6350000000000001e+01 3.7475421170858440e-02 
 1.6359999999999999e+01 3.6638959943787193e-02 
 1.6370000000000001e+01 3.6290489731959891e-02 
 1.6379999999999999e+01 3.6470996414356249e-02 
 1.6390000000000001e+01 3.7221465869955894e-02 
 1.6399999999999999e+01 3.8582883977737743e-02 
 1.6410000000000000e+01 4.0375433862125457e-02 
 1.6420000000000002e+01 4.2382169188316381e-02 
 1.6430000000000000e+01 4.4588381646452208e-02 
 1.6440000000000001e+01 4.6979362926677017e-02 
 1.6449999999999999e+01 4.9540404719131639e-02 
 1.6460000000000001e+01 5.2256798713960398e-02 
 1.6469999999999999e+01 5.5113836601303895e-02 
 1.6480000000000000e+01 5.8096810071306668e-02 
 1.6489999999999998e+01 6.1191010814109131e-02 
 1.6500000000000000e+01 6.4381730519855976e-02 
 1.6509999999999998e+01 6.7654260878687478e-02 
 1.6520000000000000e+01 7.0993893580748466e-02 
 1.6530000000000001e+01 7.4385920316180298e-02 
 1.6539999999999999e+01 7.7815632775124266e-02 
 1.6550000000000001e+01 8.1268322647725322e-02 
 1.6559999999999999e+01 8.4729281624123548e-02 
 1.6570000000000000e+01 8.8183801394463884e-02 
 1.6579999999999998e+01 9.1617173648886413e-02 
 1.6590000000000000e+01 9.5014690077536101e-02 
 1.6600000000000001e+01 9.8361642370554225e-02 
 1.6609999999999999e+01 1.0175416738158868e-01 
 1.6620000000000001e+01 1.0528571296503976e-01 
 1.6629999999999999e+01 1.0893753731217060e-01 
 1.6640000000000001e+01 1.1269089861424944e-01 
 1.6649999999999999e+01 1.1652705506253924e-01 
 1.6660000000000000e+01 1.2042726484830839e-01 
 1.6670000000000002e+01 1.2437278616282116e-01 
 1.6680000000000000e+01 1.2834487719734175e-01 
 1.6690000000000001e+01 1.3232479614313866e-01 
 1.6699999999999999e+01 1.3629380119147469e-01 
 1.6710000000000001e+01 1.4023315053361826e-01 
 1.6719999999999999e+01 1.4412410236083228e-01 
 1.6730000000000000e+01 1.4794791486438513e-01 
 1.6739999999999998e+01 1.5168584623553971e-01 
 1.6750000000000000e+01 1.5531915466556434e-01 
 1.6759999999999998e+01 1.5882909834572209e-01 
 1.6770000000000000e+01 1.6219693546728109e-01 
 1.6780000000000001e+01 1.6540392422150568e-01 
 1.6789999999999999e+01 1.6843132279966050e-01 
 1.6800000000000001e+01 1.7126038939301325e-01 
 1.6809999999999999e+01 1.7365565084776069e-01 
 1.6820000000000000e+01 1.7541927059714285e-01 
 1.6829999999999998e+01 1.7658896171298391e-01 
 1.6840000000000000e+01 1.7720243726711013e-01 
 1.6850000000000001e+01 1.7729741033134636e-01 
 1.6859999999999999e+01 1.7691159397751829e-01 
 1.6870000000000001e+01 1.7608270127745107e-01 
 1.6879999999999999e+01 1.7484844530297067e-01 
 1.6890000000000001e+01 1.7324653912590160e-01 
 1.6899999999999999e+01 1.7131469581807046e-01 
 1.6910000000000000e+01 1.6909062845130124e-01 
 1.6920000000000002e+01 1.6661205009742006e-01 
 1.6930000000000000e+01 1.6391667382825326e-01 
 1.6940000000000001e+01 1.6104221271562441e-01 
 1.6949999999999999e+01 1.5802637983136092e-01 
 1.6960000000000001e+01 1.5490688824728605e-01 
 1.6969999999999999e+01 1.5172145103522744e-01 
 1.6980000000000000e+01 1.4850778126700825e-01 
 1.6989999999999998e+01 1.4530359201445614e-01 
 1.7000000000000000e+01 1.4214659634939431e-01 
 1.7009999999999998e+01 1.3882581761441734e-01 
 1.7020000000000000e+01 1.3513343456374197e-01 
 1.7030000000000001e+01 1.3111189338663487e-01 
 1.7039999999999999e+01 1.2680364027236321e-01 
 1.7050000000000001e+01 1.2225112141018951e-01 
 1.7059999999999999e+01 1.1749678298938256e-01 
 1.7070000000000000e+01 1.1258307119920455e-01 
 1.7079999999999998e+01 1.0755243222892452e-01 
 1.7090000000000000e+01 1.0244731226780447e-01 
 1.7100000000000001e+01 9.7310157505111766e-02 
 1.7109999999999999e+01 9.2183414130113786e-02 
 1.7120000000000001e+01 8.7109528332072500e-02 
 1.7129999999999999e+01 8.2130946300257024e-02 
 1.7140000000000001e+01 7.7290114223929424e-02 
 1.7149999999999999e+01 7.2629478292358676e-02 
 1.7160000000000000e+01 6.8191484694807056e-02 
 1.7170000000000002e+01 6.4018579620541846e-02 
 1.7180000000000000e+01 6.0153209258829915e-02 
 1.7190000000000001e+01 5.6637819798934105e-02 
 1.7199999999999999e+01 5.3514857430122520e-02 
 1.7210000000000001e+01 5.0692354505918670e-02 
 1.7219999999999999e+01 4.8057352950771036e-02 
 1.7230000000000000e+01 4.5620813310324138e-02 
 1.7239999999999998e+01 4.3393696130226075e-02 
 1.7250000000000000e+01 4.1386961956121668e-02 
 1.7259999999999998e+01 3.9611571333658710e-02 
 1.7270000000000000e+01 3.8078484808482332e-02 
 1.7280000000000001e+01 3.6798662926239588e-02 
 1.7289999999999999e+01 3.5783066232577189e-02 
 1.7300000000000001e+01 3.5042655273140794e-02 
 1.7309999999999999e+01 3.4588390593577323e-02 
 1.7320000000000000e+01 3.4431232739532816e-02 
 1.7329999999999998e+01 3.4582142256653778e-02 
 1.7340000000000000e+01 3.5052079690586713e-02 
 1.7350000000000001e+01 3.5852005586978000e-02 
 1.7359999999999999e+01 3.6992880491473548e-02 
 1.7370000000000001e+01 3.8485664949720583e-02 
 1.7379999999999999e+01 4.0341319507364401e-02 
 1.7390000000000001e+01 4.2570804710052729e-02 
 1.7399999999999999e+01 4.5185081103430336e-02 
 1.7410000000000000e+01 4.8200574938944973e-02 
 1.7420000000000002e+01 5.1600721575120356e-02 
 1.7430000000000000e+01 5.5346995218219543e-02 
 1.7440000000000001e+01 5.9400870074509622e-02 
 1.7449999999999999e+01 6.3723820350252189e-02 
 1.7460000000000001e+01 6.8277320251714749e-02 
 1.7469999999999999e+01 7.3022843985158542e-02 
 1.7480000000000000e+01 7.7921865756851366e-02 
 1.7489999999999998e+01 8.2935859773054205e-02 
 1.7500000000000000e+01 8.8026300240035077e-02 
 1.7509999999999998e+01 9.3154661364054814e-02 
 1.7520000000000000e+01 9.8282417351381518e-02 
 1.7530000000000001e+01 1.0337104240827780e-01 
 1.7539999999999999e+01 1.0838201074100630e-01 
 1.7550000000000001e+01 1.1327679655583506e-01 
 1.7559999999999999e+01 1.1801687405902506e-01 
 1.7570000000000000e+01 1.2256371745684409e-01 
 1.7579999999999998e+01 1.2687880095555340e-01 
 1.7590000000000000e+01 1.3092359876142048e-01 
 1.7600000000000001e+01 1.3465958508070819e-01 
 1.7609999999999999e+01 1.3837605669953498e-01 
 1.7620000000000001e+01 1.4234463187402902e-01 
 1.7629999999999999e+01 1.4650026701546062e-01 
 1.7640000000000001e+01 1.5077791853510586e-01 
 1.7649999999999999e+01 1.5511254284423473e-01 
 1.7660000000000000e+01 1.5943909635412348e-01 
 1.7670000000000002e+01 1.6369253547604362e-01 
 1.7680000000000000e+01 1.6780781662126676e-01 
 1.7690000000000001e+01 1.7171989620106895e-01 
 1.7699999999999999e+01 1.7536373062672050e-01 
 1.7710000000000001e+01 1.7867427630949712e-01 
 1.7719999999999999e+01 1.8158648966066954e-01 
 1.7730000000000000e+01 1.8403532709151293e-01 
 1.7739999999999998e+01 1.8595574501329867e-01 
 1.7750000000000000e+01 1.8728269983730123e-01 
 1.7759999999999998e+01 1.8795114797479273e-01 
 1.7770000000000000e+01 1.8789604583704678e-01 
 1.7780000000000001e+01 1.8705234983533608e-01 
 1.7789999999999999e+01 1.8535501638093449e-01 
 1.7800000000000001e+01 1.8273900188511383e-01 
 1.7809999999999999e+01 1.7957143929088834e-01 
 1.7820000000000000e+01 1.7626932454924596e-01 
 1.7829999999999998e+01 1.7284240858342842e-01 
 1.7840000000000000e+01 1.6930044231667268e-01 
 1.7850000000000001e+01 1.6565317667221938e-01 
 1.7859999999999999e+01 1.6191036257330926e-01 
 1.7870000000000001e+01 1.5808175094317906e-01 
 1.7879999999999999e+01 1.5417709270507093e-01 
 1.7890000000000001e+01 1.5020613878222147e-01 
 1.7899999999999999e+01 1.4617864009787293e-01 
 1.7910000000000000e+01 1.4210434757526186e-01 
 1.7920000000000002e+01 1.3799301213762905e-01 
 1.7930000000000000e+01 1.3385438470821542e-01 
 1.7940000000000001e+01 1.2969821621025746e-01 
 1.7949999999999999e+01 1.2553425756699746e-01 
 1.7960000000000001e+01 1.2137225970167193e-01 
 1.7969999999999999e+01 1.1722197353752319e-01 
 1.7980000000000000e+01 1.1309314999778772e-01 
 1.7989999999999998e+01 1.0899554000570785e-01 
 1.8000000000000000e+01 1.0493889448452010e-01 
 1.8010000000000002e+01 1.0086005969802604e-01 
 1.8020000000000000e+01 9.6697412758397092e-02 
 1.8030000000000001e+01 9.2463000861424297e-02 
 1.8039999999999999e+01 8.8168871202904689e-02 
 1.8050000000000001e+01 8.3827070978629237e-02 
 1.8059999999999999e+01 7.9449647384395056e-02 
 1.8070000000000000e+01 7.5048647615993058e-02 
 1.8079999999999998e+01 7.0636118869220374e-02 
 1.8090000000000000e+01 6.6224108339867901e-02 
 1.8100000000000001e+01 6.1824663223731237e-02 
 1.8109999999999999e+01 5.7449830716605942e-02 
 1.8120000000000001e+01 5.3111658014282956e-02 
 1.8129999999999999e+01 4.8822192312559354e-02 
 1.8140000000000001e+01 4.4593480807226124e-02 
 1.8149999999999999e+01 4.0437570694080285e-02 
 1.8160000000000000e+01 3.6366509168912931e-02 
 1.8170000000000002e+01 3.2392343427519538e-02 
 1.8180000000000000e+01 2.8527120665695502e-02 
 1.8190000000000001e+01 2.4782888079232124e-02 
 1.8199999999999999e+01 2.1171692863926062e-02 
 1.8210000000000001e+01 1.8165359617882848e-02 
 1.8219999999999999e+01 1.6180439304673985e-02 
 1.8230000000000000e+01 1.5146068668284411e-02 
 1.8239999999999998e+01 1.4991384452701248e-02 
 1.8250000000000000e+01 1.5645523401910742e-02 
 1.8260000000000002e+01 1.7037622259899434e-02 
 1.8270000000000000e+01 1.9096817770652811e-02 
 1.8280000000000001e+01 2.1752246678158688e-02 
 1.8289999999999999e+01 2.4933045726401572e-02 
 1.8300000000000001e+01 2.8568351659370071e-02 
 1.8309999999999999e+01 3.2587301221047998e-02 
 1.8320000000000000e+01 3.6919031155424553e-02 
 1.8329999999999998e+01 4.1492678206483044e-02 
 1.8340000000000000e+01 4.6237379118213066e-02 
 1.8350000000000001e+01 5.1082270634599400e-02 
 1.8359999999999999e+01 5.5956489499626609e-02 
 1.8370000000000001e+01 6.0789172457284539e-02 
 1.8379999999999999e+01 6.5509456251556131e-02 
 1.8390000000000001e+01 7.0046477626431083e-02 
 1.8399999999999999e+01 7.4329373325892581e-02 
 1.8410000000000000e+01 7.8706710167106397e-02 
 1.8420000000000002e+01 8.3537228236941471e-02 
 1.8430000000000000e+01 8.8765324183943117e-02 
 1.8440000000000001e+01 9.4335394656662311e-02 
 1.8449999999999999e+01 1.0019183630364234e-01 
 1.8460000000000001e+01 1.0627904577343461e-01 
 1.8469999999999999e+01 1.1254141971458206e-01 
 1.8480000000000000e+01 1.1892335477563637e-01 
 1.8489999999999998e+01 1.2536924760514029e-01 
 1.8500000000000000e+01 1.3182349485164560e-01 
 1.8510000000000002e+01 1.3823049316369729e-01 
 1.8520000000000000e+01 1.4453463918984030e-01 
 1.8530000000000001e+01 1.5068032957862643e-01 
 1.8539999999999999e+01 1.5661196097859847e-01 
 1.8550000000000001e+01 1.6227393003830803e-01 
 1.8559999999999999e+01 1.6761063340629820e-01 
 1.8570000000000000e+01 1.7256646773112005e-01 
 1.8579999999999998e+01 1.7708582966131739e-01 
 1.8590000000000000e+01 1.8111311584544060e-01 
 1.8600000000000001e+01 1.8459272293203521e-01 
 1.8609999999999999e+01 1.8751309503834238e-01 
 1.8620000000000001e+01 1.8991290829719584e-01 
 1.8629999999999999e+01 1.9181190738052570e-01 
 1.8640000000000001e+01 1.9322983696026505e-01 
 1.8649999999999999e+01 1.9418644170834470e-01 
 1.8660000000000000e+01 1.9470146629669705e-01 
 1.8670000000000002e+01 1.9479465539725349e-01 
 1.8680000000000000e+01 1.9448575368194596e-01 
 1.8690000000000001e+01 1.9379450582270605e-01 
 1.8699999999999999e+01 1.9274065649146596e-01 
 1.8710000000000001e+01 1.9134395036015678e-01 
 1.8719999999999999e+01 1.8962413210071122e-01 
 1.8730000000000000e+01 1.8760094638505986e-01 
 1.8739999999999998e+01 1.8529413788513591e-01 
 1.8750000000000000e+01 1.8272345127286946e-01 
 1.8760000000000002e+01 1.7990863122019313e-01 
 1.8770000000000000e+01 1.7686942239903972e-01 
 1.8780000000000001e+01 1.7362556948133895e-01 
 1.8789999999999999e+01 1.7019681713902482e-01 
 1.8800000000000001e+01 1.6660291004402672e-01 
 1.8809999999999999e+01 1.6260808092174947e-01 
 1.8820000000000000e+01 1.5800815868216975e-01 
 1.8829999999999998e+01 1.5287028227408869e-01 
 1.8840000000000000e+01 1.4726159064630051e-01 
 1.8850000000000001e+01 1.4124922274760482e-01 
 1.8859999999999999e+01 1.3490031752680179e-01 
 1.8870000000000001e+01 1.2828201393268485e-01 
 1.8879999999999999e+01 1.2146145091405647e-01 
 1.8890000000000001e+01 1.1450576741970969e-01 
 1.8899999999999999e+01 1.0748210239844731e-01 
 1.8910000000000000e+01 1.0045759479906222e-01 
 1.8920000000000002e+01 9.3499383570354741e-02 
 1.8930000000000000e+01 8.6674607661125225e-02 
 1.8940000000000001e+01 8.0050406020166637e-02 
 1.8949999999999999e+01 7.3693917596281536e-02 
 1.8960000000000001e+01 6.7672281338263293e-02 
 1.8969999999999999e+01 6.2052636194913996e-02 
 1.8980000000000000e+01 5.6902121115027557e-02 
 1.8989999999999998e+01 5.2287875047405466e-02 
 1.9000000000000000e+01 4.8277036940842288e-02 
 1.9010000000000002e+01 4.4687068270278622e-02 
 1.9020000000000000e+01 4.1301560191069377e-02 
 1.9030000000000001e+01 3.8136846172632376e-02 
 1.9039999999999999e+01 3.5209259684390093e-02 
 1.9050000000000001e+01 3.2535134195760665e-02 
 1.9059999999999999e+01 3.0130803176166232e-02 
 1.9070000000000000e+01 2.8012600095025299e-02 
 1.9079999999999998e+01 2.6196858421759596e-02 
 1.9090000000000000e+01 2.4699911625788065e-02 
 1.9100000000000001e+01 2.3538093176531636e-02 
 1.9109999999999999e+01 2.2727736543410763e-02 
 1.9120000000000001e+01 2.2285175195845105e-02 
 1.9129999999999999e+01 2.2226742603255197e-02 
 1.9140000000000001e+01 2.2568772235061221e-02 
 1.9149999999999999e+01 2.3327597560683155e-02 
 1.9160000000000000e+01 2.4519552049541777e-02 
 1.9170000000000002e+01 2.6160969171057105e-02 
 1.9180000000000000e+01 2.8268182394648563e-02 
 1.9190000000000001e+01 3.0857525189737871e-02 
 1.9199999999999999e+01 3.3945331025743389e-02 
 1.9210000000000001e+01 3.7617355108297099e-02 
 1.9219999999999999e+01 4.1906710205991959e-02 
 1.9230000000000000e+01 4.6750766132699989e-02 
 1.9239999999999998e+01 5.2086892702286697e-02 
 1.9250000000000000e+01 5.7852459728624808e-02 
 1.9260000000000002e+01 6.3984837025581442e-02 
 1.9270000000000000e+01 7.0421394407023177e-02 
 1.9280000000000001e+01 7.7099501686823529e-02 
 1.9289999999999999e+01 8.3956528678846690e-02 
 1.9300000000000001e+01 9.0929845196966508e-02 
 1.9309999999999999e+01 9.7956821055046966e-02 
 1.9320000000000000e+01 1.0497482606696200e-01 
 1.9329999999999998e+01 1.1192123004657559e-01 
 1.9340000000000000e+01 1.1873340280776162e-01 
 1.9350000000000001e+01 1.2534871416438648e-01 
 1.9359999999999999e+01 1.3170453393031695e-01 
 1.9370000000000001e+01 1.3773823191942644e-01 
 1.9379999999999999e+01 1.4338717794557959e-01 
 1.9390000000000001e+01 1.4858874182264944e-01 
 1.9399999999999999e+01 1.5328029336450122e-01 
 1.9410000000000000e+01 1.5781584874119131e-01 
 1.9420000000000002e+01 1.6254687896680972e-01 
 1.9430000000000000e+01 1.6740693612128066e-01 
 1.9440000000000001e+01 1.7232957228453349e-01 
 1.9449999999999999e+01 1.7724833953649083e-01 
 1.9460000000000001e+01 1.8209678995708206e-01 
 1.9469999999999999e+01 1.8680847562622979e-01 
 1.9480000000000000e+01 1.9131694862386334e-01 
 1.9489999999999998e+01 1.9555576102990552e-01 
 1.9500000000000000e+01 1.9945846492428532e-01 
 1.9510000000000002e+01 2.0295861238692714e-01 
 1.9520000000000000e+01 2.0598975549775597e-01 
 1.9530000000000001e+01 2.0848544633669991e-01 
 1.9539999999999999e+01 2.1037923698368319e-01 
 1.9550000000000001e+01 2.1160467951863318e-01 
 1.9559999999999999e+01 2.1209532602147502e-01 
 1.9570000000000000e+01 2.1178472857213496e-01 
 1.9579999999999998e+01 2.1060643925053932e-01 
 1.9590000000000000e+01 2.0849401013661320e-01 
 1.9600000000000001e+01 2.0538099331028281e-01 
 1.9609999999999999e+01 2.0157356122132003e-01 
 1.9620000000000001e+01 1.9744195576942358e-01 
 1.9629999999999999e+01 1.9301583320941887e-01 
 1.9640000000000001e+01 1.8832484979612521e-01 
 1.9649999999999999e+01 1.8339866178436842e-01 
 1.9660000000000000e+01 1.7826692542896744e-01 
 1.9670000000000002e+01 1.7295929698474649e-01 
 1.9680000000000000e+01 1.6750543270652998e-01 
 1.9690000000000001e+01 1.6193498884913657e-01 
 1.9699999999999999e+01 1.5627762166739262e-01 
 1.9710000000000001e+01 1.5056298741611662e-01 
 1.9719999999999999e+01 1.4482074235013509e-01 
 1.9730000000000000e+01 1.3908054272426640e-01 
 1.9739999999999998e+01 1.3337204479333709e-01 
 1.9750000000000000e+01 1.2772490481216558e-01 
 1.9760000000000002e+01 1.2216877903557642e-01 
 1.9770000000000000e+01 1.1673332371839400e-01 
 1.9780000000000001e+01 1.1144819511543688e-01 
 1.9789999999999999e+01 1.0634304948153132e-01 
 1.9800000000000001e+01 1.0144754307149617e-01 
 1.9809999999999999e+01 9.6593996732848020e-02 
 1.9820000000000000e+01 9.1614750401187411e-02 
 1.9829999999999998e+01 8.6539488963476741e-02 
 1.9840000000000000e+01 8.1397897306671324e-02 
 1.9850000000000001e+01 7.6219660317731835e-02 
 1.9859999999999999e+01 7.1034462883619032e-02 
 1.9870000000000001e+01 6.5871989891288119e-02 
 1.9879999999999999e+01 6.0761926227701671e-02 
 1.9890000000000001e+01 5.5733956779814936e-02 
 1.9899999999999999e+01 5.0817766434590364e-02 
 1.9910000000000000e+01 4.6043040078983376e-02 
 1.9920000000000002e+01 4.1439462599954631e-02 
 1.9930000000000000e+01 3.7036718884464567e-02 
 1.9940000000000001e+01 3.2864493819468960e-02 
 1.9949999999999999e+01 2.8952472291929654e-02 
 1.9960000000000001e+01 2.5330339188802758e-02 
 1.9969999999999999e+01 2.2027779397049738e-02 
 1.9980000000000000e+01 1.9074477803627143e-02 
 1.9989999999999998e+01 1.6500119295495955e-02 
 2.0000000000000000e+01 1.4334388759613237e-02 
 