0.0000000000000000e+00 -1.0003373549563674e+00 
 1.0000000000000000e-02 -1.0001263502842486e+00 
 2.0000000000000000e-02 -9.9977530156264605e-01 
 2.9999999999999999e-02 -9.9928119109537217e-01 
 4.0000000000000001e-02 -9.9864100118623944e-01 
 5.0000000000000003e-02 -9.9785171413906004e-01 
 5.9999999999999998e-02 -9.9691031225764637e-01 
 7.0000000000000007e-02 -9.9581377784581071e-01 
 8.0000000000000002e-02 -9.9455909320736546e-01 
 8.9999999999999997e-02 -9.9314324064612292e-01 
 1.0000000000000001e-01 -9.9156320246589547e-01 
 1.1000000000000000e-01 -9.8981596097049551e-01 
 1.2000000000000000e-01 -9.8789849846373512e-01 
 1.3000000000000000e-01 -9.8580779724942691e-01 
 1.4000000000000001e-01 -9.8354083963138306e-01 
 1.4999999999999999e-01 -9.8109460791341596e-01 
 1.6000000000000000e-01 -9.7846608439933791e-01 
 1.7000000000000001e-01 -9.7565225139296130e-01 
 1.7999999999999999e-01 -9.7265009119809842e-01 
 1.9000000000000000e-01 -9.6945658611856167e-01 
 2.0000000000000001e-01 -9.6606871845816333e-01 
 2.0999999999999999e-01 -9.6252665657056913e-01 
 2.2000000000000000e-01 -9.5886994773561651e-01 
 2.3000000000000001e-01 -9.5509464264637534e-01 
 2.3999999999999999e-01 -9.5119679199591545e-01 
 2.5000000000000000e-01 -9.4717244647730670e-01 
 2.6000000000000001e-01 -9.4301765678361893e-01 
 2.7000000000000002e-01 -9.3872847360792189e-01 
 2.8000000000000003e-01 -9.3430094764328553e-01 
 2.8999999999999998e-01 -9.2973112958277981e-01 
 2.9999999999999999e-01 -9.2501507011947426e-01 
 3.1000000000000000e-01 -9.2014881994643893e-01 
 3.2000000000000001e-01 -9.1512842975674369e-01 
 3.3000000000000002e-01 -9.0994995024345826e-01 
 3.4000000000000002e-01 -9.0460943209965250e-01 
 3.5000000000000003e-01 -8.9910292601839648e-01 
 3.5999999999999999e-01 -8.9342648269275970e-01 
 3.7000000000000000e-01 -8.8757615281581226e-01 
 3.8000000000000000e-01 -8.8154798708062387e-01 
 3.9000000000000001e-01 -8.7533803618026440e-01 
 4.0000000000000002e-01 -8.6894235080780380e-01 
 4.1000000000000003e-01 -8.6243130938084644e-01 
 4.1999999999999998e-01 -8.5587400214644871e-01 
 4.2999999999999999e-01 -8.4926454754185854e-01 
 4.4000000000000000e-01 -8.4259706400432355e-01 
 4.5000000000000001e-01 -8.3586566997109146e-01 
 4.6000000000000002e-01 -8.2906448387941023e-01 
 4.7000000000000003e-01 -8.2218762416652746e-01 
 4.7999999999999998e-01 -8.1522920926969111e-01 
 4.8999999999999999e-01 -8.0818335762614868e-01 
 5.0000000000000000e-01 -8.0104418767314822e-01 
 5.1000000000000001e-01 -7.9380581784793725e-01 
 5.2000000000000002e-01 -7.8646236658776358e-01 
 5.3000000000000003e-01 -7.7900795232987519e-01 
 5.4000000000000004e-01 -7.7143669351151956e-01 
 5.5000000000000004e-01 -7.6374270856994464e-01 
 5.6000000000000005e-01 -7.5592011594239816e-01 
 5.7000000000000006e-01 -7.4796303406612785e-01 
 5.7999999999999996e-01 -7.3986558137838165e-01 
 5.8999999999999997e-01 -7.3162187631640696e-01 
 5.9999999999999998e-01 -7.2322603731745183e-01 
 6.0999999999999999e-01 -7.1474976256325762e-01 
 6.2000000000000000e-01 -7.0626556439785981e-01 
 6.3000000000000000e-01 -6.9776878250194763e-01 
 6.4000000000000001e-01 -6.8925475655620994e-01 
 6.5000000000000002e-01 -6.8071882624133584e-01 
 6.6000000000000003e-01 -6.7215633123801433e-01 
 6.7000000000000004e-01 -6.6356261122693438e-01 
 6.8000000000000005e-01 -6.5493300588878500e-01 
 6.9000000000000006e-01 -6.4626285490425528e-01 
 7.0000000000000007e-01 -6.3754749795403420e-01 
 7.0999999999999996e-01 -6.2878227471881087e-01 
 7.1999999999999997e-01 -6.1996252487927417e-01 
 7.2999999999999998e-01 -6.1108358811611319e-01 
 7.3999999999999999e-01 -6.0214080411001691e-01 
 7.5000000000000000e-01 -5.9312951254167445e-01 
 7.6000000000000001e-01 -5.8404505309177468e-01 
 7.7000000000000002e-01 -5.7488276544100669e-01 
 7.8000000000000003e-01 -5.6563798927005959e-01 
 7.9000000000000004e-01 -5.5630606425962226e-01 
 8.0000000000000004e-01 -5.4688233009038378e-01 
 8.1000000000000005e-01 -5.3741057102199741e-01 
 8.2000000000000006e-01 -5.2793729163137937e-01 
 8.3000000000000007e-01 -5.1846191207511316e-01 
 8.3999999999999997e-01 -5.0898385250978229e-01 
 8.4999999999999998e-01 -4.9950253309196996e-01 
 8.5999999999999999e-01 -4.9001737397825984e-01 
 8.7000000000000000e-01 -4.8052779532523532e-01 
 8.8000000000000000e-01 -4.7103321728947989e-01 
 8.9000000000000001e-01 -4.6153306002757699e-01 
 9.0000000000000002e-01 -4.5202674369611007e-01 
 9.1000000000000003e-01 -4.4251368845166261e-01 
 9.2000000000000004e-01 -4.3299331445081807e-01 
 9.3000000000000005e-01 -4.2346504185015987e-01 
 9.4000000000000006e-01 -4.1392829080627147e-01 
 9.5000000000000007e-01 -4.0438248147573636e-01 
 9.5999999999999996e-01 -3.9482703401513808e-01 
 9.6999999999999997e-01 -3.8526136858105986e-01 
 9.7999999999999998e-01 -3.7568490533008536e-01 
 9.8999999999999999e-01 -3.6609706441879786e-01 
 1.0000000000000000e+00 -3.5649726600378107e-01 
 1.0100000000000000e+00 -3.4688647664927419e-01 
 1.0200000000000000e+00 -3.3726679221412348e-01 
 1.0300000000000000e+00 -3.2763932679682262e-01 
 1.0400000000000000e+00 -3.1800519449586512e-01 
 1.0500000000000000e+00 -3.0836550940974455e-01 
 1.0600000000000001e+00 -2.9872138563695461e-01 
 1.0700000000000001e+00 -2.8907393727598885e-01 
 1.0800000000000001e+00 -2.7942427842534079e-01 
 1.0900000000000001e+00 -2.6977352318350412e-01 
 1.1000000000000001e+00 -2.6012278564897234e-01 
 1.1100000000000001e+00 -2.5047317992023910e-01 
 1.1200000000000001e+00 -2.4082582009579800e-01 
 1.1300000000000001e+00 -2.3118182027414264e-01 
 1.1400000000000001e+00 -2.2154229455376656e-01 
 1.1500000000000001e+00 -2.1190835703316341e-01 
 1.1599999999999999e+00 -2.0228112181082697e-01 
 1.1699999999999999e+00 -1.9266170298525040e-01 
 1.1799999999999999e+00 -1.8305121465492749e-01 
 1.1899999999999999e+00 -1.7345077091835187e-01 
 1.2000000000000000e+00 -1.6386148587401711e-01 
 1.2100000000000000e+00 -1.5428882809905717e-01 
 1.2200000000000000e+00 -1.4473696599336255e-01 
 1.2300000000000000e+00 -1.3520506338956129e-01 
 1.2400000000000000e+00 -1.2569228412028147e-01 
 1.2500000000000000e+00 -1.1619779201815122e-01 
 1.2600000000000000e+00 -1.0672075091579863e-01 
 1.2700000000000000e+00 -9.7260324645851839e-02 
 1.2800000000000000e+00 -8.7815677040938900e-02 
 1.2900000000000000e+00 -7.8385971933687945e-02 
 1.3000000000000000e+00 -6.8970373156727091e-02 
 1.3100000000000001e+00 -5.9568044542684426e-02 
 1.3200000000000001e+00 -5.0178149924188037e-02 
 1.3300000000000001e+00 -4.0799853133866054e-02 
 1.3400000000000001e+00 -3.1432318004346593e-02 
 1.3500000000000001e+00 -2.2074708368257728e-02 
 1.3600000000000001e+00 -1.2726188058227561e-02 
 1.3700000000000001e+00 -3.3859209068842211e-03 
 1.3800000000000001e+00 5.9469292531441897e-03 
 1.3900000000000001e+00 1.5273198589229570e-02 
 1.4000000000000001e+00 2.4593723268743872e-02 
 1.4099999999999999e+00 3.3893424651783605e-02 
 1.4199999999999999e+00 4.3157682347908524e-02 
 1.4299999999999999e+00 5.2388019898684079e-02 
 1.4399999999999999e+00 6.1585960845675913e-02 
 1.4500000000000000e+00 7.0753028730449696e-02 
 1.4600000000000000e+00 7.9890747094571071e-02 
 1.4700000000000000e+00 8.9000639479605695e-02 
 1.4800000000000000e+00 9.8084229427119210e-02 
 1.4900000000000000e+00 1.0714304047867729e-01 
 1.5000000000000000e+00 1.1617859617584556e-01 
 1.5100000000000000e+00 1.2519242006018971e-01 
 1.5200000000000000e+00 1.3418603567327536e-01 
 1.5300000000000000e+00 1.4316096655666816e-01 
 1.5400000000000000e+00 1.5211873625193378e-01 
 1.5500000000000000e+00 1.6106086830063787e-01 
 1.5600000000000001e+00 1.6998888624434608e-01 
 1.5700000000000001e+00 1.7890431362462408e-01 
 1.5800000000000001e+00 1.8780867398303749e-01 
 1.5900000000000001e+00 1.9670349086115199e-01 
 1.6000000000000001e+00 2.0559028780053323e-01 
 1.6100000000000001e+00 2.1444943171772632e-01 
 1.6200000000000001e+00 2.2326148391392031e-01 
 1.6300000000000001e+00 2.3202825950764688e-01 
 1.6400000000000001e+00 2.4075157361743763e-01 
 1.6500000000000001e+00 2.4943324136182415e-01 
 1.6600000000000001e+00 2.5807507785933809e-01 
 1.6699999999999999e+00 2.6667889822851087e-01 
 1.6799999999999999e+00 2.7524651758787450e-01 
 1.6899999999999999e+00 2.8377975105596037e-01 
 1.7000000000000000e+00 2.9228041375130015e-01 
 1.7100000000000000e+00 3.0075032079242542e-01 
 1.7200000000000000e+00 3.0919128729786782e-01 
 1.7300000000000000e+00 3.1760512838615895e-01 
 1.7400000000000000e+00 3.2599365917583051e-01 
 1.7500000000000000e+00 3.3435869478541397e-01 
 1.7600000000000000e+00 3.4270205033344109e-01 
 1.7700000000000000e+00 3.5102554093844340e-01 
 1.7800000000000000e+00 3.5933098171895256e-01 
 1.7900000000000000e+00 3.6762018779350014e-01 
 1.8000000000000000e+00 3.7589497428061791e-01 
 1.8100000000000001e+00 3.8412601492507137e-01 
 1.8200000000000001e+00 3.9228451703080708e-01 
 1.8300000000000001e+00 4.0037309605512794e-01 
 1.8400000000000001e+00 4.0839436745533669e-01 
 1.8500000000000001e+00 4.1635094668873623e-01 
 1.8600000000000001e+00 4.2424544921262941e-01 
 1.8700000000000001e+00 4.3208049048431901e-01 
 1.8800000000000001e+00 4.3985868596110800e-01 
 1.8900000000000001e+00 4.4758265110029904e-01 
 1.9000000000000001e+00 4.5525500135919517e-01 
 1.9100000000000001e+00 4.6287835219509910e-01 
 1.9199999999999999e+00 4.7045531906531352e-01 
 1.9299999999999999e+00 4.7798851742714166e-01 
 1.9399999999999999e+00 4.8548056273788609e-01 
 1.9500000000000000e+00 4.9293407045484977e-01 
 1.9600000000000000e+00 5.0035165603533549e-01 
 1.9700000000000000e+00 5.0773593493664615e-01 
 1.9800000000000000e+00 5.1508952261608443e-01 
 1.9900000000000000e+00 5.2241503453095328e-01 
 2.0000000000000000e+00 5.2971508613855567e-01 
 2.0100000000000002e+00 5.3695132708345339e-01 
 2.0200000000000000e+00 5.4408569405525031e-01 
 2.0300000000000002e+00 5.5112123307881333e-01 
 2.0400000000000000e+00 5.5806099017900790e-01 
 2.0499999999999998e+00 5.6490801138070068e-01 
 2.0600000000000001e+00 5.7166534270875835e-01 
 2.0699999999999998e+00 5.7833603018804636e-01 
 2.0800000000000001e+00 5.8492311984343170e-01 
 2.0899999999999999e+00 5.9142965769977995e-01 
 2.1000000000000001e+00 5.9785868978195811e-01 
 2.1099999999999999e+00 6.0421326211483162e-01 
 2.1200000000000001e+00 6.1049642072326749e-01 
 2.1299999999999999e+00 6.1671121163213127e-01 
 2.1400000000000001e+00 6.2286068086628987e-01 
 2.1499999999999999e+00 6.2894787445060907e-01 
 2.1600000000000001e+00 6.3497583840995542e-01 
 2.1699999999999999e+00 6.4094761876919493e-01 
 2.1800000000000002e+00 6.4686626155319416e-01 
 2.1899999999999999e+00 6.5273481278681889e-01 
 2.2000000000000002e+00 6.5855631849493590e-01 
 2.2100000000000000e+00 6.6429253746521266e-01 
 2.2200000000000002e+00 6.6990495893191027e-01 
 2.2300000000000000e+00 6.7539622458978377e-01 
 2.2400000000000002e+00 6.8076897613358900e-01 
 2.2500000000000000e+00 6.8602585525808113e-01 
 2.2600000000000002e+00 6.9116950365801577e-01 
 2.2700000000000000e+00 6.9620256302814820e-01 
 2.2800000000000002e+00 7.0112767506323426e-01 
 2.2900000000000000e+00 7.0594748145802888e-01 
 2.3000000000000003e+00 7.1066462390728802e-01 
 2.3100000000000001e+00 7.1528174410576673e-01 
 2.3199999999999998e+00 7.1980148374822062e-01 
 2.3300000000000001e+00 7.2422648452940541e-01 
 2.3399999999999999e+00 7.2855938814407617e-01 
 2.3500000000000001e+00 7.3280283628698861e-01 
 2.3599999999999999e+00 7.3695947065289791e-01 
 2.3700000000000001e+00 7.4103193293655989e-01 
 2.3799999999999999e+00 7.4502286483272973e-01 
 2.3900000000000001e+00 7.4893490803616303e-01 
 2.3999999999999999e+00 7.5277070424161507e-01 
 2.4100000000000001e+00 7.5650539794234239e-01 
 2.4199999999999999e+00 7.6011316960719277e-01 
 2.4300000000000002e+00 7.6359521489431059e-01 
 2.4399999999999999e+00 7.6695272946183890e-01 
 2.4500000000000002e+00 7.7018690896792208e-01 
 2.4600000000000000e+00 7.7329894907070329e-01 
 2.4700000000000002e+00 7.7629004542832680e-01 
 2.4800000000000000e+00 7.7916139369893589e-01 
 2.4900000000000002e+00 7.8191418954067460e-01 
 2.5000000000000000e+00 7.8454962861168653e-01 
 2.5100000000000002e+00 7.8706890657011552e-01 
 2.5200000000000000e+00 7.8947321907410506e-01 
 2.5300000000000002e+00 7.9176376178179919e-01 
 2.5400000000000000e+00 7.9394173035134141e-01 
 2.5500000000000003e+00 7.9600832044087555e-01 
 2.5600000000000001e+00 7.9796472770854543e-01 
 2.5699999999999998e+00 7.9981214781249454e-01 
 2.5800000000000001e+00 8.0155177641086695e-01 
 2.5899999999999999e+00 8.0318480916180612e-01 
 2.6000000000000001e+00 8.0471244172345591e-01 
 2.6099999999999999e+00 8.0613183202634953e-01 
 2.6200000000000001e+00 8.0743892110072768e-01 
 2.6299999999999999e+00 8.0863307925429473e-01 
 2.6400000000000001e+00 8.0971367679475514e-01 
 2.6499999999999999e+00 8.1068008402981340e-01 
 2.6600000000000001e+00 8.1153167126717418e-01 
 2.6699999999999999e+00 8.1226780881454175e-01 
 2.6800000000000002e+00 8.1288786697962079e-01 
 2.6899999999999999e+00 8.1339121607011577e-01 
 2.7000000000000002e+00 8.1377722639373107e-01 
 2.7100000000000000e+00 8.1404526825817136e-01 
 2.7200000000000002e+00 8.1419471197114091e-01 
 2.7300000000000000e+00 8.1422492784034450e-01 
 2.7400000000000002e+00 8.1413528617348641e-01 
 2.7500000000000000e+00 8.1392515727827131e-01 
 2.7600000000000002e+00 8.1359391146240345e-01 
 2.7700000000000000e+00 8.1314091903358765e-01 
 2.7800000000000002e+00 8.1256555029952815e-01 
 2.7900000000000000e+00 8.1186717556792953e-01 
 2.8000000000000003e+00 8.1104516514649638e-01 
 2.8100000000000001e+00 8.1011879700784184e-01 
 2.8199999999999998e+00 8.0910633776477558e-01 
 2.8300000000000001e+00 8.0800564068529679e-01 
 2.8399999999999999e+00 8.0681455903740462e-01 
 2.8500000000000001e+00 8.0553094608909814e-01 
 2.8599999999999999e+00 8.0415265510837686e-01 
 2.8700000000000001e+00 8.0267753936323949e-01 
 2.8799999999999999e+00 8.0110345212168566e-01 
 2.8900000000000001e+00 7.9942824665171408e-01 
 2.8999999999999999e+00 7.9764977622132438e-01 
 2.9100000000000001e+00 7.9576589409851539e-01 
 2.9199999999999999e+00 7.9377445355128640e-01 
 2.9300000000000002e+00 7.9167330784763656e-01 
 2.9399999999999999e+00 7.8946031025556529e-01 
 2.9500000000000002e+00 7.8713331404307130e-01 
 2.9600000000000000e+00 7.8469017247815409e-01 
 2.9700000000000002e+00 7.8212873882881262e-01 
 2.9800000000000000e+00 7.7944686636304639e-01 
 2.9900000000000002e+00 7.7664240834885423e-01 
 3.0000000000000000e+00 7.7371321805423554e-01 
 3.0100000000000002e+00 7.7069313393337457e-01 
 3.0200000000000000e+00 7.6761548595330376e-01 
 3.0300000000000002e+00 7.6447736465129401e-01 
 3.0400000000000000e+00 7.6127586056461671e-01 
 3.0500000000000003e+00 7.5800806423054234e-01 
 3.0600000000000001e+00 7.5467106618634250e-01 
 3.0700000000000003e+00 7.5126195696928777e-01 
 3.0800000000000001e+00 7.4777782711664953e-01 
 3.0899999999999999e+00 7.4421576716569859e-01 
 3.1000000000000001e+00 7.4057286765370600e-01 
 3.1099999999999999e+00 7.3684621911794290e-01 
 3.1200000000000001e+00 7.3303291209568022e-01 
 3.1299999999999999e+00 7.2913003712418911e-01 
 3.1400000000000001e+00 7.2513468474074039e-01 
 3.1499999999999999e+00 7.2104394548260542e-01 
 3.1600000000000001e+00 7.1685490988705480e-01 
 3.1699999999999999e+00 7.1256466849136013e-01 
 3.1800000000000002e+00 7.0817031183279178e-01 
 3.1899999999999999e+00 7.0366893044862144e-01 
 3.2000000000000002e+00 6.9905761487611962e-01 
 3.2100000000000000e+00 6.9437475972089202e-01 
 3.2200000000000002e+00 6.8965870258126760e-01 
 3.2300000000000000e+00 6.8490644848360449e-01 
 3.2400000000000002e+00 6.8011500245425927e-01 
 3.2500000000000000e+00 6.7528136951959006e-01 
 3.2600000000000002e+00 6.7040255470595367e-01 
 3.2700000000000000e+00 6.6547556303970790e-01 
 3.2800000000000002e+00 6.6049739954720965e-01 
 3.2900000000000000e+00 6.5546506925481696e-01 
 3.3000000000000003e+00 6.5037557718888661e-01 
 3.3100000000000001e+00 6.4522592837577653e-01 
 3.3200000000000003e+00 6.4001312784184350e-01 
 3.3300000000000001e+00 6.3473418061344544e-01 
 3.3399999999999999e+00 6.2938609171693960e-01 
 3.3500000000000001e+00 6.2396586617868299e-01 
 3.3599999999999999e+00 6.1847050902503353e-01 
 3.3700000000000001e+00 6.1289702528234813e-01 
 3.3799999999999999e+00 6.0724241997698469e-01 
 3.3900000000000001e+00 6.0150369813530002e-01 
 3.3999999999999999e+00 5.9567786478365203e-01 
 3.4100000000000001e+00 5.8980104445468984e-01 
 3.4199999999999999e+00 5.8390954854844035e-01 
 3.4300000000000002e+00 5.7800066239232595e-01 
 3.4399999999999999e+00 5.7207167131377001e-01 
 3.4500000000000002e+00 5.6611986064019482e-01 
 3.4600000000000000e+00 5.6014251569902385e-01 
 3.4700000000000002e+00 5.5413692181767937e-01 
 3.4800000000000000e+00 5.4810036432358478e-01 
 3.4900000000000002e+00 5.4203012854416244e-01 
 3.5000000000000000e+00 5.3592349980683562e-01 
 3.5100000000000002e+00 5.2977776343902683e-01 
 3.5200000000000000e+00 5.2359020476815932e-01 
 3.5300000000000002e+00 5.1735810912165547e-01 
 3.5400000000000000e+00 5.1107876182693868e-01 
 3.5500000000000003e+00 5.0474944821143120e-01 
 3.5600000000000001e+00 4.9836745360255652e-01 
 3.5700000000000003e+00 4.9193006332773687e-01 
 3.5800000000000001e+00 4.8543456271439567e-01 
 3.5899999999999999e+00 4.7887823708995558e-01 
 3.6000000000000001e+00 4.7225837178183905e-01 
 3.6099999999999999e+00 4.6560493575808704e-01 
 3.6200000000000001e+00 4.5894848664974258e-01 
 3.6299999999999999e+00 4.5228719277873408e-01 
 3.6400000000000001e+00 4.4561922246698887e-01 
 3.6499999999999999e+00 4.3894274403643541e-01 
 3.6600000000000001e+00 4.3225592580900091e-01 
 3.6699999999999999e+00 4.2555693610661388e-01 
 3.6800000000000002e+00 4.1884394325120161e-01 
 3.6899999999999999e+00 4.1211511556469255e-01 
 3.7000000000000002e+00 4.0536862136901397e-01 
 3.7100000000000000e+00 3.9860262898609433e-01 
 3.7200000000000002e+00 3.9181530673786091e-01 
 3.7300000000000000e+00 3.8500482294624216e-01 
 3.7400000000000002e+00 3.7816934593316542e-01 
 3.7500000000000000e+00 3.7130704402055903e-01 
 3.7600000000000002e+00 3.6441608553035038e-01 
 3.7700000000000000e+00 3.5749463878446786e-01 
 3.7800000000000002e+00 3.5054087210483875e-01 
 3.7900000000000000e+00 3.4355295381339157e-01 
 3.8000000000000003e+00 3.3652905223205354e-01 
 3.8100000000000001e+00 3.2948333019993958e-01 
 3.8200000000000003e+00 3.2243161109276797e-01 
 3.8300000000000001e+00 3.1537455403737391e-01 
 3.8399999999999999e+00 3.0831281816059170e-01 
 3.8500000000000001e+00 3.0124706258925571e-01 
 3.8599999999999999e+00 2.9417794645020112e-01 
 3.8700000000000001e+00 2.8710612887026199e-01 
 3.8799999999999999e+00 2.8003226897627359e-01 
 3.8900000000000001e+00 2.7295702589506987e-01 
 3.8999999999999999e+00 2.6588105875348605e-01 
 3.9100000000000001e+00 2.5880502667835620e-01 
 3.9199999999999999e+00 2.5172958879651558e-01 
 3.9300000000000002e+00 2.4465540423479815e-01 
 3.9399999999999999e+00 2.3758313212003918e-01 
 3.9500000000000002e+00 2.3051343157907264e-01 
 3.9600000000000000e+00 2.2344696173873382e-01 
 3.9700000000000002e+00 2.1638438172585672e-01 
 3.9800000000000000e+00 2.0932635066727656e-01 
 3.9900000000000002e+00 2.0227352768982740e-01 
 4.0000000000000000e+00 1.9522657192034443e-01 
 4.0099999999999998e+00 1.8818476433978987e-01 
 4.0200000000000005e+00 1.8114687448883562e-01 
 4.0300000000000002e+00 1.7411279433388274e-01 
 4.0400000000000000e+00 1.6708241584133038e-01 
 4.0499999999999998e+00 1.6005563097757830e-01 
 4.0600000000000005e+00 1.5303233170902564e-01 
 4.0700000000000003e+00 1.4601241000207343e-01 
 4.0800000000000001e+00 1.3899575782312082e-01 
 4.0899999999999999e+00 1.3198226713856759e-01 
 4.0999999999999996e+00 1.2497182991481347e-01 
 4.1100000000000003e+00 1.1796433811825766e-01 
 4.1200000000000001e+00 1.1095968371530113e-01 
 4.1299999999999999e+00 1.0395775867234307e-01 
 4.1399999999999997e+00 9.6958454955783230e-02 
 4.1500000000000004e+00 8.9961664532020758e-02 
 4.1600000000000001e+00 8.2967279367456681e-02 
 4.1699999999999999e+00 7.5975191428490144e-02 
 4.1799999999999997e+00 6.8985292681520899e-02 
 4.1900000000000004e+00 6.1997475092948146e-02 
 4.2000000000000002e+00 5.5011630629172914e-02 
 4.2100000000000000e+00 4.8056079693782873e-02 
 4.2199999999999998e+00 4.1157312590959172e-02 
 4.2300000000000004e+00 3.4312476137990017e-02 
 4.2400000000000002e+00 2.7518717152165452e-02 
 4.2500000000000000e+00 2.0773182450773683e-02 
 4.2599999999999998e+00 1.4073018851103548e-02 
 4.2700000000000005e+00 7.4153731704432665e-03 
 4.2800000000000002e+00 7.9739222608284088e-04 
 4.2900000000000000e+00 -5.7837771646894950e-03 
 4.2999999999999998e+00 -1.2330988184584918e-02 
 4.3100000000000005e+00 -1.8847094016315180e-02 
 4.3200000000000003e+00 -2.5334947842590314e-02 
 4.3300000000000001e+00 -3.1797402846122078e-02 
 4.3399999999999999e+00 -3.8237312209621621e-02 
 4.3500000000000005e+00 -4.4657529115800731e-02 
 4.3600000000000003e+00 -5.1060906747369419e-02 
 4.3700000000000001e+00 -5.7450298287039445e-02 
 4.3799999999999999e+00 -6.3828556917521956e-02 
 4.3899999999999997e+00 -7.0198535821528185e-02 
 4.4000000000000004e+00 -7.6563088181769823e-02 
 4.4100000000000001e+00 -8.2884621813698364e-02 
 4.4199999999999999e+00 -8.9125608766925088e-02 
 4.4299999999999997e+00 -9.5288998575398409e-02 
 4.4400000000000004e+00 -1.0137774077306724e-01 
 4.4500000000000002e+00 -1.0739478489387894e-01 
 4.4600000000000000e+00 -1.1334308047178240e-01 
 4.4699999999999998e+00 -1.1922557704072606e-01 
 4.4800000000000004e+00 -1.2504522413465885e-01 
 4.4900000000000002e+00 -1.3080497128752808e-01 
 4.5000000000000000e+00 -1.3650776803328271e-01 
 4.5099999999999998e+00 -1.4215656390587111e-01 
 4.5200000000000005e+00 -1.4775430843924223e-01 
 4.5300000000000002e+00 -1.5330395116734341e-01 
 4.5400000000000000e+00 -1.5880844162412364e-01 
 4.5499999999999998e+00 -1.6427072934353121e-01 
 4.5600000000000005e+00 -1.6969376385951510e-01 
 4.5700000000000003e+00 -1.7508049470602266e-01 
 4.5800000000000001e+00 -1.8043387141700284e-01 
 4.5899999999999999e+00 -1.8575684352640404e-01 
 4.6000000000000005e+00 -1.9105236056817509e-01 
 4.6100000000000003e+00 -1.9628563873942986e-01 
 4.6200000000000001e+00 -2.0142155498455766e-01 
 4.6299999999999999e+00 -2.0646254995841809e-01 
 4.6399999999999997e+00 -2.1141106431587064e-01 
 4.6500000000000004e+00 -2.1626953871177532e-01 
 4.6600000000000001e+00 -2.2104041380099076e-01 
 4.6699999999999999e+00 -2.2572613023837695e-01 
 4.6799999999999997e+00 -2.3032912867879346e-01 
 4.6900000000000004e+00 -2.3485184977710016e-01 
 4.7000000000000002e+00 -2.3929673418815584e-01 
 4.7100000000000000e+00 -2.4366622256682041e-01 
 4.7199999999999998e+00 -2.4796275556795341e-01 
 4.7300000000000004e+00 -2.5218877384641475e-01 
 4.7400000000000002e+00 -2.5634671805706327e-01 
 4.7500000000000000e+00 -2.6043902885475878e-01 
 4.7599999999999998e+00 -2.6446814689436093e-01 
 4.7700000000000005e+00 -2.6843651283072956e-01 
 4.7800000000000002e+00 -2.7234656731872342e-01 
 4.7900000000000000e+00 -2.7620075101320252e-01 
 4.7999999999999998e+00 -2.8000150456902639e-01 
 4.8100000000000005e+00 -2.8372506842398820e-01 
 4.8200000000000003e+00 -2.8734692737727052e-01 
 4.8300000000000001e+00 -2.9086838862581882e-01 
 4.8399999999999999e+00 -2.9429075936657817e-01 
 4.8500000000000005e+00 -2.9761534679649387e-01 
 4.8600000000000003e+00 -3.0084345811251051e-01 
 4.8700000000000001e+00 -3.0397640051157343e-01 
 4.8799999999999999e+00 -3.0701548119062771e-01 
 4.8899999999999997e+00 -3.0996200734661850e-01 
 4.9000000000000004e+00 -3.1281728617649102e-01 
 4.9100000000000001e+00 -3.1558262487718991e-01 
 4.9199999999999999e+00 -3.1825933064566048e-01 
 4.9299999999999997e+00 -3.2084871067884785e-01 
 4.9400000000000004e+00 -3.2335207217369732e-01 
 4.9500000000000002e+00 -3.2577072232715348e-01 
 4.9600000000000000e+00 -3.2810596833616168e-01 
 4.9699999999999998e+00 -3.3035911739766705e-01 
 4.9800000000000004e+00 -3.3253147670861477e-01 
 4.9900000000000002e+00 -3.3462435346594954e-01 
 5.0000000000000000e+00 -3.3663905486661672e-01 
 5.0099999999999998e+00 -3.3856888852682676e-01 
 5.0200000000000005e+00 -3.4040618338721546e-01 
 5.0300000000000002e+00 -3.4215077863136506e-01 
 5.0400000000000000e+00 -3.4380251344285839e-01 
 5.0499999999999998e+00 -3.4536122700527816e-01 
 5.0600000000000005e+00 -3.4682675850220718e-01 
 5.0700000000000003e+00 -3.4819894711722771e-01 
 5.0800000000000001e+00 -3.4947763203392262e-01 
 5.0899999999999999e+00 -3.5066265243587458e-01 
 5.1000000000000005e+00 -3.5175384750666627e-01 
 5.1100000000000003e+00 -3.5275105642988025e-01 
 5.1200000000000001e+00 -3.5365411838909916e-01 
 5.1299999999999999e+00 -3.5446287256790571e-01 
 5.1399999999999997e+00 -3.5517715814988254e-01 
 5.1500000000000004e+00 -3.5579681431861238e-01 
 5.1600000000000001e+00 -3.5632168025767774e-01 
 5.1699999999999999e+00 -3.5675159515066135e-01 
 5.1799999999999997e+00 -3.5708639818114590e-01 
 5.1900000000000004e+00 -3.5732592853271394e-01 
 5.2000000000000002e+00 -3.5747002538894823e-01 
 5.2100000000000000e+00 -3.5753003415409351e-01 
 5.2199999999999998e+00 -3.5751643358317803e-01 
 5.2300000000000004e+00 -3.5742776288595973e-01 
 5.2400000000000002e+00 -3.5726256127219652e-01 
 5.2500000000000000e+00 -3.5701936795164624e-01 
 5.2599999999999998e+00 -3.5669672213406678e-01 
 5.2700000000000005e+00 -3.5629316302921604e-01 
 5.2800000000000002e+00 -3.5580722984685192e-01 
 5.2900000000000000e+00 -3.5523746179673232e-01 
 5.2999999999999998e+00 -3.5458239808861508e-01 
 5.3100000000000005e+00 -3.5384057793225804e-01 
 5.3200000000000003e+00 -3.5301054053741926e-01 
 5.3300000000000001e+00 -3.5209082511385648e-01 
 5.3399999999999999e+00 -3.5107997087132770e-01 
 5.3500000000000005e+00 -3.4997651701959059e-01 
 5.3600000000000003e+00 -3.4877900276840329e-01 
 5.3700000000000001e+00 -3.4748596732752363e-01 
 5.3799999999999999e+00 -3.4609594990670944e-01 
 5.3899999999999997e+00 -3.4460748971571864e-01 
 5.4000000000000004e+00 -3.4301912596430895e-01 
 5.4100000000000001e+00 -3.4135577629857300e-01 
 5.4199999999999999e+00 -3.3964181844594271e-01 
 5.4299999999999997e+00 -3.3787498173818520e-01 
 5.4400000000000004e+00 -3.3605299550706763e-01 
 5.4500000000000002e+00 -3.3417358908435757e-01 
 5.4600000000000000e+00 -3.3223449180182218e-01 
 5.4699999999999998e+00 -3.3023343299122865e-01 
 5.4800000000000004e+00 -3.2816814198434402e-01 
 5.4900000000000002e+00 -3.2603634811293603e-01 
 5.5000000000000000e+00 -3.2383578070877173e-01 
 5.5099999999999998e+00 -3.2156416910361829e-01 
 5.5200000000000005e+00 -3.1921924262924284e-01 
 5.5300000000000002e+00 -3.1679873061741309e-01 
 5.5400000000000000e+00 -3.1430036239989600e-01 
 5.5499999999999998e+00 -3.1172186730845886e-01 
 5.5600000000000005e+00 -3.0906097467486876e-01 
 5.5700000000000003e+00 -3.0631541383089333e-01 
 5.5800000000000001e+00 -3.0348291410829970e-01 
 5.5899999999999999e+00 -3.0056120483885507e-01 
 5.6000000000000005e+00 -2.9754801535432640e-01 
 5.6100000000000003e+00 -2.9447427829938466e-01 
 5.6200000000000001e+00 -2.9137080890212352e-01 
 5.6299999999999999e+00 -2.8823516036944563e-01 
 5.6399999999999997e+00 -2.8506488590825374e-01 
 5.6500000000000004e+00 -2.8185753872545027e-01 
 5.6600000000000001e+00 -2.7861067202793838e-01 
 5.6699999999999999e+00 -2.7532183902262047e-01 
 5.6799999999999997e+00 -2.7198859291639932e-01 
 5.6900000000000004e+00 -2.6860848691617722e-01 
 5.7000000000000002e+00 -2.6517907422885750e-01 
 5.7100000000000000e+00 -2.6169790806134252e-01 
 5.7199999999999998e+00 -2.5816254162053498e-01 
 5.7300000000000004e+00 -2.5457052811333725e-01 
 5.7400000000000002e+00 -2.5091942074665263e-01 
 5.7500000000000000e+00 -2.4720677272738345e-01 
 5.7599999999999998e+00 -2.4343013726243246e-01 
 5.7700000000000005e+00 -2.3958706755870196e-01 
 5.7800000000000002e+00 -2.3567511682309530e-01 
 5.7900000000000000e+00 -2.3169183826251488e-01 
 5.7999999999999998e+00 -2.2763478508386331e-01 
 5.8100000000000005e+00 -2.2353389047774613e-01 
 5.8200000000000003e+00 -2.1941926304659340e-01 
 5.8300000000000001e+00 -2.1528871911504258e-01 
 5.8399999999999999e+00 -2.1114007500773152e-01 
 5.8500000000000005e+00 -2.0697114704929767e-01 
 5.8600000000000003e+00 -2.0277975156437961e-01 
 5.8700000000000001e+00 -1.9856370487761482e-01 
 5.8799999999999999e+00 -1.9432082331364114e-01 
 5.8899999999999997e+00 -1.9004892319709638e-01 
 5.9000000000000004e+00 -1.8574582085261804e-01 
 5.9100000000000001e+00 -1.8140933260484465e-01 
 5.9199999999999999e+00 -1.7703727477841374e-01 
 5.9299999999999997e+00 -1.7262746369796314e-01 
 5.9400000000000004e+00 -1.6817771568813025e-01 
 5.9500000000000002e+00 -1.6368584707355371e-01 
 5.9600000000000000e+00 -1.5914967417887099e-01 
 5.9699999999999998e+00 -1.5456701332871992e-01 
 5.9800000000000004e+00 -1.4993568084773790e-01 
 5.9900000000000002e+00 -1.4525349306056362e-01 
 6.0000000000000000e+00 -1.4051826629183450e-01 
 6.0099999999999998e+00 -1.3575514362390340e-01 
 6.0200000000000005e+00 -1.3098953504373570e-01 
 6.0300000000000002e+00 -1.2621965723288955e-01 
 6.0400000000000000e+00 -1.2144372687292188e-01 
 6.0499999999999998e+00 -1.1665996064538992e-01 
 6.0600000000000005e+00 -1.1186657523185056e-01 
 6.0700000000000003e+00 -1.0706178731386196e-01 
 6.0800000000000001e+00 -1.0224381357298097e-01 
 6.0899999999999999e+00 -9.7410870690764900e-02 
 6.1000000000000005e+00 -9.2561175348770633e-02 
 6.1100000000000003e+00 -8.7692944228556308e-02 
 6.1200000000000001e+00 -8.2804394011678772e-02 
 6.1299999999999999e+00 -7.7893741379695375e-02 
 6.1400000000000006e+00 -7.2959203014162921e-02 
 6.1500000000000004e+00 -6.7998995596639591e-02 
 6.1600000000000001e+00 -6.3011335808682276e-02 
 6.1699999999999999e+00 -5.7994440331848252e-02 
 6.1799999999999997e+00 -5.2946525847694811e-02 
 6.1900000000000004e+00 -4.7865809037778803e-02 
 6.2000000000000002e+00 -4.2750506583658421e-02 
 6.2100000000000000e+00 -3.7616611216347406e-02 
 6.2199999999999998e+00 -3.2481226387596776e-02 
 6.2300000000000004e+00 -2.7344234860068633e-02 
 6.2400000000000002e+00 -2.2205519396426437e-02 
 6.2500000000000000e+00 -1.7064962759332288e-02 
 6.2599999999999998e+00 -1.1922447711448746e-02 
 6.2700000000000005e+00 -6.7778570154379131e-03 
 6.2800000000000002e+00 -1.6310734339632441e-03 
 6.2900000000000000e+00 3.5180202703131366e-03 
 6.2999999999999998e+00 8.6695413347286990e-03 
 6.3100000000000005e+00 1.3823606996621329e-02 
 6.3200000000000003e+00 1.8980334493327568e-02 
 6.3300000000000001e+00 2.4139841062185308e-02 
 6.3399999999999999e+00 2.9302243940531991e-02 
 6.3500000000000005e+00 3.4467660365705532e-02 
 6.3600000000000003e+00 3.9636207575042451e-02 
 6.3700000000000001e+00 4.4808002805880640e-02 
 6.3799999999999999e+00 4.9983163295557576e-02 
 6.3900000000000006e+00 5.5161806281411124e-02 
 6.4000000000000004e+00 6.0344049000777833e-02 
 6.4100000000000001e+00 6.5530647512076171e-02 
 6.4199999999999999e+00 7.0721934082736831e-02 
 6.4299999999999997e+00 7.5917390263616227e-02 
 6.4400000000000004e+00 8.1116497605571269e-02 
 6.4500000000000002e+00 8.6318737659457467e-02 
 6.4600000000000000e+00 9.1523591976131718e-02 
 6.4699999999999998e+00 9.6730542106450434e-02 
 6.4800000000000004e+00 1.0193906960127055e-01 
 6.4900000000000002e+00 1.0714865601144759e-01 
 6.5000000000000000e+00 1.1235878288783838e-01 
 6.5099999999999998e+00 1.1756893178129943e-01 
 6.5200000000000005e+00 1.2277858424268759e-01 
 6.5300000000000002e+00 1.2798722182285838e-01 
 6.5400000000000000e+00 1.3319432607266873e-01 
 6.5499999999999998e+00 1.3839937854297502e-01 
 6.5600000000000005e+00 1.4360186078463422e-01 
 6.5700000000000003e+00 1.4880125434850175e-01 
 6.5800000000000001e+00 1.5399704078543458e-01 
 6.5899999999999999e+00 1.5918870164628909e-01 
 6.6000000000000005e+00 1.6437571848192223e-01 
 6.6100000000000003e+00 1.6955010384365082e-01 
 6.6200000000000001e+00 1.7470485795037394e-01 
 6.6299999999999999e+00 1.7984094385431909e-01 
 6.6400000000000006e+00 1.8495932460771441e-01 
 6.6500000000000004e+00 1.9006096326278660e-01 
 6.6600000000000001e+00 1.9514682287176366e-01 
 6.6699999999999999e+00 2.0021786648687320e-01 
 6.6799999999999997e+00 2.0527505716034286e-01 
 6.6900000000000004e+00 2.1031935794440065e-01 
 6.7000000000000002e+00 2.1535173189127335e-01 
 6.7100000000000000e+00 2.2037314205318892e-01 
 6.7199999999999998e+00 2.2538455148237499e-01 
 6.7300000000000004e+00 2.3038692323105964e-01 
 6.7400000000000002e+00 2.3538122035146955e-01 
 6.7500000000000000e+00 2.4036840589583278e-01 
 6.7599999999999998e+00 2.4534944291637695e-01 
 6.7700000000000005e+00 2.5032529446533003e-01 
 6.7800000000000002e+00 2.5529692359491885e-01 
 6.7900000000000000e+00 2.6026529335737136e-01 
 6.7999999999999998e+00 2.6523136680491521e-01 
 6.8100000000000005e+00 2.7017548047352519e-01 
 6.8200000000000003e+00 2.7507849656140543e-01 
 6.8300000000000001e+00 2.7994216661413013e-01 
 6.8399999999999999e+00 2.8476824217727309e-01 
 6.8500000000000005e+00 2.8955847479640845e-01 
 6.8600000000000003e+00 2.9431461601710912e-01 
 6.8700000000000001e+00 2.9903841738494924e-01 
 6.8799999999999999e+00 3.0373163044550255e-01 
 6.8900000000000006e+00 3.0839600674434331e-01 
 6.9000000000000004e+00 3.1303329782704431e-01 
 6.9100000000000001e+00 3.1764525523917980e-01 
 6.9199999999999999e+00 3.2223363052632348e-01 
 6.9299999999999997e+00 3.2680017523404908e-01 
 6.9400000000000004e+00 3.3134664090793081e-01 
 6.9500000000000002e+00 3.3587477909354158e-01 
 6.9600000000000000e+00 3.4038634133645551e-01 
 6.9699999999999998e+00 3.4488307918224642e-01 
 6.9800000000000004e+00 3.4936674417648839e-01 
 6.9900000000000002e+00 3.5383908786475438e-01 
 7.0000000000000000e+00 3.5830186179261858e-01 
 7.0099999999999998e+00 3.6273280674548897e-01 
 7.0200000000000005e+00 3.6710964398429735e-01 
 7.0300000000000002e+00 3.7143409576790198e-01 
 7.0400000000000000e+00 3.7570788435516217e-01 
 7.0499999999999998e+00 3.7993273200493688e-01 
 7.0600000000000005e+00 3.8411036097608536e-01 
 7.0700000000000003e+00 3.8824249352746582e-01 
 7.0800000000000001e+00 3.9233085191793765e-01 
 7.0899999999999999e+00 3.9637715840635968e-01 
 7.1000000000000005e+00 4.0038313525159130e-01 
 7.1100000000000003e+00 4.0435050471249073e-01 
 7.1200000000000001e+00 4.0828098904791726e-01 
 7.1299999999999999e+00 4.1217631051672976e-01 
 7.1400000000000006e+00 4.1603819137778764e-01 
 7.1500000000000004e+00 4.1986835388994903e-01 
 7.1600000000000001e+00 4.2366852031207330e-01 
 7.1699999999999999e+00 4.2744041290301937e-01 
 7.1799999999999997e+00 4.3118575392164621e-01 
 7.1900000000000004e+00 4.3490626562681300e-01 
 7.2000000000000002e+00 4.3860367027737812e-01 
 7.2100000000000000e+00 4.4225781975135375e-01 
 7.2199999999999998e+00 4.4584835127642242e-01 
 7.2300000000000004e+00 4.4937666513594932e-01 
 7.2400000000000002e+00 4.5284416161329877e-01 
 7.2500000000000000e+00 4.5625224099183598e-01 
 7.2599999999999998e+00 4.5960230355492582e-01 
 7.2700000000000005e+00 4.6289574958593349e-01 
 7.2800000000000002e+00 4.6613397936822332e-01 
 7.2900000000000000e+00 4.6931839318516050e-01 
 7.2999999999999998e+00 4.7245039132010996e-01 
 7.3100000000000005e+00 4.7553137405643681e-01 
 7.3200000000000003e+00 4.7856274167750545e-01 
 7.3300000000000001e+00 4.8154589446668111e-01 
 7.3399999999999999e+00 4.8448223270732860e-01 
 7.3500000000000005e+00 4.8737315668281311e-01 
 7.3600000000000003e+00 4.9022006667649903e-01 
 7.3700000000000001e+00 4.9302436297175156e-01 
 7.3799999999999999e+00 4.9578744585193557e-01 
 7.3900000000000006e+00 4.9851071560041615e-01 
 7.4000000000000004e+00 5.0119557250055780e-01 
 7.4100000000000001e+00 5.0382844389613524e-01 
 7.4199999999999999e+00 5.0639531569923890e-01 
 7.4299999999999997e+00 5.0889692604570769e-01 
 7.4400000000000004e+00 5.1133401307138071e-01 
 7.4500000000000002e+00 5.1370731491209631e-01 
 7.4600000000000000e+00 5.1601756970369361e-01 
 7.4699999999999998e+00 5.1826551558201150e-01 
 7.4800000000000004e+00 5.2045189068288888e-01 
 7.4900000000000002e+00 5.2257743314216443e-01 
 7.5000000000000000e+00 5.2464288109567714e-01 
 7.5099999999999998e+00 5.2664897267926591e-01 
 7.5200000000000005e+00 5.2859644602876965e-01 
 7.5300000000000002e+00 5.3048603928002691e-01 
 7.5400000000000000e+00 5.3231849056887681e-01 
 7.5499999999999998e+00 5.3409453803115814e-01 
 7.5600000000000005e+00 5.3581491980270990e-01 
 7.5700000000000003e+00 5.3748037401937065e-01 
 7.5800000000000001e+00 5.3909163881697952e-01 
 7.5899999999999999e+00 5.4064945233137529e-01 
 7.6000000000000005e+00 5.4215455269839685e-01 
 7.6100000000000003e+00 5.4360327333599434e-01 
 7.6200000000000001e+00 5.4499138509792799e-01 
 7.6299999999999999e+00 5.4631878227375186e-01 
 7.6400000000000006e+00 5.4758535915301976e-01 
 7.6500000000000004e+00 5.4879101002528552e-01 
 7.6600000000000001e+00 5.4993562918010308e-01 
 7.6699999999999999e+00 5.5101911090702627e-01 
 7.6799999999999997e+00 5.5204134949560912e-01 
 7.6900000000000004e+00 5.5300223923540548e-01 
 7.7000000000000002e+00 5.5390167441596927e-01 
 7.7100000000000000e+00 5.5473954932685421e-01 
 7.7199999999999998e+00 5.5551575825761434e-01 
 7.7300000000000004e+00 5.5623019549780361e-01 
 7.7400000000000002e+00 5.5688275533697573e-01 
 7.7500000000000000e+00 5.5747333206468475e-01 
 7.7599999999999998e+00 5.5800181997048448e-01 
 7.7700000000000005e+00 5.5846811334392887e-01 
 7.7800000000000002e+00 5.5887210647457186e-01 
 7.7900000000000000e+00 5.5921369365196716e-01 
 7.7999999999999998e+00 5.5949276916566881e-01 
 7.8100000000000005e+00 5.5971612058322229e-01 
 7.8200000000000003e+00 5.5989001821797824e-01 
 7.8300000000000001e+00 5.6001358047819816e-01 
 7.8399999999999999e+00 5.6008592577214333e-01 
 7.8500000000000005e+00 5.6010617250807537e-01 
 7.8600000000000003e+00 5.6007343909425578e-01 
 7.8700000000000001e+00 5.5998684393894582e-01 
 7.8799999999999999e+00 5.5984550545040701e-01 
 7.8900000000000006e+00 5.5964854203690095e-01 
 7.9000000000000004e+00 5.5939507210668893e-01 
 7.9100000000000001e+00 5.5908421406803244e-01 
 7.9199999999999999e+00 5.5871508632919309e-01 
 7.9300000000000006e+00 5.5828680729843216e-01 
 7.9400000000000004e+00 5.5779849538401116e-01 
 7.9500000000000002e+00 5.5724926899419147e-01 
 7.9600000000000000e+00 5.5663824653723482e-01 
 7.9699999999999998e+00 5.5596454642140236e-01 
 7.9800000000000004e+00 5.5522728705495561e-01 
 7.9900000000000002e+00 5.5442558684615606e-01 
 8.0000000000000000e+00 5.5355856420326532e-01 
 8.0099999999999998e+00 5.5264127521070017e-01 
 8.0199999999999996e+00 5.5168842495635628e-01 
 8.0299999999999994e+00 5.5069860535371340e-01 
 8.0400000000000009e+00 5.4967040831625091e-01 
 8.0500000000000007e+00 5.4860242575744878e-01 
 8.0600000000000005e+00 5.4749324959078649e-01 
 8.0700000000000003e+00 5.4634147172974368e-01 
 8.0800000000000001e+00 5.4514568408779984e-01 
 8.0899999999999999e+00 5.4390447857843471e-01 
 8.0999999999999996e+00 5.4261644711512791e-01 
 8.1099999999999994e+00 5.4128018161135916e-01 
 8.1200000000000010e+00 5.3989427398060752e-01 
 8.1300000000000008e+00 5.3845731613635339e-01 
 8.1400000000000006e+00 5.3696789999207606e-01 
 8.1500000000000004e+00 5.3542461746125525e-01 
 8.1600000000000001e+00 5.3382606045737035e-01 
 8.1699999999999999e+00 5.3217082089390122e-01 
 8.1799999999999997e+00 5.3045749068432735e-01 
 8.1899999999999995e+00 5.2868466174212836e-01 
 8.1999999999999993e+00 5.2685092598078398e-01 
 8.2100000000000009e+00 5.2497589795304844e-01 
 8.2200000000000006e+00 5.2307904494592494e-01 
 8.2300000000000004e+00 5.2115873797426415e-01 
 8.2400000000000002e+00 5.1921334805291741e-01 
 8.2500000000000000e+00 5.1724124619673595e-01 
 8.2599999999999998e+00 5.1524080342057077e-01 
 8.2699999999999996e+00 5.1321039073927321e-01 
 8.2799999999999994e+00 5.1114837916769440e-01 
 8.2900000000000009e+00 5.0905313972068522e-01 
 8.3000000000000007e+00 5.0692304341309746e-01 
 8.3100000000000005e+00 5.0475646125978213e-01 
 8.3200000000000003e+00 5.0255176427559023e-01 
 8.3300000000000001e+00 5.0030732347537310e-01 
 8.3399999999999999e+00 4.9802150987398175e-01 
 8.3499999999999996e+00 4.9569269448626757e-01 
 8.3599999999999994e+00 4.9331924832708163e-01 
 8.3700000000000010e+00 4.9089954241127470e-01 
 8.3800000000000008e+00 4.8843194775369880e-01 
 8.3900000000000006e+00 4.8591483536920477e-01 
 8.4000000000000004e+00 4.8334657627264377e-01 
 8.4100000000000001e+00 4.8074782264085203e-01 
 8.4199999999999999e+00 4.7813923126686581e-01 
 8.4299999999999997e+00 4.7551918008983651e-01 
 8.4399999999999995e+00 4.7288604704891535e-01 
 8.4499999999999993e+00 4.7023821008325367e-01 
 8.4600000000000009e+00 4.6757404713200224e-01 
 8.4700000000000006e+00 4.6489193613431334e-01 
 8.4800000000000004e+00 4.6219025502933786e-01 
 8.4900000000000002e+00 4.5946738175622698e-01 
 8.5000000000000000e+00 4.5672169425413206e-01 
 8.5099999999999998e+00 4.5395157046220441e-01 
 8.5199999999999996e+00 4.5115538831959529e-01 
 8.5299999999999994e+00 4.4833152576545604e-01 
 8.5400000000000009e+00 4.4547836073893737e-01 
 8.5500000000000007e+00 4.4259427117919170e-01 
 8.5600000000000005e+00 4.3967763502536972e-01 
 8.5700000000000003e+00 4.3672683021662284e-01 
 8.5800000000000001e+00 4.3374023469210221e-01 
 8.5899999999999999e+00 4.3071622639095930e-01 
 8.5999999999999996e+00 4.2765318325234525e-01 
 8.6099999999999994e+00 4.2456947062371708e-01 
 8.6200000000000010e+00 4.2148379186816542e-01 
 8.6300000000000008e+00 4.1839503194829419e-01 
 8.6400000000000006e+00 4.1530207582670559e-01 
 8.6500000000000004e+00 4.1220380846600230e-01 
 8.6600000000000001e+00 4.0909911482878714e-01 
 8.6699999999999999e+00 4.0598687987766285e-01 
 8.6799999999999997e+00 4.0286598857523220e-01 
 8.6899999999999995e+00 3.9973532588409794e-01 
 8.7000000000000011e+00 3.9659377676686225e-01 
 8.7100000000000009e+00 3.9344022618612906e-01 
 8.7200000000000006e+00 3.9027355910450046e-01 
 8.7300000000000004e+00 3.8709266048457935e-01 
 8.7400000000000002e+00 3.8389641528896840e-01 
 8.7500000000000000e+00 3.8068370848027033e-01 
 8.7599999999999998e+00 3.7745342502108797e-01 
 8.7699999999999996e+00 3.7420444987402407e-01 
 8.7799999999999994e+00 3.7093566800168137e-01 
 8.7900000000000009e+00 3.6764596436666203e-01 
 8.8000000000000007e+00 3.6433422393157000e-01 
 8.8100000000000005e+00 3.6100932320811685e-01 
 8.8200000000000003e+00 3.5768112836626847e-01 
 8.8300000000000001e+00 3.5435000885600793e-01 
 8.8399999999999999e+00 3.5101633412731842e-01 
 8.8499999999999996e+00 3.4768047363018317e-01 
 8.8599999999999994e+00 3.4434279681458524e-01 
 8.8700000000000010e+00 3.4100367313050733e-01 
 8.8800000000000008e+00 3.3766347202793368e-01 
 8.8900000000000006e+00 3.3432256295684692e-01 
 8.9000000000000004e+00 3.3098131536723024e-01 
 8.9100000000000001e+00 3.2764009870906674e-01 
 8.9199999999999999e+00 3.2429928243233963e-01 
 8.9299999999999997e+00 3.2095923598703208e-01 
 8.9399999999999995e+00 3.1762032882312724e-01 
 8.9500000000000011e+00 3.1428293039060767e-01 
 8.9600000000000009e+00 3.1094741013945781e-01 
 8.9700000000000006e+00 3.0761413751966010e-01 
 8.9800000000000004e+00 3.0428348198119781e-01 
 8.9900000000000002e+00 3.0095581297405405e-01 
 9.0000000000000000e+00 2.9763149994821203e-01 
 9.0099999999999998e+00 2.9430990111394595e-01 
 9.0199999999999996e+00 2.9099010982263301e-01 
 9.0299999999999994e+00 2.8767209823591089e-01 
 9.0400000000000009e+00 2.8435583851541663e-01 
 9.0500000000000007e+00 2.8104130282278905e-01 
 9.0600000000000005e+00 2.7772846331966522e-01 
 9.0700000000000003e+00 2.7441729216768274e-01 
 9.0800000000000001e+00 2.7110776152847926e-01 
 9.0899999999999999e+00 2.6779984356369246e-01 
 9.0999999999999996e+00 2.6449351043495994e-01 
 9.1099999999999994e+00 2.6118873430391942e-01 
 9.1200000000000010e+00 2.5788548733220790e-01 
 9.1300000000000008e+00 2.5458374168146414e-01 
 9.1400000000000006e+00 2.5128346951332531e-01 
 9.1500000000000004e+00 2.4798464298942896e-01 
 9.1600000000000001e+00 2.4468723427141281e-01 
 9.1699999999999999e+00 2.4139121552091444e-01 
 9.1799999999999997e+00 2.3809655889957154e-01 
 9.1899999999999995e+00 2.3480323656902169e-01 
 9.2000000000000011e+00 2.3151122069090202e-01 
 9.2100000000000009e+00 2.2823461529299061e-01 
 9.2200000000000006e+00 2.2498660747529658e-01 
 9.2300000000000004e+00 2.2176579400780660e-01 
 9.2400000000000002e+00 2.1857077166050740e-01 
 9.2500000000000000e+00 2.1540013720338569e-01 
 9.2599999999999998e+00 2.1225248740642821e-01 
 9.2699999999999996e+00 2.0912641903962162e-01 
 9.2799999999999994e+00 2.0602052887295266e-01 
 9.2900000000000009e+00 2.0293341367640752e-01 
 9.3000000000000007e+00 1.9986367021997398e-01 
 9.3100000000000005e+00 1.9680989527363818e-01 
 9.3200000000000003e+00 1.9377068560738686e-01 
 9.3300000000000001e+00 1.9074463799120675e-01 
 9.3399999999999999e+00 1.8773034919508452e-01 
 9.3499999999999996e+00 1.8472641598900691e-01 
 9.3599999999999994e+00 1.8173143514296064e-01 
 9.3700000000000010e+00 1.7874400342693186e-01 
 9.3800000000000008e+00 1.7576271761090839e-01 
 9.3900000000000006e+00 1.7278617446487637e-01 
 9.4000000000000004e+00 1.6981297075882251e-01 
 9.4100000000000001e+00 1.6685990237633347e-01 
 9.4199999999999999e+00 1.6394384868064338e-01 
 9.4299999999999997e+00 1.6106353166121021e-01 
 9.4399999999999995e+00 1.5821767330749190e-01 
 9.4500000000000011e+00 1.5540499560894594e-01 
 9.4600000000000009e+00 1.5262422055503125e-01 
 9.4700000000000006e+00 1.4987407013520532e-01 
 9.4800000000000004e+00 1.4715326633892606e-01 
 9.4900000000000002e+00 1.4446053115565149e-01 
 9.5000000000000000e+00 1.4179458657483954e-01 
 9.5099999999999998e+00 1.3915415458594818e-01 
 9.5199999999999996e+00 1.3653795717843537e-01 
 9.5299999999999994e+00 1.3394471634175903e-01 
 9.5400000000000009e+00 1.3137315406537670e-01 
 9.5500000000000007e+00 1.2882199233874725e-01 
 9.5600000000000005e+00 1.2628995315132813e-01 
 9.5700000000000003e+00 1.2377575849257741e-01 
 9.5800000000000001e+00 1.2127813035195295e-01 
 9.5899999999999999e+00 1.1879579071891275e-01 
 9.5999999999999996e+00 1.1632746158291474e-01 
 9.6099999999999994e+00 1.1388731691639571e-01 
 9.6200000000000010e+00 1.1148973403014863e-01 
 9.6300000000000008e+00 1.0913373992116715e-01 
 9.6400000000000006e+00 1.0681836158644367e-01 
 9.6500000000000004e+00 1.0454262602297103e-01 
 9.6600000000000001e+00 1.0230556022774205e-01 
 9.6699999999999999e+00 1.0010619119774955e-01 
 9.6799999999999997e+00 9.7943545929986386e-02 
 9.6899999999999995e+00 9.5816651421445354e-02 
 9.7000000000000011e+00 9.3724534669118939e-02 
 9.7100000000000009e+00 9.1666222670000699e-02 
 9.7200000000000006e+00 8.9640742421083081e-02 
 9.7300000000000004e+00 8.7647120919358945e-02 
 9.7400000000000002e+00 8.5684385161821086e-02 
 9.7500000000000000e+00 8.3751562145462338e-02 
 9.7599999999999998e+00 8.1847678867275536e-02 
 9.7699999999999996e+00 7.9971762324253515e-02 
 9.7799999999999994e+00 7.8122839513389095e-02 
 9.7900000000000009e+00 7.6299937431674791e-02 
 9.8000000000000007e+00 7.4502083076104064e-02 
 9.8100000000000005e+00 7.2738479968071590e-02 
 9.8200000000000003e+00 7.1018655943619335e-02 
 9.8300000000000001e+00 6.9342124471710648e-02 
 9.8399999999999999e+00 6.7708399021308860e-02 
 9.8499999999999996e+00 6.6116993061377291e-02 
 9.8599999999999994e+00 6.4567420060879288e-02 
 9.8700000000000010e+00 6.3059193488777907e-02 
 9.8800000000000008e+00 6.1591826814037028e-02 
 9.8900000000000006e+00 6.0164833505619700e-02 
 9.9000000000000004e+00 5.8777727032489263e-02 
 9.9100000000000001e+00 5.7430020863609037e-02 
 9.9199999999999999e+00 5.6121228467942361e-02 
 9.9299999999999997e+00 5.4850863314452582e-02 
 9.9399999999999995e+00 5.3618438872103005e-02 
 9.9500000000000011e+00 5.2423468609856777e-02 
 9.9600000000000009e+00 5.1265465996677639e-02 
 9.9700000000000006e+00 5.0143944501528710e-02 
 9.9800000000000004e+00 4.9058417593373330e-02 
 9.9900000000000002e+00 4.8008398741174810e-02 
 1.0000000000000000e+01 4.6993401413896518e-02 
 1.0010000000000000e+01 4.6015622787979889e-02 
 1.0020000000000000e+01 4.5077661997640607e-02 
 1.0029999999999999e+01 4.4179635448503306e-02 
 1.0039999999999999e+01 4.3321659546192631e-02 
 1.0049999999999999e+01 4.2503850696333216e-02 
 1.0060000000000000e+01 4.1726325304549568e-02 
 1.0070000000000000e+01 4.0989199776466603e-02 
 1.0080000000000000e+01 4.0292590517708816e-02 
 1.0090000000000000e+01 3.9636613933900854e-02 
 1.0100000000000000e+01 3.9021386430667347e-02 
 1.0109999999999999e+01 3.8447024413632937e-02 
 1.0119999999999999e+01 3.7913644288422269e-02 
 1.0129999999999999e+01 3.7421362460659968e-02 
 1.0140000000000001e+01 3.6970295335970620e-02 
 1.0150000000000000e+01 3.6560559319979008e-02 
 1.0160000000000000e+01 3.6192270818309683e-02 
 1.0170000000000000e+01 3.5865546236587303e-02 
 1.0180000000000000e+01 3.5580501980436489e-02 
 1.0190000000000000e+01 3.5337254455481887e-02 
 1.0199999999999999e+01 3.5135920067348142e-02 
 1.0209999999999999e+01 3.4971108222270689e-02 
 1.0220000000000001e+01 3.4837812788405635e-02 
 1.0230000000000000e+01 3.4736726864258757e-02 
 1.0240000000000000e+01 3.4668543548335741e-02 
 1.0250000000000000e+01 3.4633955939142286e-02 
 1.0260000000000000e+01 3.4633657135184112e-02 
 1.0270000000000000e+01 3.4668340234966934e-02 
 1.0279999999999999e+01 3.4738698336996457e-02 
 1.0289999999999999e+01 3.4845424539778395e-02 
 1.0299999999999999e+01 3.4989211941818463e-02 
 1.0310000000000000e+01 3.5170753641622407e-02 
 1.0320000000000000e+01 3.5390742737695879e-02 
 1.0330000000000000e+01 3.5649872328544607e-02 
 1.0340000000000000e+01 3.5948835512674318e-02 
 1.0350000000000000e+01 3.6288325388590718e-02 
 1.0359999999999999e+01 3.6669035054799522e-02 
 1.0369999999999999e+01 3.7091657609806435e-02 
 1.0379999999999999e+01 3.7556886152117171e-02 
 1.0390000000000001e+01 3.8065413780237541e-02 
 1.0400000000000000e+01 3.8617933592673070e-02 
 1.0410000000000000e+01 3.9202879155092914e-02 
 1.0420000000000000e+01 3.9808934988943605e-02 
 1.0430000000000000e+01 4.0437170626397047e-02 
 1.0440000000000000e+01 4.1088655599625157e-02 
 1.0449999999999999e+01 4.1764459440799845e-02 
 1.0459999999999999e+01 4.2465651682093021e-02 
 1.0470000000000001e+01 4.3193301855676734e-02 
 1.0480000000000000e+01 4.3948479493722638e-02 
 1.0490000000000000e+01 4.4732254128402774e-02 
 1.0500000000000000e+01 4.5545695291889045e-02 
 1.0510000000000000e+01 4.6389872516353362e-02 
 1.0520000000000000e+01 4.7265855333967655e-02 
 1.0529999999999999e+01 4.8174713276903820e-02 
 1.0539999999999999e+01 4.9117515877333776e-02 
 1.0549999999999999e+01 5.0095332667429424e-02 
 1.0560000000000000e+01 5.1109233179362876e-02 
 1.0570000000000000e+01 5.2160286945305674e-02 
 1.0580000000000000e+01 5.3249563497429910e-02 
 1.0590000000000000e+01 5.4378132367907492e-02 
 1.0600000000000000e+01 5.5547063088910345e-02 
 1.0609999999999999e+01 5.6741583862908541e-02 
 1.0619999999999999e+01 5.7947010728660694e-02 
 1.0629999999999999e+01 5.9164544972771488e-02 
 1.0640000000000001e+01 6.0395387881845848e-02 
 1.0650000000000000e+01 6.1640740742488022e-02 
 1.0660000000000000e+01 6.2901804841302922e-02 
 1.0670000000000000e+01 6.4179781464895252e-02 
 1.0680000000000000e+01 6.5475871899869684e-02 
 1.0690000000000000e+01 6.6791277432830934e-02 
 1.0699999999999999e+01 6.8127199350383694e-02 
 1.0709999999999999e+01 6.9484838939132640e-02 
 1.0720000000000001e+01 7.0865397485682727e-02 
 1.0730000000000000e+01 7.2270076276638159e-02 
 1.0740000000000000e+01 7.3700076598603864e-02 
 1.0750000000000000e+01 7.5156599738184560e-02 
 1.0760000000000000e+01 7.6640846981984895e-02 
 1.0770000000000000e+01 7.8154019616609616e-02 
 1.0779999999999999e+01 7.9697318928663385e-02 
 1.0789999999999999e+01 8.1271946204750894e-02 
 1.0799999999999999e+01 8.2879102731476861e-02 
 1.0810000000000000e+01 8.4504032251383115e-02 
 1.0820000000000000e+01 8.6131891662299023e-02 
 1.0830000000000000e+01 8.7763751983762128e-02 
 1.0840000000000000e+01 8.9400684235309669e-02 
 1.0850000000000000e+01 9.1043759436478869e-02 
 1.0859999999999999e+01 9.2694048606806981e-02 
 1.0869999999999999e+01 9.4352622765831257e-02 
 1.0879999999999999e+01 9.6020552933088921e-02 
 1.0890000000000001e+01 9.7698910128117530e-02 
 1.0900000000000000e+01 9.9388765370453727e-02 
 1.0910000000000000e+01 1.0109118967963504e-01 
 1.0920000000000000e+01 1.0280725407519874e-01 
 1.0930000000000000e+01 1.0453802957668204e-01 
 1.0940000000000000e+01 1.0628458720362219e-01 
 1.0949999999999999e+01 1.0804799797555643e-01 
 1.0959999999999999e+01 1.0982933291202202e-01 
 1.0970000000000001e+01 1.1162966303255650e-01 
 1.0980000000000000e+01 1.1345005935669650e-01 
 1.0990000000000000e+01 1.1529159290397956e-01 
 1.1000000000000000e+01 1.1715533469394290e-01 
 1.1010000000000000e+01 1.1903095757164937e-01 
 1.1020000000000000e+01 1.2090754864185266e-01 
 1.1029999999999999e+01 1.2278530031362636e-01 
 1.1039999999999999e+01 1.2466440499604410e-01 
 1.1049999999999999e+01 1.2654505509817945e-01 
 1.1060000000000000e+01 1.2842744302910636e-01 
 1.1070000000000000e+01 1.3031176119789778e-01 
 1.1080000000000000e+01 1.3219820201362764e-01 
 1.1090000000000000e+01 1.3408695788536951e-01 
 1.1100000000000000e+01 1.3597822122219705e-01 
 1.1109999999999999e+01 1.3787218443318380e-01 
 1.1119999999999999e+01 1.3976903992740342e-01 
 1.1129999999999999e+01 1.4166898011392948e-01 
 1.1140000000000001e+01 1.4357219740183591e-01 
 1.1150000000000000e+01 1.4547888420019567e-01 
 1.1160000000000000e+01 1.4738923291808270e-01 
 1.1170000000000000e+01 1.4930343596457057e-01 
 1.1180000000000000e+01 1.5122168574873290e-01 
 1.1190000000000000e+01 1.5314417467964331e-01 
 1.1199999999999999e+01 1.5507109516637541e-01 
 1.1209999999999999e+01 1.5700203497527129e-01 
 1.1220000000000001e+01 1.5893620186609625e-01 
 1.1230000000000000e+01 1.6087321823805745e-01 
 1.1240000000000000e+01 1.6281270649036297e-01 
 1.1250000000000000e+01 1.6475428902222064e-01 
 1.1260000000000000e+01 1.6669758823283826e-01 
 1.1270000000000000e+01 1.6864222652142360e-01 
 1.1279999999999999e+01 1.7058782628718450e-01 
 1.1289999999999999e+01 1.7253400992932871e-01 
 1.1299999999999999e+01 1.7448039984706404e-01 
 1.1310000000000000e+01 1.7642661843959864e-01 
 1.1320000000000000e+01 1.7837228810613961e-01 
 1.1330000000000000e+01 1.8031703124589510e-01 
 1.1340000000000000e+01 1.8226047025807290e-01 
 1.1350000000000000e+01 1.8420222754188081e-01 
 1.1359999999999999e+01 1.8614192549652664e-01 
 1.1369999999999999e+01 1.8807918652121813e-01 
 1.1379999999999999e+01 1.9001363301516316e-01 
 1.1390000000000001e+01 1.9194488737756979e-01 
 1.1400000000000000e+01 1.9387257200764518e-01 
 1.1410000000000000e+01 1.9579544997562590e-01 
 1.1420000000000000e+01 1.9771267290306899e-01 
 1.1430000000000000e+01 1.9962444601616344e-01 
 1.1440000000000000e+01 2.0153097454109825e-01 
 1.1449999999999999e+01 2.0343246370406246e-01 
 1.1459999999999999e+01 2.0532911873124501e-01 
 1.1470000000000001e+01 2.0722114484883528e-01 
 1.1480000000000000e+01 2.0910874728302162e-01 
 1.1490000000000000e+01 2.1099213125999333e-01 
 1.1500000000000000e+01 2.1287150200593941e-01 
 1.1510000000000000e+01 2.1474706474704888e-01 
 1.1520000000000000e+01 2.1661902470951078e-01 
 1.1529999999999999e+01 2.1848758711951405e-01 
 1.1539999999999999e+01 2.2035295720324771e-01 
 1.1550000000000001e+01 2.2221534018690109e-01 
 1.1560000000000000e+01 2.2407494129666258e-01 
 1.1570000000000000e+01 2.2593196575872146e-01 
 1.1580000000000000e+01 2.2778661879926673e-01 
 1.1590000000000000e+01 2.2963910564448745e-01 
 1.1600000000000000e+01 2.3148963152057256e-01 
 1.1609999999999999e+01 2.3333206978489940e-01 
 1.1619999999999999e+01 2.3516053206466991e-01 
 1.1629999999999999e+01 2.3697558099081006e-01 
 1.1640000000000001e+01 2.3877777919424614e-01 
 1.1650000000000000e+01 2.4056768930590353e-01 
 1.1660000000000000e+01 2.4234587395670848e-01 
 1.1670000000000000e+01 2.4411289577758696e-01 
 1.1680000000000000e+01 2.4586931739946499e-01 
 1.1690000000000000e+01 2.4761570145326853e-01 
 1.1699999999999999e+01 2.4935261056992356e-01 
 1.1709999999999999e+01 2.5108060738035604e-01 
 1.1720000000000001e+01 2.5280025451549226e-01 
 1.1730000000000000e+01 2.5451211460625756e-01 
 1.1740000000000000e+01 2.5621675028357827e-01 
 1.1750000000000000e+01 2.5791472417838035e-01 
 1.1760000000000000e+01 2.5960659892158977e-01 
 1.1770000000000000e+01 2.6129293714413249e-01 
 1.1779999999999999e+01 2.6297430147693451e-01 
 1.1789999999999999e+01 2.6465125455092181e-01 
 1.1800000000000001e+01 2.6632435899702067e-01 
 1.1810000000000000e+01 2.6798755184788026e-01 
 1.1820000000000000e+01 2.6963470409443974e-01 
 1.1830000000000000e+01 2.7126627930505831e-01 
 1.1840000000000000e+01 2.7288274104809551e-01 
 1.1850000000000000e+01 2.7448455289191065e-01 
 1.1859999999999999e+01 2.7607217840486314e-01 
 1.1869999999999999e+01 2.7764608115531231e-01 
 1.1879999999999999e+01 2.7920672471161756e-01 
 1.1890000000000001e+01 2.8075457264213860e-01 
 1.1900000000000000e+01 2.8229008851523418e-01 
 1.1910000000000000e+01 2.8381373589926395e-01 
 1.1920000000000000e+01 2.8532597836258738e-01 
 1.1930000000000000e+01 2.8682727947356379e-01 
 1.1940000000000000e+01 2.8831810280055253e-01 
 1.1949999999999999e+01 2.8979891191191304e-01 
 1.1959999999999999e+01 2.9127017037600467e-01 
 1.1970000000000001e+01 2.9273234176118701e-01 
 1.1980000000000000e+01 2.9418588963581904e-01 
 1.1990000000000000e+01 2.9563127756826030e-01 
 1.2000000000000000e+01 2.9706896912687020e-01 
 1.2010000000000000e+01 2.9849363392247946e-01 
 1.2020000000000000e+01 2.9989989262368294e-01 
 1.2030000000000001e+01 3.0128813538548632e-01 
 1.2039999999999999e+01 3.0265875236289447e-01 
 1.2050000000000001e+01 3.0401213371091390e-01 
 1.2059999999999999e+01 3.0534866958454909e-01 
 1.2070000000000000e+01 3.0666875013880657e-01 
 1.2080000000000000e+01 3.0797276552869113e-01 
 1.2090000000000000e+01 3.0926110590920852e-01 
 1.2100000000000000e+01 3.1053416143536433e-01 
 1.2109999999999999e+01 3.1179232226216402e-01 
 1.2120000000000001e+01 3.1303597854461335e-01 
 1.2129999999999999e+01 3.1426552043771716e-01 
 1.2140000000000001e+01 3.1548133809648182e-01 
 1.2149999999999999e+01 3.1668382167591214e-01 
 1.2160000000000000e+01 3.1787336133101429e-01 
 1.2170000000000000e+01 3.1905034721679332e-01 
 1.2180000000000000e+01 3.2021516948825490e-01 
 1.2190000000000000e+01 3.2136821830040452e-01 
 1.2199999999999999e+01 3.2250988380824774e-01 
 1.2210000000000001e+01 3.2363588366689350e-01 
 1.2219999999999999e+01 3.2474185640005859e-01 
 1.2230000000000000e+01 3.2582807346566250e-01 
 1.2240000000000000e+01 3.2689480632162315e-01 
 1.2250000000000000e+01 3.2794232642585941e-01 
 1.2260000000000000e+01 3.2897090523628997e-01 
 1.2270000000000000e+01 3.2998081421083331e-01 
 1.2280000000000001e+01 3.3097232480740829e-01 
 1.2289999999999999e+01 3.3194570848393301e-01 
 1.2300000000000001e+01 3.3290123669832683e-01 
 1.2309999999999999e+01 3.3383918090850756e-01 
 1.2320000000000000e+01 3.3475981257239462e-01 
 1.2330000000000000e+01 3.3566340314790605e-01 
 1.2340000000000000e+01 3.3655022409296070e-01 
 1.2350000000000000e+01 3.3742054686547712e-01 
 1.2359999999999999e+01 3.3827464292337395e-01 
 1.2370000000000001e+01 3.3911278372456993e-01 
 1.2379999999999999e+01 3.3993524072698333e-01 
 1.2390000000000001e+01 3.4074228538853324e-01 
 1.2399999999999999e+01 3.4153418916713779e-01 
 1.2410000000000000e+01 3.4230875421740747e-01 
 1.2420000000000000e+01 3.4306363646393251e-01 
 1.2430000000000000e+01 3.4379888801960318e-01 
 1.2440000000000000e+01 3.4451456099730926e-01 
 1.2449999999999999e+01 3.4521070750994076e-01 
 1.2460000000000001e+01 3.4588737967038774e-01 
 1.2469999999999999e+01 3.4654462959153975e-01 
 1.2480000000000000e+01 3.4718250938628720e-01 
 1.2490000000000000e+01 3.4780107116751974e-01 
 1.2500000000000000e+01 3.4840036704812732e-01 
 1.2510000000000000e+01 3.4898044914099996e-01 
 1.2520000000000000e+01 3.4954136955902759e-01 
 1.2530000000000001e+01 3.5008318041510028e-01 
 1.2539999999999999e+01 3.5060593382210753e-01 
 1.2550000000000001e+01 3.5110968189293984e-01 
 1.2559999999999999e+01 3.5159447674048666e-01 
 1.2570000000000000e+01 3.5206037047763833e-01 
 1.2580000000000000e+01 3.5250741521728451e-01 
 1.2590000000000000e+01 3.5293566307231522e-01 
 1.2600000000000000e+01 3.5334516615562045e-01 
 1.2609999999999999e+01 3.5373689007492143e-01 
 1.2620000000000001e+01 3.5411161787467393e-01 
 1.2629999999999999e+01 3.5446912782286932e-01 
 1.2640000000000001e+01 3.5480919818749951e-01 
 1.2649999999999999e+01 3.5513160723655574e-01 
 1.2660000000000000e+01 3.5543613323802986e-01 
 1.2670000000000000e+01 3.5572255445991330e-01 
 1.2680000000000000e+01 3.5599064917019763e-01 
 1.2690000000000000e+01 3.5624019563687442e-01 
 1.2699999999999999e+01 3.5647097212793533e-01 
 1.2710000000000001e+01 3.5668275691137186e-01 
 1.2719999999999999e+01 3.5687532825517559e-01 
 1.2730000000000000e+01 3.5704846442733817e-01 
 1.2740000000000000e+01 3.5720194369585107e-01 
 1.2750000000000000e+01 3.5733554432870590e-01 
 1.2760000000000000e+01 3.5744904459389426e-01 
 1.2770000000000000e+01 3.5754222275940767e-01 
 1.2780000000000001e+01 3.5761485709323781e-01 
 1.2789999999999999e+01 3.5766672586337617e-01 
 1.2800000000000001e+01 3.5769760733781431e-01 
 1.2809999999999999e+01 3.5771209005692400e-01 
 1.2820000000000000e+01 3.5771457546069363e-01 
 1.2830000000000000e+01 3.5770456116654004e-01 
 1.2840000000000000e+01 3.5768154479187986e-01 
 1.2850000000000000e+01 3.5764502395412984e-01 
 1.2859999999999999e+01 3.5759449627070666e-01 
 1.2870000000000001e+01 3.5752945935902714e-01 
 1.2879999999999999e+01 3.5744941083650794e-01 
 1.2890000000000001e+01 3.5735384832056577e-01 
 1.2899999999999999e+01 3.5724226942861737e-01 
 1.2910000000000000e+01 3.5711417177807941e-01 
 1.2920000000000000e+01 3.5696905298636872e-01 
 1.2930000000000000e+01 3.5680641067090191e-01 
 1.2940000000000000e+01 3.5662574244909578e-01 
 1.2949999999999999e+01 3.5642654593836703e-01 
 1.2960000000000001e+01 3.5620831875613229e-01 
 1.2969999999999999e+01 3.5597055851980852e-01 
 1.2980000000000000e+01 3.5571276284681214e-01 
 1.2990000000000000e+01 3.5543442935456010e-01 
 1.3000000000000000e+01 3.5513505566046899e-01 
 1.3010000000000000e+01 3.5482218149616157e-01 
 1.3020000000000000e+01 3.5450323547890655e-01 
 1.3030000000000001e+01 3.5417754855458955e-01 
 1.3039999999999999e+01 3.5384445166909645e-01 
 1.3050000000000001e+01 3.5350327576831270e-01 
 1.3059999999999999e+01 3.5315335179812424e-01 
 1.3070000000000000e+01 3.5279401070441663e-01 
 1.3080000000000000e+01 3.5242458343307559e-01 
 1.3090000000000000e+01 3.5204440092998690e-01 
 1.3100000000000000e+01 3.5165279414103623e-01 
 1.3109999999999999e+01 3.5124909401210930e-01 
 1.3120000000000001e+01 3.5083263148909166e-01 
 1.3129999999999999e+01 3.5040273751786932e-01 
 1.3140000000000001e+01 3.4995874304432767e-01 
 1.3149999999999999e+01 3.4949997901435265e-01 
 1.3160000000000000e+01 3.4902577637382975e-01 
 1.3170000000000000e+01 3.4853546606864488e-01 
 1.3180000000000000e+01 3.4802837904468370e-01 
 1.3190000000000000e+01 3.4750384624783182e-01 
 1.3199999999999999e+01 3.4696119862397501e-01 
 1.3210000000000001e+01 3.4640897254321473e-01 
 1.3219999999999999e+01 3.4585574782917811e-01 
 1.3230000000000000e+01 3.4530092060803841e-01 
 1.3240000000000000e+01 3.4474388700596953e-01 
 1.3250000000000000e+01 3.4418404314914491e-01 
 1.3260000000000000e+01 3.4362078516373828e-01 
 1.3270000000000000e+01 3.4305350917592309e-01 
 1.3280000000000001e+01 3.4248161131187299e-01 
 1.3289999999999999e+01 3.4190448769776183e-01 
 1.3300000000000001e+01 3.4132153445976277e-01 
 1.3309999999999999e+01 3.4073214772404992e-01 
 1.3320000000000000e+01 3.4013572361679639e-01 
 1.3330000000000000e+01 3.3953165826417614e-01 
 1.3340000000000000e+01 3.3891934779236271e-01 
 1.3350000000000000e+01 3.3829818832752961e-01 
 1.3359999999999999e+01 3.3766757599585057e-01 
 1.3370000000000001e+01 3.3702690692349901e-01 
 1.3379999999999999e+01 3.3637557723664885e-01 
 1.3390000000000001e+01 3.3571298306147329e-01 
 1.3399999999999999e+01 3.3503852052414640e-01 
 1.3410000000000000e+01 3.3435759419415356e-01 
 1.3420000000000000e+01 3.3367605797385419e-01 
 1.3430000000000000e+01 3.3299398198873176e-01 
 1.3440000000000000e+01 3.3231143636426980e-01 
 1.3449999999999999e+01 3.3162849122595189e-01 
 1.3460000000000001e+01 3.3094521669926141e-01 
 1.3469999999999999e+01 3.3026168290968239e-01 
 1.3480000000000000e+01 3.2957795998269779e-01 
 1.3490000000000000e+01 3.2889411804379154e-01 
 1.3500000000000000e+01 3.2821022721844706e-01 
 1.3510000000000000e+01 3.2752635763214799e-01 
 1.3520000000000000e+01 3.2684257941037775e-01 
 1.3530000000000001e+01 3.2615896267861988e-01 
 1.3539999999999999e+01 3.2547557756235823e-01 
 1.3550000000000001e+01 3.2479249418707595e-01 
 1.3559999999999999e+01 3.2410978267825696e-01 
 1.3570000000000000e+01 3.2342751316138441e-01 
 1.3580000000000000e+01 3.2274575576194214e-01 
 1.3590000000000000e+01 3.2206458060541371e-01 
 1.3600000000000000e+01 3.2138405781728252e-01 
 1.3609999999999999e+01 3.2070396025668835e-01 
 1.3620000000000001e+01 3.2002402090367238e-01 
 1.3629999999999999e+01 3.1934425006507128e-01 
 1.3640000000000001e+01 3.1866465804772065e-01 
 1.3649999999999999e+01 3.1798525515845721e-01 
 1.3660000000000000e+01 3.1730605170411674e-01 
 1.3670000000000000e+01 3.1662705799153568e-01 
 1.3680000000000000e+01 3.1594828432755012e-01 
 1.3690000000000000e+01 3.1526974101899635e-01 
 1.3699999999999999e+01 3.1459143837271042e-01 
 1.3710000000000001e+01 3.1391338669552848e-01 
 1.3719999999999999e+01 3.1323559629428710e-01 
 1.3730000000000000e+01 3.1255807747582198e-01 
 1.3740000000000000e+01 3.1188084054696963e-01 
 1.3750000000000000e+01 3.1120389581456614e-01 
 1.3760000000000000e+01 3.1052725358544769e-01 
 1.3770000000000000e+01 3.0985092416645055e-01 
 1.3780000000000001e+01 3.0917491786441065e-01 
 1.3789999999999999e+01 3.0849924498616471e-01 
 1.3800000000000001e+01 3.0782391583854829e-01 
 1.3809999999999999e+01 3.0715372470416624e-01 
 1.3820000000000000e+01 3.0649315846299119e-01 
 1.3830000000000000e+01 3.0584176631791266e-01 
 1.3840000000000000e+01 3.0519909747181995e-01 
 1.3850000000000000e+01 3.0456470112760237e-01 
 1.3859999999999999e+01 3.0393812648814911e-01 
 1.3870000000000001e+01 3.0331892275634942e-01 
 1.3879999999999999e+01 3.0270663913509299e-01 
 1.3890000000000001e+01 3.0210082482726858e-01 
 1.3899999999999999e+01 3.0150102903576598e-01 
 1.3910000000000000e+01 3.0090680096347411e-01 
 1.3920000000000000e+01 3.0031768981328250e-01 
 1.3930000000000000e+01 2.9973324478808039e-01 
 1.3940000000000000e+01 2.9915301509075709e-01 
 1.3949999999999999e+01 2.9857654992420185e-01 
 1.3960000000000001e+01 2.9800339849130392e-01 
 1.3969999999999999e+01 2.9743310999495293e-01 
 1.3980000000000000e+01 2.9686523363803774e-01 
 1.3990000000000000e+01 2.9629931862344794e-01 
 1.4000000000000000e+01 2.9573491415407271e-01 
 1.4010000000000000e+01 2.9517561196335951e-01 
 1.4020000000000000e+01 2.9462515976468023e-01 
 1.4030000000000001e+01 2.9408334073081094e-01 
 1.4039999999999999e+01 2.9354993803452806e-01 
 1.4050000000000001e+01 2.9302473484860742e-01 
 1.4059999999999999e+01 2.9250751434582550e-01 
 1.4070000000000000e+01 2.9199805969895809e-01 
 1.4080000000000000e+01 2.9149615408078161e-01 
 1.4090000000000000e+01 2.9100158066407211e-01 
 1.4100000000000000e+01 2.9051412262160581e-01 
 1.4109999999999999e+01 2.9003356312615874e-01 
 1.4120000000000001e+01 2.8955968535050713e-01 
 1.4129999999999999e+01 2.8909227246742725e-01 
 1.4140000000000001e+01 2.8863110764969496e-01 
 1.4149999999999999e+01 2.8817597407008672e-01 
 1.4160000000000000e+01 2.8772665490137839e-01 
 1.4170000000000000e+01 2.8728293331634641e-01 
 1.4180000000000000e+01 2.8684459248776673e-01 
 1.4190000000000000e+01 2.8641141558841560e-01 
 1.4199999999999999e+01 2.8598318579106913e-01 
 1.4210000000000001e+01 2.8556142140823482e-01 
 1.4219999999999999e+01 2.8514773126482545e-01 
 1.4230000000000000e+01 2.8474203430222439e-01 
 1.4240000000000000e+01 2.8434424946181552e-01 
 1.4250000000000000e+01 2.8395429568498248e-01 
 1.4260000000000000e+01 2.8357209191310884e-01 
 1.4270000000000000e+01 2.8319755708757832e-01 
 1.4280000000000001e+01 2.8283061014977451e-01 
 1.4289999999999999e+01 2.8247117004108130e-01 
 1.4300000000000001e+01 2.8211915570288210e-01 
 1.4309999999999999e+01 2.8177448607656075e-01 
 1.4320000000000000e+01 2.8143708010350071e-01 
 1.4330000000000000e+01 2.8110685672508584e-01 
 1.4340000000000000e+01 2.8078373488269975e-01 
 1.4350000000000000e+01 2.8046763351772608e-01 
 1.4359999999999999e+01 2.8015847157154855e-01 
 1.4370000000000001e+01 2.7985616798555069e-01 
 1.4379999999999999e+01 2.7956064170111633e-01 
 1.4390000000000001e+01 2.7927181165962900e-01 
 1.4399999999999999e+01 2.7898959680247254e-01 
 1.4410000000000000e+01 2.7871429777097279e-01 
 1.4420000000000000e+01 2.7844627604213845e-01 
 1.4430000000000000e+01 2.7818554181087674e-01 
 1.4440000000000000e+01 2.7793210527209489e-01 
 1.4449999999999999e+01 2.7768597662070010e-01 
 1.4460000000000001e+01 2.7744716605159964e-01 
 1.4469999999999999e+01 2.7721568375970090e-01 
 1.4480000000000000e+01 2.7699153993991099e-01 
 1.4490000000000000e+01 2.7677474478713721e-01 
 1.4500000000000000e+01 2.7656530849628680e-01 
 1.4510000000000000e+01 2.7636324126226702e-01 
 1.4520000000000000e+01 2.7616855327998518e-01 
 1.4530000000000001e+01 2.7598125474434843e-01 
 1.4539999999999999e+01 2.7580135585026416e-01 
 1.4550000000000001e+01 2.7562886679263948e-01 
 1.4559999999999999e+01 2.7546379776638175e-01 
 1.4570000000000000e+01 2.7530615896639815e-01 
 1.4580000000000000e+01 2.7515596058759600e-01 
 1.4590000000000000e+01 2.7501321282488250e-01 
 1.4600000000000000e+01 2.7487792587316495e-01 
 1.4609999999999999e+01 2.7474949783096736e-01 
 1.4620000000000001e+01 2.7462738793310837e-01 
 1.4629999999999999e+01 2.7451169807893760e-01 
 1.4640000000000001e+01 2.7440253016780447e-01 
 1.4649999999999999e+01 2.7429998609905848e-01 
 1.4660000000000000e+01 2.7420416777204903e-01 
 1.4670000000000000e+01 2.7411517708612571e-01 
 1.4680000000000000e+01 2.7403311594063784e-01 
 1.4690000000000000e+01 2.7395808623493506e-01 
 1.4699999999999999e+01 2.7389018986836672e-01 
 1.4710000000000001e+01 2.7382952874028232e-01 
 1.4719999999999999e+01 2.7377620475003134e-01 
 1.4730000000000000e+01 2.7373031979696327e-01 
 1.4740000000000000e+01 2.7369197578042759e-01 
 1.4750000000000000e+01 2.7366127459977374e-01 
 1.4760000000000000e+01 2.7363831815435125e-01 
 1.4770000000000000e+01 2.7362320834350951e-01 
 1.4780000000000001e+01 2.7361604706659809e-01 
 1.4789999999999999e+01 2.7361693622296634e-01 
 1.4800000000000001e+01 2.7362597771196384e-01 
 1.4809999999999999e+01 2.7364133583423228e-01 
 1.4820000000000000e+01 2.7366125789785506e-01 
 1.4830000000000000e+01 2.7368597031334407e-01 
 1.4840000000000000e+01 2.7371569949121122e-01 
 1.4850000000000000e+01 2.7375067184196844e-01 
 1.4859999999999999e+01 2.7379111377612758e-01 
 1.4870000000000001e+01 2.7383725170420065e-01 
 1.4879999999999999e+01 2.7388931203669942e-01 
 1.4890000000000001e+01 2.7394752118413590e-01 
 1.4899999999999999e+01 2.7401210555702193e-01 
 1.4910000000000000e+01 2.7408329156586952e-01 
 1.4920000000000000e+01 2.7416130562119051e-01 
 1.4930000000000000e+01 2.7424637413349673e-01 
 1.4940000000000000e+01 2.7433872351330024e-01 
 1.4949999999999999e+01 2.7443858017111283e-01 
 1.4960000000000001e+01 2.7454617051744651e-01 
 1.4969999999999999e+01 2.7466172096281305e-01 
 1.4980000000000000e+01 2.7478545791772452e-01 
 1.4990000000000000e+01 2.7491760779269270e-01 
 1.5000000000000000e+01 2.7505839699822954e-01 
 1.5010000000000000e+01 2.7520418135953867e-01 
 1.5020000000000000e+01 2.7535142686358699e-01 
 1.5030000000000001e+01 2.7550052516353118e-01 
 1.5039999999999999e+01 2.7565186791252794e-01 
 1.5050000000000001e+01 2.7580584676373415e-01 
 1.5059999999999999e+01 2.7596285337030640e-01 
 1.5070000000000000e+01 2.7612327938540149e-01 
 1.5080000000000000e+01 2.7628751646217614e-01 
 1.5090000000000000e+01 2.7645595625378711e-01 
 1.5100000000000000e+01 2.7662899041339106e-01 
 1.5109999999999999e+01 2.7680701059414486e-01 
 1.5120000000000001e+01 2.7699040844920514e-01 
 1.5129999999999999e+01 2.7717957563172857e-01 
 1.5140000000000001e+01 2.7737490379487212e-01 
 1.5149999999999999e+01 2.7757678459179225e-01 
 1.5160000000000000e+01 2.7778560967564592e-01 
 1.5170000000000000e+01 2.7800177069958970e-01 
 1.5180000000000000e+01 2.7822565931678039e-01 
 1.5190000000000000e+01 2.7845766718037479e-01 
 1.5199999999999999e+01 2.7869818594352952e-01 
 1.5210000000000001e+01 2.7894331328744504e-01 
 1.5219999999999999e+01 2.7918888352803339e-01 
 1.5230000000000000e+01 2.7943489327051924e-01 
 1.5240000000000000e+01 2.7968133912012705e-01 
 1.5250000000000000e+01 2.7992821768208132e-01 
 1.5260000000000000e+01 2.8017552556160658e-01 
 1.5270000000000000e+01 2.8042325936392742e-01 
 1.5280000000000001e+01 2.8067141569426834e-01 
 1.5289999999999999e+01 2.8091999115785382e-01 
 1.5300000000000001e+01 2.8116898235990845e-01 
 1.5309999999999999e+01 2.8141838590565671e-01 
 1.5320000000000000e+01 2.8166819840032314e-01 
 1.5330000000000000e+01 2.8191841644913229e-01 
 1.5340000000000000e+01 2.8216903665730864e-01 
 1.5350000000000000e+01 2.8242005563007672e-01 
 1.5359999999999999e+01 2.8267146997266113e-01 
 1.5370000000000001e+01 2.8292327629028635e-01 
 1.5379999999999999e+01 2.8317547118817682e-01 
 1.5390000000000001e+01 2.8342805127155724e-01 
 1.5399999999999999e+01 2.8368101314565192e-01 
 1.5410000000000000e+01 2.8393466256731653e-01 
 1.5420000000000000e+01 2.8418923877813718e-01 
 1.5430000000000000e+01 2.8444463861043501e-01 
 1.5440000000000000e+01 2.8470075889653085e-01 
 1.5449999999999999e+01 2.8495749646874580e-01 
 1.5460000000000001e+01 2.8521474815940073e-01 
 1.5469999999999999e+01 2.8547241080081659e-01 
 1.5480000000000000e+01 2.8573038122531447e-01 
 1.5490000000000000e+01 2.8598855626521519e-01 
 1.5500000000000000e+01 2.8624683275283974e-01 
 1.5510000000000000e+01 2.8650510752050917e-01 
 1.5520000000000000e+01 2.8676327740054436e-01 
 1.5530000000000001e+01 2.8702123922526634e-01 
 1.5539999999999999e+01 2.8727888982699590e-01 
 1.5550000000000001e+01 2.8753612603805428e-01 
 1.5559999999999999e+01 2.8779284469076222e-01 
 1.5570000000000000e+01 2.8804894261744080e-01 
 1.5580000000000000e+01 2.8830431665041095e-01 
 1.5590000000000000e+01 2.8855886362199362e-01 
 1.5600000000000000e+01 2.8881248036450974e-01 
 1.5609999999999999e+01 2.8906184115244976e-01 
 1.5620000000000001e+01 2.8930391312871490e-01 
 1.5629999999999999e+01 2.8953903242824247e-01 
 1.5640000000000001e+01 2.8976753518596993e-01 
 1.5649999999999999e+01 2.8998975753683454e-01 
 1.5660000000000000e+01 2.9020603561577379e-01 
 1.5670000000000000e+01 2.9041670555772492e-01 
 1.5680000000000000e+01 2.9062210349762535e-01 
 1.5690000000000000e+01 2.9082256557041247e-01 
 1.5699999999999999e+01 2.9101842791102361e-01 
 1.5710000000000001e+01 2.9121002665439610e-01 
 1.5719999999999999e+01 2.9139769793546733e-01 
 1.5730000000000000e+01 2.9158177788917472e-01 
 1.5740000000000000e+01 2.9176260265045556e-01 
 1.5750000000000000e+01 2.9194050835424723e-01 
 1.5760000000000000e+01 2.9211583113548706e-01 
 1.5770000000000000e+01 2.9228890712911249e-01 
 1.5780000000000001e+01 2.9246007247006084e-01 
 1.5789999999999999e+01 2.9262966329326939e-01 
 1.5800000000000001e+01 2.9279801573367570e-01 
 1.5809999999999999e+01 2.9296064291573209e-01 
 1.5820000000000000e+01 2.9311304456715420e-01 
 1.5830000000000000e+01 2.9325553672777382e-01 
 1.5840000000000000e+01 2.9338843543742277e-01 
 1.5850000000000000e+01 2.9351205673593295e-01 
 1.5859999999999999e+01 2.9362671666313617e-01 
 1.5870000000000001e+01 2.9373273125886423e-01 
 1.5879999999999999e+01 2.9383041656294906e-01 
 1.5890000000000001e+01 2.9392008861522245e-01 
 1.5900000000000000e+01 2.9400206345551622e-01 
 1.5910000000000000e+01 2.9407665712366227e-01 
 1.5920000000000000e+01 2.9414418565949241e-01 
 1.5930000000000000e+01 2.9420496510283844e-01 
 1.5940000000000000e+01 2.9425931149353229e-01 
 1.5949999999999999e+01 2.9430754087140581e-01 
 1.5960000000000001e+01 2.9434996927629076e-01 
 1.5969999999999999e+01 2.9438691274801898e-01 
 1.5980000000000000e+01 2.9441868732642235e-01 
 1.5990000000000000e+01 2.9444560905133271e-01 
 1.6000000000000000e+01 2.9446799396258194e-01 
 1.6009999999999998e+01 2.9448340656889466e-01 
 1.6020000000000000e+01 2.9448926075431026e-01 
 1.6030000000000001e+01 2.9448564662163279e-01 
 1.6039999999999999e+01 2.9447265427366626e-01 
 1.6050000000000001e+01 2.9445037381321471e-01 
 1.6059999999999999e+01 2.9441889534308208e-01 
 1.6070000000000000e+01 2.9437830896607242e-01 
 1.6079999999999998e+01 2.9432870478498974e-01 
 1.6090000000000000e+01 2.9427017290263807e-01 
 1.6100000000000001e+01 2.9420280342182131e-01 
 1.6109999999999999e+01 2.9412668644534368e-01 
 1.6120000000000001e+01 2.9404191207600894e-01 
 1.6129999999999999e+01 2.9394857041662131e-01 
 1.6140000000000001e+01 2.9384675156998463e-01 
 1.6149999999999999e+01 2.9373654563890306e-01 
 1.6160000000000000e+01 2.9361804272618053e-01 
 1.6170000000000002e+01 2.9349133293462099e-01 
 1.6180000000000000e+01 2.9335650636702859e-01 
 1.6190000000000001e+01 2.9321365312620723e-01 
 1.6199999999999999e+01 2.9306286331496101e-01 
 1.6210000000000001e+01 2.9290452187154364e-01 
 1.6219999999999999e+01 2.9273886094055945e-01 
 1.6230000000000000e+01 2.9256574143433794e-01 
 1.6239999999999998e+01 2.9238502426520896e-01 
 1.6250000000000000e+01 2.9219657034550184e-01 
 1.6259999999999998e+01 2.9200024058754648e-01 
 1.6270000000000000e+01 2.9179589590367233e-01 
 1.6280000000000001e+01 2.9158339720620907e-01 
 1.6289999999999999e+01 2.9136260540748643e-01 
 1.6300000000000001e+01 2.9113338141983386e-01 
 1.6309999999999999e+01 2.9089558615558114e-01 
 1.6320000000000000e+01 2.9064908052705773e-01 
 1.6329999999999998e+01 2.9039372544659348e-01 
 1.6340000000000000e+01 2.9012938182651782e-01 
 1.6350000000000001e+01 2.8985591057916044e-01 
 1.6359999999999999e+01 2.8957317261685106e-01 
 1.6370000000000001e+01 2.8928102885191914e-01 
 1.6379999999999999e+01 2.8897934019669452e-01 
 1.6390000000000001e+01 2.8866796756350654e-01 
 1.6399999999999999e+01 2.8834677186468516e-01 
 1.6410000000000000e+01 2.8801884287901319e-01 
 1.6420000000000002e+01 2.8768713448971950e-01 
 1.6430000000000000e+01 2.8735130376580220e-01 
 1.6440000000000001e+01 2.8701100777625915e-01 
 1.6449999999999999e+01 2.8666590359008859e-01 
 1.6460000000000001e+01 2.8631564827628836e-01 
 1.6469999999999999e+01 2.8595989890385665e-01 
 1.6480000000000000e+01 2.8559831254179135e-01 
 1.6489999999999998e+01 2.8523054625909078e-01 
 1.6500000000000000e+01 2.8485625712475260e-01 
 1.6509999999999998e+01 2.8447510220777517e-01 
 1.6520000000000000e+01 2.8408673857715633e-01 
 1.6530000000000001e+01 2.8369082330189410e-01 
 1.6539999999999999e+01 2.8328701345098684e-01 
 1.6550000000000001e+01 2.8287496609343216e-01 
 1.6559999999999999e+01 2.8245433829822847e-01 
 1.6570000000000000e+01 2.8202478713437346e-01 
 1.6579999999999998e+01 2.8158596967086552e-01 
 1.6590000000000000e+01 2.8113754297670240e-01 
 1.6600000000000001e+01 2.8067916412088223e-01 
 1.6609999999999999e+01 2.8021510217682954e-01 
 1.6620000000000001e+01 2.7974971889317052e-01 
 1.6629999999999999e+01 2.7928281035170677e-01 
 1.6640000000000001e+01 2.7881417263423913e-01 
 1.6649999999999999e+01 2.7834360182256934e-01 
 1.6660000000000000e+01 2.7787089399849824e-01 
 1.6670000000000002e+01 2.7739584524382727e-01 
 1.6680000000000000e+01 2.7691825164035783e-01 
 1.6690000000000001e+01 2.7643790926989092e-01 
 1.6699999999999999e+01 2.7595461421422807e-01 
 1.6710000000000001e+01 2.7546816255517026e-01 
 1.6719999999999999e+01 2.7497835037451906e-01 
 1.6730000000000000e+01 2.7448497375407538e-01 
 1.6739999999999998e+01 2.7398782877564087e-01 
 1.6750000000000000e+01 2.7348671152101645e-01 
 1.6759999999999998e+01 2.7298141807200366e-01 
 1.6770000000000000e+01 2.7247174451040346e-01 
 1.6780000000000001e+01 2.7195748691801730e-01 
 1.6789999999999999e+01 2.7143844137664663e-01 
 1.6800000000000001e+01 2.7091440396809230e-01 
 1.6809999999999999e+01 2.7038675327466216e-01 
 1.6820000000000000e+01 2.6985714814726153e-01 
 1.6829999999999998e+01 2.6932580507058929e-01 
 1.6840000000000000e+01 2.6879294052934349e-01 
 1.6850000000000001e+01 2.6825877100822293e-01 
 1.6859999999999999e+01 2.6772351299192632e-01 
 1.6870000000000001e+01 2.6718738296515171e-01 
 1.6879999999999999e+01 2.6665059741259806e-01 
 1.6890000000000001e+01 2.6611337281896352e-01 
 1.6899999999999999e+01 2.6557592566894689e-01 
 1.6910000000000000e+01 2.6503847244724643e-01 
 1.6920000000000002e+01 2.6450122963856082e-01 
 1.6930000000000000e+01 2.6396441372758866e-01 
 1.6940000000000001e+01 2.6342824119902819e-01 
 1.6949999999999999e+01 2.6289292853757829e-01 
 1.6960000000000001e+01 2.6235869222793712e-01 
 1.6969999999999999e+01 2.6182574875480347e-01 
 1.6980000000000000e+01 2.6129431460287555e-01 
 1.6989999999999998e+01 2.6076460625685233e-01 
 1.7000000000000000e+01 2.6023684020143178e-01 
 1.7009999999999998e+01 2.5971085779804426e-01 
 1.7020000000000000e+01 2.5918633426795529e-01 
 1.7030000000000001e+01 2.5866323688561804e-01 
 1.7039999999999999e+01 2.5814153292548536e-01 
 1.7050000000000001e+01 2.5762118966200981e-01 
 1.7059999999999999e+01 2.5710217436964450e-01 
 1.7070000000000000e+01 2.5658445432284188e-01 
 1.7079999999999998e+01 2.5606799679605519e-01 
 1.7090000000000000e+01 2.5555276906373681e-01 
 1.7100000000000001e+01 2.5503873840033980e-01 
 1.7109999999999999e+01 2.5452587208031713e-01 
 1.7120000000000001e+01 2.5401413737812129e-01 
 1.7129999999999999e+01 2.5350350156820539e-01 
 1.7140000000000001e+01 2.5299393192502195e-01 
 1.7149999999999999e+01 2.5248539572302409e-01 
 1.7160000000000000e+01 2.5197786023666430e-01 
 1.7170000000000002e+01 2.5147129274039559e-01 
 1.7180000000000000e+01 2.5096566050867092e-01 
 1.7190000000000001e+01 2.5046093081594278e-01 
 1.7199999999999999e+01 2.4995707093666431e-01 
 1.7210000000000001e+01 2.4945850313127294e-01 
 1.7219999999999999e+01 2.4896939053127765e-01 
 1.7230000000000000e+01 2.4848931171773728e-01 
 1.7239999999999998e+01 2.4801784527171139e-01 
 1.7250000000000000e+01 2.4755456977425880e-01 
 1.7259999999999998e+01 2.4709906380643901e-01 
 1.7270000000000000e+01 2.4665090594931091e-01 
 1.7280000000000001e+01 2.4620967478393382e-01 
 1.7289999999999999e+01 2.4577494889136708e-01 
 1.7300000000000001e+01 2.4534630685266959e-01 
 1.7309999999999999e+01 2.4492332724890081e-01 
 1.7320000000000000e+01 2.4450558866111965e-01 
 1.7329999999999998e+01 2.4409266967038556e-01 
 1.7340000000000000e+01 2.4368414885775744e-01 
 1.7350000000000001e+01 2.4327960480429461e-01 
 1.7359999999999999e+01 2.4287861609105643e-01 
 1.7370000000000001e+01 2.4248076129910176e-01 
 1.7379999999999999e+01 2.4208561900949011e-01 
 1.7390000000000001e+01 2.4169276780328031e-01 
 1.7399999999999999e+01 2.4130178626153190e-01 
 1.7410000000000000e+01 2.4091715350986401e-01 
 1.7420000000000002e+01 2.4054341422737729e-01 
 1.7430000000000000e+01 2.4018024532535265e-01 
 1.7440000000000001e+01 2.3982732371507062e-01 
 1.7449999999999999e+01 2.3948432630781222e-01 
 1.7460000000000001e+01 2.3915093001485799e-01 
 1.7469999999999999e+01 2.3882681174748896e-01 
 1.7480000000000000e+01 2.3851164841698566e-01 
 1.7489999999999998e+01 2.3820511693462912e-01 
 1.7500000000000000e+01 2.3790689421169989e-01 
 1.7509999999999998e+01 2.3761665715947894e-01 
 1.7520000000000000e+01 2.3733408268924686e-01 
 1.7530000000000001e+01 2.3705884771228453e-01 
 1.7539999999999999e+01 2.3679062913987281e-01 
 1.7550000000000001e+01 2.3652910388329235e-01 
 1.7559999999999999e+01 2.3627394885382405e-01 
 1.7570000000000000e+01 2.3602484096274853e-01 
 1.7579999999999998e+01 2.3578145712134677e-01 
 1.7590000000000000e+01 2.3554347424089933e-01 
 1.7600000000000001e+01 2.3531056923268712e-01 
 1.7609999999999999e+01 2.3508601528105319e-01 
 1.7620000000000001e+01 2.3487314732503878e-01 
 1.7629999999999999e+01 2.3467173490797230e-01 
 1.7640000000000001e+01 2.3448154757318190e-01 
 1.7649999999999999e+01 2.3430235486399609e-01 
 1.7660000000000000e+01 2.3413392632374294e-01 
 1.7670000000000002e+01 2.3397603149575091e-01 
 1.7680000000000000e+01 2.3382843992334829e-01 
 1.7690000000000001e+01 2.3369092114986331e-01 
 1.7699999999999999e+01 2.3356324471862436e-01 
 1.7710000000000001e+01 2.3344518017295965e-01 
 1.7719999999999999e+01 2.3333649705619755e-01 
 1.7730000000000000e+01 2.3323696491166632e-01 
 1.7739999999999998e+01 2.3314635328269429e-01 
 1.7750000000000000e+01 2.3306443171260974e-01 
 1.7759999999999998e+01 2.3299096974474098e-01 
 1.7770000000000000e+01 2.3292573692241630e-01 
 1.7780000000000001e+01 2.3286850278896404e-01 
 1.7789999999999999e+01 2.3281903688771247e-01 
 1.7800000000000001e+01 2.3277710876198987e-01 
 1.7809999999999999e+01 2.3274488841160157e-01 
 1.7820000000000000e+01 2.3272460875811063e-01 
 1.7829999999999998e+01 2.3271613372748215e-01 
 1.7840000000000000e+01 2.3271932724568123e-01 
 1.7850000000000001e+01 2.3273405323867291e-01 
 1.7859999999999999e+01 2.3276017563242227e-01 
 1.7870000000000001e+01 2.3279755835289440e-01 
 1.7879999999999999e+01 2.3284606532605431e-01 
 1.7890000000000001e+01 2.3290556047786720e-01 
 1.7899999999999999e+01 2.3297590773429802e-01 
 1.7910000000000000e+01 2.3305697102131193e-01 
 1.7920000000000002e+01 2.3314861426487396e-01 
 1.7930000000000000e+01 2.3325070139094917e-01 
 1.7940000000000001e+01 2.3336309632550267e-01 
 1.7949999999999999e+01 2.3348566299449952e-01 
 1.7960000000000001e+01 2.3361826532390481e-01 
 1.7969999999999999e+01 2.3376076723968356e-01 
 1.7980000000000000e+01 2.3391303266780095e-01 
 1.7989999999999998e+01 2.3407492553422193e-01 
 1.8000000000000000e+01 2.3424630976491168e-01 
 1.8010000000000002e+01 2.3442834892654429e-01 
 1.8020000000000000e+01 2.3462226194510019e-01 
 1.8030000000000001e+01 2.3482799578550406e-01 
 1.8039999999999999e+01 2.3504549741268030e-01 
 1.8050000000000001e+01 2.3527471379155362e-01 
 1.8059999999999999e+01 2.3551559188704846e-01 
 1.8070000000000000e+01 2.3576807866408950e-01 
 1.8079999999999998e+01 2.3603212108760113e-01 
 1.8090000000000000e+01 2.3630766612250811e-01 
 1.8100000000000001e+01 2.3659466073373492e-01 
 1.8109999999999999e+01 2.3689305188620599e-01 
 1.8120000000000001e+01 2.3720278654484611e-01 
 1.8129999999999999e+01 2.3752381167457959e-01 
 1.8140000000000001e+01 2.3785607424033123e-01 
 1.8149999999999999e+01 2.3819952120702537e-01 
 1.8160000000000000e+01 2.3855409953958678e-01 
 1.8170000000000002e+01 2.3891975620293995e-01 
 1.8180000000000000e+01 2.3929643816200927e-01 
 1.8190000000000001e+01 2.3968409238171956e-01 
 1.8199999999999999e+01 2.4008266582699511e-01 
 1.8210000000000001e+01 2.4049215304976626e-01 
 1.8219999999999999e+01 2.4091262672329808e-01 
 1.8230000000000000e+01 2.4134415099451842e-01 
 1.8239999999999998e+01 2.4178679001035452e-01 
 1.8250000000000000e+01 2.4224060791773430e-01 
 1.8260000000000002e+01 2.4270566886358511e-01 
 1.8270000000000000e+01 2.4318203699483437e-01 
 1.8280000000000001e+01 2.4366977645840998e-01 
 1.8289999999999999e+01 2.4416895140123912e-01 
 1.8300000000000001e+01 2.4467962597024973e-01 
 1.8309999999999999e+01 2.4520186431236901e-01 
 1.8320000000000000e+01 2.4573573057452486e-01 
 1.8329999999999998e+01 2.4628128890364451e-01 
 1.8340000000000000e+01 2.4683860344665584e-01 
 1.8350000000000001e+01 2.4740773835048627e-01 
 1.8359999999999999e+01 2.4798875776206311e-01 
 1.8370000000000001e+01 2.4858172582831439e-01 
 1.8379999999999999e+01 2.4918670669616716e-01 
 1.8390000000000001e+01 2.4980376451254949e-01 
 1.8399999999999999e+01 2.5043296342438848e-01 
 1.8410000000000000e+01 2.5107274212459824e-01 
 1.8420000000000002e+01 2.5172163715636198e-01 
 1.8430000000000000e+01 2.5237985944201163e-01 
 1.8440000000000001e+01 2.5304761990387981e-01 
 1.8449999999999999e+01 2.5372512946429809e-01 
 1.8460000000000001e+01 2.5441259904559910e-01 
 1.8469999999999999e+01 2.5511023957011458e-01 
 1.8480000000000000e+01 2.5581826196017704e-01 
 1.8489999999999998e+01 2.5653687713811818e-01 
 1.8500000000000000e+01 2.5726629602627066e-01 
 1.8510000000000002e+01 2.5800672954696630e-01 
 1.8520000000000000e+01 2.5875838862253697e-01 
 1.8530000000000001e+01 2.5952148417531534e-01 
 1.8539999999999999e+01 2.6029622712763306e-01 
 1.8550000000000001e+01 2.6108282840182279e-01 
 1.8559999999999999e+01 2.6188149892021600e-01 
 1.8570000000000000e+01 2.6269244960514554e-01 
 1.8579999999999998e+01 2.6351589137894288e-01 
 1.8590000000000000e+01 2.6435203516394074e-01 
 1.8600000000000001e+01 2.6520109188247099e-01 
 1.8609999999999999e+01 2.6605941977165087e-01 
 1.8620000000000001e+01 2.6692350527493719e-01 
 1.8629999999999999e+01 2.6779375162416935e-01 
 1.8640000000000001e+01 2.6867056205118811e-01 
 1.8649999999999999e+01 2.6955433978783283e-01 
 1.8660000000000000e+01 2.7044548806594421e-01 
 1.8670000000000002e+01 2.7134441011736204e-01 
 1.8680000000000000e+01 2.7225150917392604e-01 
 1.8690000000000001e+01 2.7316718846747695e-01 
 1.8699999999999999e+01 2.7409185122985413e-01 
 1.8710000000000001e+01 2.7502590069289834e-01 
 1.8719999999999999e+01 2.7596974008844893e-01 
 1.8730000000000000e+01 2.7692377264834667e-01 
 1.8739999999999998e+01 2.7788840160443090e-01 
 1.8750000000000000e+01 2.7886403018854244e-01 
 1.8760000000000002e+01 2.7985106163252099e-01 
 1.8770000000000000e+01 2.8084989916820619e-01 
 1.8780000000000001e+01 2.8186094602743889e-01 
 1.8789999999999999e+01 2.8288460544205840e-01 
 1.8800000000000001e+01 2.8392128064390554e-01 
 1.8809999999999999e+01 2.8496516936402455e-01 
 1.8820000000000000e+01 2.8601054661034409e-01 
 1.8829999999999998e+01 2.8705793153002790e-01 
 1.8840000000000000e+01 2.8810784327024119e-01 
 1.8850000000000001e+01 2.8916080097814800e-01 
 1.8859999999999999e+01 2.9021732380091247e-01 
 1.8870000000000001e+01 2.9127793088569970e-01 
 1.8879999999999999e+01 2.9234314137967349e-01 
 1.8890000000000001e+01 2.9341347442999904e-01 
 1.8899999999999999e+01 2.9448944918383996e-01 
 1.8910000000000000e+01 2.9557158478836154e-01 
 1.8920000000000002e+01 2.9666040039072789e-01 
 1.8930000000000000e+01 2.9775641513810297e-01 
 1.8940000000000001e+01 2.9886014817765205e-01 
 1.8949999999999999e+01 2.9997211865653883e-01 
 1.8960000000000001e+01 3.0109284572192851e-01 
 1.8969999999999999e+01 3.0222284852098480e-01 
 1.8980000000000000e+01 3.0336264620087294e-01 
 1.8989999999999998e+01 3.0451275790875648e-01 
 1.9000000000000000e+01 3.0567370279180084e-01 
 1.9010000000000002e+01 3.0684060808533853e-01 
 1.9020000000000000e+01 3.0800820497094944e-01 
 1.9030000000000001e+01 3.0917641851516992e-01 
 1.9039999999999999e+01 3.1034517378453463e-01 
 1.9050000000000001e+01 3.1151439584557994e-01 
 1.9059999999999999e+01 3.1268400976484045e-01 
 1.9070000000000000e+01 3.1385394060885252e-01 
 1.9079999999999998e+01 3.1502411344415077e-01 
 1.9090000000000000e+01 3.1619445333727153e-01 
 1.9100000000000001e+01 3.1736488535474994e-01 
 1.9109999999999999e+01 3.1853533456312094e-01 
 1.9120000000000001e+01 3.1970572602892100e-01 
 1.9129999999999999e+01 3.2087598481868468e-01 
 1.9140000000000001e+01 3.2204603599894832e-01 
 1.9149999999999999e+01 3.2321580463624661e-01 
 1.9160000000000000e+01 3.2438521579711588e-01 
 1.9170000000000002e+01 3.2555419454809115e-01 
 1.9180000000000000e+01 3.2672266595570748e-01 
 1.9190000000000001e+01 3.2789055508650133e-01 
 1.9199999999999999e+01 3.2905778700700716e-01 
 1.9210000000000001e+01 3.3022451645362794e-01 
 1.9219999999999999e+01 3.3139094995600898e-01 
 1.9230000000000000e+01 3.3255709027055325e-01 
 1.9239999999999998e+01 3.3372294015366200e-01 
 1.9250000000000000e+01 3.3488850236173806e-01 
 1.9260000000000002e+01 3.3605377965118310e-01 
 1.9270000000000000e+01 3.3721877477839873e-01 
 1.9280000000000001e+01 3.3838349049978789e-01 
 1.9289999999999999e+01 3.3954792957175184e-01 
 1.9300000000000001e+01 3.4071209475069336e-01 
 1.9309999999999999e+01 3.4187598879301373e-01 
 1.9320000000000000e+01 3.4303961445511583e-01 
 1.9329999999999998e+01 3.4420297449340093e-01 
 1.9340000000000000e+01 3.4536607166427191e-01 
 1.9350000000000001e+01 3.4652890872413034e-01 
 1.9359999999999999e+01 3.4769148842937797e-01 
 1.9370000000000001e+01 3.4885381353641759e-01 
 1.9379999999999999e+01 3.5001588680165047e-01 
 1.9390000000000001e+01 3.5117771098147954e-01 
 1.9399999999999999e+01 3.5233928883230592e-01 
 1.9410000000000000e+01 3.5349384285591112e-01 
 1.9420000000000002e+01 3.5463503922717848e-01 
 1.9430000000000000e+01 3.5576354621216466e-01 
 1.9440000000000001e+01 3.5688003207692742e-01 
 1.9449999999999999e+01 3.5798516508752304e-01 
 1.9460000000000001e+01 3.5907961351000933e-01 
 1.9469999999999999e+01 3.6016404561044252e-01 
 1.9480000000000000e+01 3.6123912965488036e-01 
 1.9489999999999998e+01 3.6230553390937908e-01 
 1.9500000000000000e+01 3.6336392663999656e-01 
 1.9510000000000002e+01 3.6441497611278939e-01 
 1.9520000000000000e+01 3.6545935059381424e-01 
 1.9530000000000001e+01 3.6649771834912875e-01 
 1.9539999999999999e+01 3.6753074764478938e-01 
 1.9550000000000001e+01 3.6855910674685372e-01 
 1.9559999999999999e+01 3.6958346392137820e-01 
 1.9570000000000000e+01 3.7060448743442043e-01 
 1.9579999999999998e+01 3.7162284555203678e-01 
 1.9590000000000000e+01 3.7263920654028504e-01 
 1.9600000000000001e+01 3.7365423866522174e-01 
 1.9609999999999999e+01 3.7466015878428754e-01 
 1.9620000000000001e+01 3.7564912941365441e-01 
 1.9629999999999999e+01 3.7662173730747428e-01 
 1.9640000000000001e+01 3.7757856921990035e-01 
 1.9649999999999999e+01 3.7852021190508445e-01 
 1.9660000000000000e+01 3.7944725211717989e-01 
 1.9670000000000002e+01 3.8036027661033889e-01 
 1.9680000000000000e+01 3.8125987213871365e-01 
 1.9690000000000001e+01 3.8214662545645744e-01 
 1.9699999999999999e+01 3.8302112331772209e-01 
 1.9710000000000001e+01 3.8388395247666085e-01 
 1.9719999999999999e+01 3.8473569968742571e-01 
 1.9730000000000000e+01 3.8557695170416972e-01 
 1.9739999999999998e+01 3.8640829528104492e-01 
 1.9750000000000000e+01 3.8723031717220446e-01 
 1.9760000000000002e+01 3.8804360413180061e-01 
 1.9770000000000000e+01 3.8884874291398563e-01 
 1.9780000000000001e+01 3.8964632027291263e-01 
 1.9789999999999999e+01 3.9043692296273369e-01 
 1.9800000000000001e+01 3.9122113773760181e-01 
 1.9809999999999999e+01 3.9199274802807693e-01 
 1.9820000000000000e+01 3.9274543427340064e-01 
 1.9829999999999998e+01 3.9347962874074571e-01 
 1.9840000000000000e+01 3.9419576369728609e-01 
 1.9850000000000001e+01 3.9489427141019501e-01 
 1.9859999999999999e+01 3.9557558414664551e-01 
 1.9870000000000001e+01 3.9624013417381154e-01 
 1.9879999999999999e+01 3.9688835375886600e-01 
 1.9890000000000001e+01 3.9752067516898282e-01 
 1.9899999999999999e+01 3.9813753067133489e-01 
 1.9910000000000000e+01 3.9873935253309606e-01 
 1.9920000000000002e+01 3.9932657302143953e-01 
 1.9930000000000000e+01 3.9989962440353849e-01 
 1.9940000000000001e+01 4.0045893894656676e-01 
 1.9949999999999999e+01 4.0100494891769733e-01 
 1.9960000000000001e+01 4.0153808658410400e-01 
 1.9969999999999999e+01 4.0205878421295976e-01 
 1.9980000000000000e+01 4.0256747407143845e-01 
 1.9989999999999998e+01 4.0306458842671311e-01 
 2.0000000000000000e+01 4.0355055954595742e-01 
 