0.0000000000000000e+00 -1.0033617733593734e+00 
 1.0000000000000000e-02 -9.9531623282551906e-01 
 2.0000000000000000e-02 -9.8654379766957612e-01 
 2.9999999999999999e-02 -9.7697889239948243e-01 
 4.0000000000000001e-02 -9.6655594152317614e-01 
 5.0000000000000003e-02 -9.5520936954859514e-01 
 5.9999999999999998e-02 -9.4287360098367756e-01 
 7.0000000000000007e-02 -9.2948306033636130e-01 
 8.0000000000000002e-02 -9.1497217211458459e-01 
 8.9999999999999997e-02 -8.9927536082628512e-01 
 1.0000000000000001e-01 -8.8232705097940123e-01 
 1.1000000000000000e-01 -8.6406166708187071e-01 
 1.2000000000000000e-01 -8.4441363364163169e-01 
 1.3000000000000000e-01 -8.2331737516662207e-01 
 1.4000000000000001e-01 -8.0070731616477997e-01 
 1.4999999999999999e-01 -7.7651788114404341e-01 
 1.6000000000000000e-01 -7.5068349461235040e-01 
 1.7000000000000001e-01 -7.2313858107763884e-01 
 1.7999999999999999e-01 -6.9381756504784697e-01 
 1.9000000000000000e-01 -6.6265487103091258e-01 
 2.0000000000000001e-01 -6.2958492353477391e-01 
 2.0999999999999999e-01 -5.9470114585991096e-01 
 2.2000000000000000e-01 -5.5824755943346005e-01 
 2.3000000000000001e-01 -5.2038448595334386e-01 
 2.3999999999999999e-01 -4.8127224711748501e-01 
 2.5000000000000000e-01 -4.4107116462380591e-01 
 2.6000000000000001e-01 -3.9994156017022919e-01 
 2.7000000000000002e-01 -3.5804375545467737e-01 
 2.8000000000000003e-01 -3.1553807217507307e-01 
 2.8999999999999998e-01 -2.7258483202933897e-01 
 2.9999999999999999e-01 -2.2934435671539727e-01 
 3.1000000000000000e-01 -1.8597696793117058e-01 
 3.2000000000000001e-01 -1.4264298737458170e-01 
 3.3000000000000002e-01 -9.9502736743552922e-02 
 3.4000000000000002e-01 -5.6716537736007044e-02 
 3.5000000000000003e-01 -1.4444712049866415e-02 
 3.5999999999999999e-01 2.7152418616946172e-02 
 3.7000000000000000e-01 6.7914532566508479e-02 
 3.8000000000000000e-01 1.0768130810089771e-01 
 3.9000000000000001e-01 1.4629242352219174e-01 
 4.0000000000000002e-01 1.8358755713246744e-01 
 4.1000000000000003e-01 2.2004856431746075e-01 
 4.1999999999999998e-01 2.5623331540917316e-01 
 4.2999999999999999e-01 2.9209551112908172e-01 
 4.4000000000000000e-01 3.2758885219866285e-01 
 4.5000000000000001e-01 3.6266703933939320e-01 
 4.6000000000000002e-01 3.9728377327274933e-01 
 4.7000000000000003e-01 4.3139275472020788e-01 
 4.7999999999999998e-01 4.6494768440324541e-01 
 4.8999999999999999e-01 4.9790226304333873e-01 
 5.0000000000000000e-01 5.3021019136196434e-01 
 5.1000000000000001e-01 5.6182517008059896e-01 
 5.2000000000000002e-01 5.9270089992071906e-01 
 5.3000000000000003e-01 6.2279108160380148e-01 
 5.4000000000000004e-01 6.5204941585132259e-01 
 5.5000000000000004e-01 6.8042960338475922e-01 
 5.6000000000000005e-01 7.0788534492558797e-01 
 5.7000000000000006e-01 7.3437034119528533e-01 
 5.7999999999999996e-01 7.5983829291532767e-01 
 5.8999999999999997e-01 7.8424290080719239e-01 
 5.9999999999999998e-01 8.0753786559235552e-01 
 6.0999999999999999e-01 8.2928047683227424e-01 
 6.2000000000000000e-01 8.4904915731490904e-01 
 6.3000000000000000e-01 8.6682930760149213e-01 
 6.4000000000000001e-01 8.8260632825325580e-01 
 6.5000000000000002e-01 8.9636561983143215e-01 
 6.6000000000000003e-01 9.0809258289725325e-01 
 6.7000000000000004e-01 9.1777261801195154e-01 
 6.8000000000000005e-01 9.2539112573675908e-01 
 6.9000000000000006e-01 9.3093350663290808e-01 
 7.0000000000000007e-01 9.3438516126163074e-01 
 7.0999999999999996e-01 9.3573149018415913e-01 
 7.1999999999999997e-01 9.3495789396172568e-01 
 7.2999999999999998e-01 9.3204977315556237e-01 
 7.3999999999999999e-01 9.2699252832690149e-01 
 7.5000000000000000e-01 9.1977156003697524e-01 
 7.6000000000000001e-01 9.1037226884701572e-01 
 7.7000000000000002e-01 8.9878005531825522e-01 
 7.8000000000000003e-01 8.8498032001192595e-01 
 7.9000000000000004e-01 8.6895846348925998e-01 
 8.0000000000000004e-01 8.5069988631148952e-01 
 8.1000000000000005e-01 8.3123661155125017e-01 
 8.2000000000000006e-01 8.1161253983413317e-01 
 8.3000000000000007e-01 7.9183088805080437e-01 
 8.3999999999999997e-01 7.7189487309192983e-01 
 8.4999999999999998e-01 7.5180771184817485e-01 
 8.5999999999999999e-01 7.3157262121020539e-01 
 8.7000000000000000e-01 7.1119281806868750e-01 
 8.8000000000000000e-01 6.9067151931428683e-01 
 8.9000000000000001e-01 6.7001194183766932e-01 
 9.0000000000000002e-01 6.4921730252950072e-01 
 9.1000000000000003e-01 6.2829081828044664e-01 
 9.2000000000000004e-01 6.0723570598117327e-01 
 9.3000000000000005e-01 5.8605518252234612e-01 
 9.4000000000000006e-01 5.6475246479463126e-01 
 9.5000000000000007e-01 5.4333076968869420e-01 
 9.5999999999999996e-01 5.2179331409520135e-01 
 9.6999999999999997e-01 5.0014331490481789e-01 
 9.7999999999999998e-01 4.7838398900820972e-01 
 9.8999999999999999e-01 4.5651855329604291e-01 
 1.0000000000000000e+00 4.3455022465898319e-01 
 1.0100000000000000e+00 4.1238393928322736e-01 
 1.0200000000000000e+00 3.8994607629802747e-01 
 1.0300000000000000e+00 3.6727201700863205e-01 
 1.0400000000000000e+00 3.4439714272028960e-01 
 1.0500000000000000e+00 3.2135683473824855e-01 
 1.0600000000000001e+00 2.9818647436775747e-01 
 1.0700000000000001e+00 2.7492144291406484e-01 
 1.0800000000000001e+00 2.5159712168241910e-01 
 1.0900000000000001e+00 2.2824889197806872e-01 
 1.1000000000000001e+00 2.0491213510626227e-01 
 1.1100000000000001e+00 1.8162223237224823e-01 
 1.1200000000000001e+00 1.5841456508127516e-01 
 1.1300000000000001e+00 1.3532451453859140e-01 
 1.1400000000000001e+00 1.1238746204944550e-01 
 1.1500000000000001e+00 8.9638788919085999e-02 
 1.1599999999999999e+00 6.7113876452761900e-02 
 1.1699999999999999e+00 4.4848105955720585e-02 
 1.1799999999999999e+00 2.2876858733211158e-02 
 1.1899999999999999e+00 1.2355160904820583e-03 
 1.2000000000000000e+00 -2.0040540667218110e-02 
 1.2100000000000000e+00 -4.0427740328644074e-02 
 1.2200000000000000e+00 -5.9447766396875497e-02 
 1.2300000000000000e+00 -7.7133119638153155e-02 
 1.2400000000000000e+00 -9.3516300818717576e-02 
 1.2500000000000000e+00 -1.0862981070480926e-01 
 1.2600000000000000e+00 -1.2250615006266877e-01 
 1.2700000000000000e+00 -1.3517781965853662e-01 
 1.2800000000000000e+00 -1.4667732025865332e-01 
 1.2900000000000000e+00 -1.5703715262925944e-01 
 1.3000000000000000e+00 -1.6628981753659547e-01 
 1.3100000000000001e+00 -1.7446781574690196e-01 
 1.3200000000000001e+00 -1.8160364802641940e-01 
 1.3300000000000001e+00 -1.8772981514138834e-01 
 1.3400000000000001e+00 -1.9287881785804936e-01 
 1.3500000000000001e+00 -1.9708315694264286e-01 
 1.3600000000000001e+00 -2.0037533316140949e-01 
 1.3700000000000001e+00 -2.0278784728058971e-01 
 1.3800000000000001e+00 -2.0435320006642407e-01 
 1.3900000000000001e+00 -2.0510389228515311e-01 
 1.4000000000000001e+00 -2.0507242470301734e-01 
 1.4099999999999999e+00 -2.0452644247839830e-01 
 1.4199999999999999e+00 -2.0369666762016070e-01 
 1.4299999999999999e+00 -2.0256021617026987e-01 
 1.4399999999999999e+00 -2.0109420417069115e-01 
 1.4500000000000000e+00 -1.9927574766338985e-01 
 1.4600000000000000e+00 -1.9708196269033129e-01 
 1.4700000000000000e+00 -1.9448996529348081e-01 
 1.4800000000000000e+00 -1.9147687151480375e-01 
 1.4900000000000000e+00 -1.8801979739626537e-01 
 1.5000000000000000e+00 -1.8409585897983105e-01 
 1.5100000000000000e+00 -1.7968217230746608e-01 
 1.5200000000000000e+00 -1.7475585342113581e-01 
 1.5300000000000000e+00 -1.6929401836280555e-01 
 1.5400000000000000e+00 -1.6327378317444063e-01 
 1.5500000000000000e+00 -1.5667226389800637e-01 
 1.5600000000000001e+00 -1.4946657657546808e-01 
 1.5700000000000001e+00 -1.4163383724879111e-01 
 1.5800000000000001e+00 -1.3315116195994076e-01 
 1.5900000000000001e+00 -1.2399566675088237e-01 
 1.6000000000000001e+00 -1.1414446766358122e-01 
 1.6100000000000001e+00 -1.0391865893271394e-01 
 1.6200000000000001e+00 -9.3657496089002701e-02 
 1.6300000000000001e+00 -8.3365337118481223e-02 
 1.6400000000000001e+00 -7.3046540007183275e-02 
 1.6500000000000001e+00 -6.2705462741142581e-02 
 1.6600000000000001e+00 -5.2346463306392921e-02 
 1.6699999999999999e+00 -4.1973899688968253e-02 
 1.6799999999999999e+00 -3.1592129874901856e-02 
 1.6899999999999999e+00 -2.1205511850227718e-02 
 1.7000000000000000e+00 -1.0818403600979576e-02 
 1.7100000000000000e+00 -4.3516311319118095e-04 
 1.7200000000000000e+00 9.9398516271037296e-03 
 1.7300000000000000e+00 2.0302282633871377e-02 
 1.7400000000000000e+00 3.0647771921078037e-02 
 1.7500000000000000e+00 4.0971961502689974e-02 
 1.7600000000000000e+00 5.1270493392673422e-02 
 1.7700000000000000e+00 6.1539009604994671e-02 
 1.7800000000000000e+00 7.1773152153619929e-02 
 1.7900000000000000e+00 8.1968563052515458e-02 
 1.8000000000000000e+00 9.2120884315647578e-02 
 1.8100000000000001e+00 1.0224849026663543e-01 
 1.8200000000000001e+00 1.1237222340450949e-01 
 1.8300000000000001e+00 1.2249142800635285e-01 
 1.8400000000000001e+00 1.3260544834924851e-01 
 1.8500000000000001e+00 1.4271362871027959e-01 
 1.8600000000000001e+00 1.5281531336652912e-01 
 1.8700000000000001e+00 1.6290984659508015e-01 
 1.8800000000000001e+00 1.7299657267301574e-01 
 1.8900000000000001e+00 1.8307483587741896e-01 
 1.9000000000000001e+00 1.9314398048537287e-01 
 1.9100000000000001e+00 2.0320335077396051e-01 
 1.9199999999999999e+00 2.1325229102026477e-01 
 1.9299999999999999e+00 2.2329014550136905e-01 
 1.9399999999999999e+00 2.3331625849435628e-01 
 1.9500000000000000e+00 2.4332997427630951e-01 
 1.9600000000000000e+00 2.5333063712431170e-01 
 1.9700000000000000e+00 2.6331759131544608e-01 
 1.9800000000000000e+00 2.7329018112679548e-01 
 1.9900000000000000e+00 2.8324775083544318e-01 
 2.0000000000000000e+00 2.9318964471847209e-01 
 2.0100000000000002e+00 3.0295284699186176e-01 
 2.0200000000000000e+00 3.1238691785232492e-01 
 2.0300000000000002e+00 3.2151006554804690e-01 
 2.0400000000000000e+00 3.3034049832721124e-01 
 2.0499999999999998e+00 3.3889642443800272e-01 
 2.0600000000000001e+00 3.4719605212860616e-01 
 2.0699999999999998e+00 3.5525758964720522e-01 
 2.0800000000000001e+00 3.6309924524198500e-01 
 2.0899999999999999e+00 3.7073922716112923e-01 
 2.1000000000000001e+00 3.7819574365282294e-01 
 2.1099999999999999e+00 3.8548700296524985e-01 
 2.1200000000000001e+00 3.9263121334659512e-01 
 2.1299999999999999e+00 3.9964658304504241e-01 
 2.1400000000000001e+00 4.0655132030877683e-01 
 2.1499999999999999e+00 4.1336363338598209e-01 
 2.1600000000000001e+00 4.2010173052484323e-01 
 2.1699999999999999e+00 4.2678381997354409e-01 
 2.1800000000000002e+00 4.3342810998026959e-01 
 2.1899999999999999e+00 4.4005280879320358e-01 
 2.2000000000000002e+00 4.4667612466053108e-01 
 2.2100000000000000e+00 4.5308303682548245e-01 
 2.2200000000000002e+00 4.5905241225400550e-01 
 2.2300000000000000e+00 4.6459329077835826e-01 
 2.2400000000000002e+00 4.6971471223079991e-01 
 2.2500000000000000e+00 4.7442571644358866e-01 
 2.2600000000000002e+00 4.7873534324898354e-01 
 2.2700000000000000e+00 4.8265263247924284e-01 
 2.2800000000000002e+00 4.8618662396662554e-01 
 2.2900000000000000e+00 4.8934635754339006e-01 
 2.3000000000000003e+00 4.9214087304179516e-01 
 2.3100000000000001e+00 4.9457921029409940e-01 
 2.3199999999999998e+00 4.9667040913256144e-01 
 2.3300000000000001e+00 4.9842350938944008e-01 
 2.3399999999999999e+00 4.9984755089699379e-01 
 2.3500000000000001e+00 5.0095157348748132e-01 
 2.3599999999999999e+00 5.0174461699316120e-01 
 2.3700000000000001e+00 5.0223572124629223e-01 
 2.3799999999999999e+00 5.0243392607913306e-01 
 2.3900000000000001e+00 5.0234827132394211e-01 
 2.3999999999999999e+00 5.0198779681297823e-01 
 2.4100000000000001e+00 5.0133821803171674e-01 
 2.4199999999999999e+00 5.0035359132431512e-01 
 2.4300000000000002e+00 4.9899546781105475e-01 
 2.4399999999999999e+00 4.9722539861221760e-01 
 2.4500000000000002e+00 4.9500493484808505e-01 
 2.4600000000000000e+00 4.9229562763893903e-01 
 2.4700000000000002e+00 4.8905902810506097e-01 
 2.4800000000000000e+00 4.8525668736673272e-01 
 2.4900000000000002e+00 4.8085015654423569e-01 
 2.5000000000000000e+00 4.7580098675785193e-01 
 2.5100000000000002e+00 4.7007072912786257e-01 
 2.5200000000000000e+00 4.6362093477454980e-01 
 2.5300000000000002e+00 4.5641315481819478e-01 
 2.5400000000000000e+00 4.4840894037907975e-01 
 2.5500000000000003e+00 4.3956984257748566e-01 
 2.5600000000000001e+00 4.2985741253369492e-01 
 2.5699999999999998e+00 4.1923320136798892e-01 
 2.5800000000000001e+00 4.0765876020064867e-01 
 2.5899999999999999e+00 3.9509564015195686e-01 
 2.6000000000000001e+00 3.8150539234219416e-01 
 2.6099999999999999e+00 3.6736110091220603e-01 
 2.6200000000000001e+00 3.5316486447137446e-01 
 2.6299999999999999e+00 3.3892175584279022e-01 
 2.6400000000000001e+00 3.2463684784954189e-01 
 2.6499999999999999e+00 3.1031521331472023e-01 
 2.6600000000000001e+00 2.9596192506141383e-01 
 2.6699999999999999e+00 2.8158205591271346e-01 
 2.6800000000000002e+00 2.6718067869170764e-01 
 2.6899999999999999e+00 2.5276286622148725e-01 
 2.7000000000000002e+00 2.3833369132514068e-01 
 2.7100000000000000e+00 2.2389822682575891e-01 
 2.7200000000000002e+00 2.0946154554643032e-01 
 2.7300000000000000e+00 1.9502872031024590e-01 
 2.7400000000000002e+00 1.8060482394029392e-01 
 2.7500000000000000e+00 1.6619492925966547e-01 
 2.7600000000000002e+00 1.5180410909144887e-01 
 2.7700000000000000e+00 1.3743743625873506e-01 
 2.7800000000000002e+00 1.2309998358461249e-01 
 2.7900000000000000e+00 1.0879682389217205e-01 
 2.8000000000000003e+00 9.4533030004502194e-02 
 2.8100000000000001e+00 8.0295496252208665e-02 
 2.8199999999999998e+00 6.6068240904172210e-02 
 2.8300000000000001e+00 5.1852022690897066e-02 
 2.8399999999999999e+00 3.7647600342889373e-02 
 2.8500000000000001e+00 2.3455732590652728e-02 
 2.8599999999999999e+00 9.2771781646932699e-03 
 2.8700000000000001e+00 -4.8873042044853959e-03 
 2.8799999999999999e+00 -1.9036955786377152e-02 
 2.8900000000000001e+00 -3.3171017850478379e-02 
 2.8999999999999999e+00 -4.7288731666282918e-02 
 2.9100000000000001e+00 -6.1389338503287233e-02 
 2.9199999999999999e+00 -7.5472079630985123e-02 
 2.9300000000000002e+00 -8.9536196318873024e-02 
 2.9399999999999999e+00 -1.0358092983644476e-01 
 2.9500000000000002e+00 -1.1760552145319678e-01 
 2.9600000000000000e+00 -1.3160921243862295e-01 
 2.9700000000000002e+00 -1.4559124406221960e-01 
 2.9800000000000000e+00 -1.5955085759348064e-01 
 2.9900000000000002e+00 -1.7348729430190246e-01 
 3.0000000000000000e+00 -1.8739979545697905e-01 
 3.0100000000000002e+00 -2.0067956709279225e-01 
 3.0200000000000000e+00 -2.1273073628625130e-01 
 3.0300000000000002e+00 -2.2357192587109667e-01 
 3.0400000000000000e+00 -2.3322175868106679e-01 
 3.0500000000000003e+00 -2.4169885754990186e-01 
 3.0600000000000001e+00 -2.4902184531134058e-01 
 3.0700000000000003e+00 -2.5520934479912294e-01 
 3.0800000000000001e+00 -2.6027997884698773e-01 
 3.0899999999999999e+00 -2.6425237028867476e-01 
 3.1000000000000001e+00 -2.6714514195792338e-01 
 3.1099999999999999e+00 -2.6897691668847279e-01 
 3.1200000000000001e+00 -2.6976631731406253e-01 
 3.1299999999999999e+00 -2.6953196666843193e-01 
 3.1400000000000001e+00 -2.6829248758532032e-01 
 3.1499999999999999e+00 -2.6606650289846712e-01 
 3.1600000000000001e+00 -2.6287263544161166e-01 
 3.1699999999999999e+00 -2.5872950804849359e-01 
 3.1800000000000002e+00 -2.5365574355285181e-01 
 3.1899999999999999e+00 -2.4766996478842632e-01 
 3.2000000000000002e+00 -2.4079079458895580e-01 
 3.2100000000000000e+00 -2.3319122377019944e-01 
 3.2200000000000002e+00 -2.2504420481247839e-01 
 3.2300000000000000e+00 -2.1636830304637780e-01 
 3.2400000000000002e+00 -2.0718208380248138e-01 
 3.2500000000000000e+00 -1.9750411241137433e-01 
 3.2600000000000002e+00 -1.8735295420364023e-01 
 3.2700000000000000e+00 -1.7674717450986449e-01 
 3.2800000000000002e+00 -1.6570533866063053e-01 
 3.2900000000000000e+00 -1.5424601198652377e-01 
 3.3000000000000003e+00 -1.4238775981812768e-01 
 3.3100000000000001e+00 -1.3014914748602768e-01 
 3.3200000000000003e+00 -1.1754874032080724e-01 
 3.3300000000000001e+00 -1.0460510365305181e-01 
 3.3399999999999999e+00 -9.1336802813345275e-02 
 3.3500000000000001e+00 -7.7762403132271507e-02 
 3.3599999999999999e+00 -6.3900469940416149e-02 
 3.3700000000000001e+00 -4.9769568568362427e-02 
 3.3799999999999999e+00 -3.5388264346695952e-02 
 3.3900000000000001e+00 -2.0775122605999924e-02 
 3.3999999999999999e+00 -5.9487086768601483e-03 
 3.4100000000000001e+00 9.2691394249890344e-03 
 3.4199999999999999e+00 2.5027429426273853e-02 
 3.4300000000000002e+00 4.1263864610106282e-02 
 3.4399999999999999e+00 5.7916148259595471e-02 
 3.4500000000000002e+00 7.4921983657853478e-02 
 3.4600000000000000e+00 9.2219074087989378e-02 
 3.4700000000000002e+00 1.0974512283311527e-01 
 3.4800000000000000e+00 1.2743783317634022e-01 
 3.4900000000000002e+00 1.4523490840077638e-01 
 3.5000000000000000e+00 1.6307405178953271e-01 
 3.5100000000000002e+00 1.8089296662572141e-01 
 3.5200000000000000e+00 1.9862935619245148e-01 
 3.5300000000000002e+00 2.1622092377283508e-01 
 3.5400000000000000e+00 2.3360537264998121e-01 
 3.5500000000000003e+00 2.5072040610700203e-01 
 3.5600000000000001e+00 2.6750372742700651e-01 
 3.5700000000000003e+00 2.8389303989310688e-01 
 3.5800000000000001e+00 2.9982604678841218e-01 
 3.5899999999999999e+00 3.1524045139603368e-01 
 3.6000000000000001e+00 3.3007395699908271e-01 
 3.6099999999999999e+00 3.4435301020081677e-01 
 3.6200000000000001e+00 3.5813150601765020e-01 
 3.6299999999999999e+00 3.7138832035242381e-01 
 3.6400000000000001e+00 3.8410232910798059e-01 
 3.6499999999999999e+00 3.9625240818716145e-01 
 3.6600000000000001e+00 4.0781743349280941e-01 
 3.6699999999999999e+00 4.1877628092776542e-01 
 3.6800000000000002e+00 4.2910782639487227e-01 
 3.6899999999999999e+00 4.3879094579697109e-01 
 3.7000000000000002e+00 4.4780451503690472e-01 
 3.7100000000000000e+00 4.5612741001751422e-01 
 3.7200000000000002e+00 4.6373850664164235e-01 
 3.7300000000000000e+00 4.7061668081213026e-01 
 3.7400000000000002e+00 4.7674080843182065e-01 
 3.7500000000000000e+00 4.8208976540355486e-01 
 3.7600000000000002e+00 4.8664242763017534e-01 
 3.7700000000000000e+00 4.9037767101452356e-01 
 3.7800000000000002e+00 4.9327437145944186e-01 
 3.7900000000000000e+00 4.9531140486777198e-01 
 3.8000000000000003e+00 4.9646764714235592e-01 
 3.8100000000000001e+00 4.9682146210391309e-01 
 3.8200000000000003e+00 4.9647520058519118e-01 
 3.8300000000000001e+00 4.9544371900707423e-01 
 3.8399999999999999e+00 4.9374187379044637e-01 
 3.8500000000000001e+00 4.9138452135619165e-01 
 3.8599999999999999e+00 4.8838651812519429e-01 
 3.8700000000000001e+00 4.8476272051833819e-01 
 3.8799999999999999e+00 4.8052798495650773e-01 
 3.8900000000000001e+00 4.7569716786058663e-01 
 3.8999999999999999e+00 4.7028512565145952e-01 
 3.9100000000000001e+00 4.6430671475000995e-01 
 3.9199999999999999e+00 4.5777679157712253e-01 
 3.9300000000000002e+00 4.5071021255368088e-01 
 3.9399999999999999e+00 4.4312183410056966e-01 
 3.9500000000000002e+00 4.3502651263867226e-01 
 3.9600000000000000e+00 4.2643910458887363e-01 
 3.9700000000000002e+00 4.1737446637205700e-01 
 3.9800000000000000e+00 4.0784745440910730e-01 
 3.9900000000000002e+00 3.9787292512090783e-01 
 4.0000000000000000e+00 3.8746573492834357e-01 
 4.0099999999999998e+00 3.7659219810548550e-01 
 4.0200000000000005e+00 3.6524456099394692e-01 
 4.0300000000000002e+00 3.5347657811592853e-01 
 4.0400000000000000e+00 3.4134200399362791e-01 
 4.0499999999999998e+00 3.2889459314924363e-01 
 4.0600000000000005e+00 3.1618810010497317e-01 
 4.0700000000000003e+00 3.0327627938301738e-01 
 4.0800000000000001e+00 2.9021288550557367e-01 
 4.0899999999999999e+00 2.7705167299484074e-01 
 4.0999999999999996e+00 2.6384639637301710e-01 
 4.1100000000000003e+00 2.5065081016230017e-01 
 4.1200000000000001e+00 2.3751866888489095e-01 
 4.1299999999999999e+00 2.2450372706298682e-01 
 4.1399999999999997e+00 2.1165973921878634e-01 
 4.1500000000000004e+00 1.9904045987448704e-01 
 4.1600000000000001e+00 1.8669964355228977e-01 
 4.1699999999999999e+00 1.7469104477439193e-01 
 4.1799999999999997e+00 1.6306841806299213e-01 
 4.1900000000000004e+00 1.5188551794028801e-01 
 4.2000000000000002e+00 1.4119609892848017e-01 
 4.2100000000000000e+00 1.3082147313296594e-01 
 4.2199999999999998e+00 1.2056421268272835e-01 
 4.2300000000000004e+00 1.1044996213534208e-01 
 4.2400000000000002e+00 1.0050436604838449e-01 
 4.2500000000000000e+00 9.0753068979430210e-02 
 4.2599999999999998e+00 8.1221715486054807e-02 
 4.2700000000000005e+00 7.1935950125833009e-02 
 4.2800000000000002e+00 6.2921417456342041e-02 
 4.2900000000000000e+00 5.4203762035156589e-02 
 4.2999999999999998e+00 4.5808628419852240e-02 
 4.3100000000000005e+00 3.7761661168003849e-02 
 4.3200000000000003e+00 3.0088504837188376e-02 
 4.3300000000000001e+00 2.2814803984980675e-02 
 4.3399999999999999e+00 1.5966203168956250e-02 
 4.3500000000000005e+00 9.5683469466901483e-03 
 4.3600000000000003e+00 3.6468798757590959e-03 
 4.3700000000000001e+00 -1.7725534862620407e-03 
 4.3799999999999999e+00 -6.6643085817976178e-03 
 4.3899999999999997e+00 -1.1002740853272130e-02 
 4.4000000000000004e+00 -1.4762205743110268e-02 
 4.4100000000000001e+00 -1.7934364259788255e-02 
 4.4199999999999999e+00 -2.0534040457995159e-02 
 4.4299999999999997e+00 -2.2570334349473323e-02 
 4.4400000000000004e+00 -2.4052345945965205e-02 
 4.4500000000000002e+00 -2.4989175259212883e-02 
 4.4600000000000000e+00 -2.5389922300958864e-02 
 4.4699999999999998e+00 -2.5263687082945491e-02 
 4.4800000000000004e+00 -2.4619569616915027e-02 
 4.4900000000000002e+00 -2.3466669914609939e-02 
 4.5000000000000000e+00 -2.1814087987772533e-02 
 4.5099999999999998e+00 -1.9670923848145158e-02 
 4.5200000000000005e+00 -1.7046277507469895e-02 
 4.5300000000000002e+00 -1.3949248977489571e-02 
 4.5400000000000000e+00 -1.0388938269946312e-02 
 4.5499999999999998e+00 -6.3744453965824607e-03 
 4.5600000000000005e+00 -1.9148703691399555e-03 
 4.5700000000000003e+00 2.9806868006380764e-03 
 4.5800000000000001e+00 8.3031261010096530e-03 
 4.5899999999999999e+00 1.4043347520232438e-02 
 4.6000000000000005e+00 2.0192251046564635e-02 
 4.6100000000000003e+00 2.6665886237519133e-02 
 4.6200000000000001e+00 3.3369035764693723e-02 
 4.6299999999999999e+00 4.0275699287471017e-02 
 4.6399999999999997e+00 4.7359876465233638e-02 
 4.6500000000000004e+00 5.4595566957364852e-02 
 4.6600000000000001e+00 6.1956770423245995e-02 
 4.6699999999999999e+00 6.9417486522260319e-02 
 4.6799999999999997e+00 7.6951714913790437e-02 
 4.6900000000000004e+00 8.4533455257219642e-02 
 4.7000000000000002e+00 9.2136707211929222e-02 
 4.7100000000000000e+00 9.9735470437302451e-02 
 4.7199999999999998e+00 1.0730374459272195e-01 
 4.7300000000000004e+00 1.1481552933757101e-01 
 4.7400000000000002e+00 1.2224482433123091e-01 
 4.7500000000000000e+00 1.2956562923308490e-01 
 4.7599999999999998e+00 1.3675194370251570e-01 
 4.7700000000000005e+00 1.4377776739890641e-01 
 4.7800000000000002e+00 1.5061709998163852e-01 
 4.7900000000000000e+00 1.5724394111009521e-01 
 4.7999999999999998e+00 1.6363229044365912e-01 
 4.8100000000000005e+00 1.6990165904698185e-01 
 4.8200000000000003e+00 1.7617866542540453e-01 
 4.8300000000000001e+00 1.8244797039934704e-01 
 4.8399999999999999e+00 1.8869423478922875e-01 
 4.8500000000000005e+00 1.9490211941546953e-01 
 4.8600000000000003e+00 2.0105628509848758e-01 
 4.8700000000000001e+00 2.0714139265870282e-01 
 4.8799999999999999e+00 2.1314210291653460e-01 
 4.8899999999999997e+00 2.1904307669240225e-01 
 4.9000000000000004e+00 2.2482897480672559e-01 
 4.9100000000000001e+00 2.3048445807992293e-01 
 4.9199999999999999e+00 2.3599418733241417e-01 
 4.9299999999999997e+00 2.4134282338461860e-01 
 4.9400000000000004e+00 2.4651502705695605e-01 
 4.9500000000000002e+00 2.5149545916984489e-01 
 4.9600000000000000e+00 2.5626878054370494e-01 
 4.9699999999999998e+00 2.6081965199895552e-01 
 4.9800000000000004e+00 2.6513273435601642e-01 
 4.9900000000000002e+00 2.6919268843530608e-01 
 5.0000000000000000e+00 2.7298417505724437e-01 
 5.0099999999999998e+00 2.7648266949128419e-01 
 5.0200000000000005e+00 2.7967566833786911e-01 
 5.0300000000000002e+00 2.8256586441390341e-01 
 5.0400000000000000e+00 2.8515595053629211e-01 
 5.0499999999999998e+00 2.8744861952194006e-01 
 5.0600000000000005e+00 2.8944656418775216e-01 
 5.0700000000000003e+00 2.9115247735063288e-01 
 5.0800000000000001e+00 2.9256905182748721e-01 
 5.0899999999999999e+00 2.9369898043521991e-01 
 5.1000000000000005e+00 2.9454495599073582e-01 
 5.1100000000000003e+00 2.9510967131093957e-01 
 5.1200000000000001e+00 2.9539581921273611e-01 
 5.1299999999999999e+00 2.9540609251303018e-01 
 5.1399999999999997e+00 2.9514318402872658e-01 
 5.1500000000000004e+00 2.9460978657673004e-01 
 5.1600000000000001e+00 2.9380859297394540e-01 
 5.1699999999999999e+00 2.9274229603727753e-01 
 5.1799999999999997e+00 2.9141358858363109e-01 
 5.1900000000000004e+00 2.8982516342991077e-01 
 5.2000000000000002e+00 2.8797971339302164e-01 
 5.2100000000000000e+00 2.8600630687346834e-01 
 5.2199999999999998e+00 2.8403226802736170e-01 
 5.2300000000000004e+00 2.8205767330501541e-01 
 5.2400000000000002e+00 2.8008259915674366e-01 
 5.2500000000000000e+00 2.7810712203286020e-01 
 5.2599999999999998e+00 2.7613131838367888e-01 
 5.2700000000000005e+00 2.7415526465951340e-01 
 5.2800000000000002e+00 2.7217903731067794e-01 
 5.2900000000000000e+00 2.7020271278748620e-01 
 5.2999999999999998e+00 2.6822636754025214e-01 
 5.3100000000000005e+00 2.6625007801928935e-01 
 5.3200000000000003e+00 2.6427392067491212e-01 
 5.3300000000000001e+00 2.6229797195743410e-01 
 5.3399999999999999e+00 2.6032230831716913e-01 
 5.3500000000000005e+00 2.5834700620443102e-01 
 5.3600000000000003e+00 2.5637214206953390e-01 
 5.3700000000000001e+00 2.5439779236279148e-01 
 5.3799999999999999e+00 2.5242403353451764e-01 
 5.3899999999999997e+00 2.5045094203502627e-01 
 5.4000000000000004e+00 2.4847859431463104e-01 
 5.4100000000000001e+00 2.4650658964774974e-01 
 5.4199999999999999e+00 2.4453449140184044e-01 
 5.4299999999999997e+00 2.4256232216677812e-01 
 5.4400000000000004e+00 2.4059010453243759e-01 
 5.4500000000000002e+00 2.3861786108869426e-01 
 5.4600000000000000e+00 2.3664561442542290e-01 
 5.4699999999999998e+00 2.3467338713249855e-01 
 5.4800000000000004e+00 2.3270120179979603e-01 
 5.4900000000000002e+00 2.3072908101719067e-01 
 5.5000000000000000e+00 2.2875704737455732e-01 
 5.5099999999999998e+00 2.2678512346177102e-01 
 5.5200000000000005e+00 2.2481333186870653e-01 
 5.5300000000000002e+00 2.2284169518523925e-01 
 5.5400000000000000e+00 2.2087023600124397e-01 
 5.5499999999999998e+00 2.1889897690659574e-01 
 5.5600000000000005e+00 2.1692794049116937e-01 
 5.5700000000000003e+00 2.1495714934484020e-01 
 5.5800000000000001e+00 2.1298662605748309e-01 
 5.5899999999999999e+00 2.1101639321897300e-01 
 5.6000000000000005e+00 2.0904647341918481e-01 
 5.6100000000000003e+00 2.0712628289724089e-01 
 5.6200000000000001e+00 2.0529794844660870e-01 
 5.6299999999999999e+00 2.0355055848868153e-01 
 5.6399999999999997e+00 2.0187320144485266e-01 
 5.6500000000000004e+00 2.0025496573651527e-01 
 5.6600000000000001e+00 1.9868493978506296e-01 
 5.6699999999999999e+00 1.9715221201188884e-01 
 5.6799999999999997e+00 1.9564587083838625e-01 
 5.6900000000000004e+00 1.9415500468594832e-01 
 5.7000000000000002e+00 1.9266870197596866e-01 
 5.7100000000000000e+00 1.9117605112984037e-01 
 5.7199999999999998e+00 1.8966614056895681e-01 
 5.7300000000000004e+00 1.8812805871471114e-01 
 5.7400000000000002e+00 1.8655089398849686e-01 
 5.7500000000000000e+00 1.8492373481170721e-01 
 5.7599999999999998e+00 1.8323566960573545e-01 
 5.7700000000000005e+00 1.8147578679197474e-01 
 5.7800000000000002e+00 1.7963317479181867e-01 
 5.7900000000000000e+00 1.7769692202666043e-01 
 5.7999999999999998e+00 1.7565611691789326e-01 
 5.8100000000000005e+00 1.7354554239431694e-01 
 5.8200000000000003e+00 1.7140877705775426e-01 
 5.8300000000000001e+00 1.6924810283913211e-01 
 5.8399999999999999e+00 1.6706580166937743e-01 
 5.8500000000000005e+00 1.6486415547941710e-01 
 5.8600000000000003e+00 1.6264544620017851e-01 
 5.8700000000000001e+00 1.6041195576258849e-01 
 5.8799999999999999e+00 1.5816596609757405e-01 
 5.8899999999999997e+00 1.5590975913606223e-01 
 5.9000000000000004e+00 1.5364561680897981e-01 
 5.9100000000000001e+00 1.5137582104725425e-01 
 5.9199999999999999e+00 1.4910265378181237e-01 
 5.9299999999999997e+00 1.4682839694358113e-01 
 5.9400000000000004e+00 1.4455533246348742e-01 
 5.9500000000000002e+00 1.4228574227245860e-01 
 5.9600000000000000e+00 1.4002190830142155e-01 
 5.9699999999999998e+00 1.3776611248130324e-01 
 5.9800000000000004e+00 1.3552063674303053e-01 
 5.9900000000000002e+00 1.3328776301753079e-01 
 6.0000000000000000e+00 1.3106977323573088e-01 
 6.0099999999999998e+00 1.2886391052465615e-01 
 6.0200000000000005e+00 1.2666585194478758e-01 
 6.0300000000000002e+00 1.2447553032723628e-01 
 6.0400000000000000e+00 1.2229287850311275e-01 
 6.0499999999999998e+00 1.2011782930352774e-01 
 6.0600000000000005e+00 1.1795031555959173e-01 
 6.0700000000000003e+00 1.1579027010241585e-01 
 6.0800000000000001e+00 1.1363762576311062e-01 
 6.0899999999999999e+00 1.1149231537278674e-01 
 6.1000000000000005e+00 1.0935427176255474e-01 
 6.1100000000000003e+00 1.0722342776352572e-01 
 6.1200000000000001e+00 1.0509971620681020e-01 
 6.1299999999999999e+00 1.0298306992351891e-01 
 6.1400000000000006e+00 1.0087342174476235e-01 
 6.1500000000000004e+00 9.8770704501651624e-02 
 6.1600000000000001e+00 9.6674851025297270e-02 
 6.1699999999999999e+00 9.4585794146809982e-02 
 6.1799999999999997e+00 9.2503466697300488e-02 
 6.1900000000000004e+00 9.0427801507879324e-02 
 6.2000000000000002e+00 8.8358731409657554e-02 
 6.2100000000000000e+00 8.6386819543480903e-02 
 6.2199999999999998e+00 8.4604572998287331e-02 
 6.2300000000000004e+00 8.3014840527325495e-02 
 6.2400000000000002e+00 8.1620470883844456e-02 
 6.2500000000000000e+00 8.0424312821092872e-02 
 6.2599999999999998e+00 7.9429215092319524e-02 
 6.2700000000000005e+00 7.8638026450773141e-02 
 6.2800000000000002e+00 7.8053595649702656e-02 
 6.2900000000000000e+00 7.7678771442356798e-02 
 6.2999999999999998e+00 7.7516402581984348e-02 
 6.3100000000000005e+00 7.7569337821834089e-02 
 6.3200000000000003e+00 7.7840425915154846e-02 
 6.3300000000000001e+00 7.8332515615195372e-02 
 6.3399999999999999e+00 7.9048455675204465e-02 
 6.3500000000000005e+00 7.9991094848431019e-02 
 6.3600000000000003e+00 8.1163281888123662e-02 
 6.3700000000000001e+00 8.2567865547531233e-02 
 6.3799999999999999e+00 8.4207694579902570e-02 
 6.3900000000000006e+00 8.6085617738486594e-02 
 6.4000000000000004e+00 8.8204483776531784e-02 
 6.4100000000000001e+00 9.0482992809267401e-02 
 6.4199999999999999e+00 9.2835355919294871e-02 
 6.4299999999999997e+00 9.5257688310921462e-02 
 6.4400000000000004e+00 9.7746105188454710e-02 
 6.4500000000000002e+00 1.0029672175620143e-01 
 6.4600000000000000e+00 1.0290565321846912e-01 
 6.4699999999999998e+00 1.0556901477956507e-01 
 6.4800000000000004e+00 1.0828292164379680e-01 
 6.4900000000000002e+00 1.1104348901547111e-01 
 6.5000000000000000e+00 1.1384683209889551e-01 
 6.5099999999999998e+00 1.1668906609837730e-01 
 6.5200000000000005e+00 1.1956630621822402e-01 
 6.5300000000000002e+00 1.2247466766274243e-01 
 6.5400000000000000e+00 1.2541026563624005e-01 
 6.5499999999999998e+00 1.2836921534302417e-01 
 6.5600000000000005e+00 1.3134763198740237e-01 
 6.5700000000000003e+00 1.3434163077368136e-01 
 6.5800000000000001e+00 1.3734732690616869e-01 
 6.5899999999999999e+00 1.4036083558917167e-01 
 6.6000000000000005e+00 1.4337827202699782e-01 
 6.6100000000000003e+00 1.4643654415137708e-01 
 6.6200000000000001e+00 1.4956912809460240e-01 
 6.6299999999999999e+00 1.5276699136182442e-01 
 6.6400000000000006e+00 1.5602110145819403e-01 
 6.6500000000000004e+00 1.5932242588886131e-01 
 6.6600000000000001e+00 1.6266193215897709e-01 
 6.6699999999999999e+00 1.6603058777369206e-01 
 6.6799999999999997e+00 1.6941936023815679e-01 
 6.6900000000000004e+00 1.7281921705752223e-01 
 6.7000000000000002e+00 1.7622112573693838e-01 
 6.7100000000000000e+00 1.7961605378155618e-01 
 6.7199999999999998e+00 1.8299496869652621e-01 
 6.7300000000000004e+00 1.8634883798699944e-01 
 6.7400000000000002e+00 1.8966862915812585e-01 
 6.7500000000000000e+00 1.9294530971505636e-01 
 6.7599999999999998e+00 1.9616984716294161e-01 
 6.7700000000000005e+00 1.9933320900693249e-01 
 6.7800000000000002e+00 2.0242636275217904e-01 
 6.7900000000000000e+00 2.0544027590383218e-01 
 6.7999999999999998e+00 2.0836591596704251e-01 
 6.8100000000000005e+00 2.1116734120049280e-01 
 6.8200000000000003e+00 2.1380879901734226e-01 
 6.8300000000000001e+00 2.1628154065445768e-01 
 6.8399999999999999e+00 2.1857681734870560e-01 
 6.8500000000000005e+00 2.2068588033695269e-01 
 6.8600000000000003e+00 2.2259998085606517e-01 
 6.8700000000000001e+00 2.2431037014290972e-01 
 6.8799999999999999e+00 2.2580829943435288e-01 
 6.8900000000000006e+00 2.2708501996726127e-01 
 6.9000000000000004e+00 2.2813178297850123e-01 
 6.9100000000000001e+00 2.2893983970493939e-01 
 6.9199999999999999e+00 2.2950044138344225e-01 
 6.9299999999999997e+00 2.2980483925087639e-01 
 6.9400000000000004e+00 2.2984428454410830e-01 
 6.9500000000000002e+00 2.2961002850000450e-01 
 6.9600000000000000e+00 2.2909332235543153e-01 
 6.9699999999999998e+00 2.2828541734725596e-01 
 6.9800000000000004e+00 2.2717756471234418e-01 
 6.9900000000000002e+00 2.2576101568756290e-01 
 7.0000000000000000e+00 2.2402702150977860e-01 
 7.0099999999999998e+00 2.2212445377103199e-01 
 7.0200000000000005e+00 2.2020849115635971e-01 
 7.0300000000000002e+00 2.1827984554212271e-01 
 7.0400000000000000e+00 2.1633922880468143e-01 
 7.0499999999999998e+00 2.1438735282039642e-01 
 7.0600000000000005e+00 2.1242492946562819e-01 
 7.0700000000000003e+00 2.1045267061673761e-01 
 7.0800000000000001e+00 2.0847128815008517e-01 
 7.0899999999999999e+00 2.0648149394203141e-01 
 7.1000000000000005e+00 2.0448399986893684e-01 
 7.1100000000000003e+00 2.0247951780716236e-01 
 7.1200000000000001e+00 2.0046875963306840e-01 
 7.1299999999999999e+00 1.9845243722301556e-01 
 7.1400000000000006e+00 1.9643126245336429e-01 
 7.1500000000000004e+00 1.9440594720047552e-01 
 7.1600000000000001e+00 1.9237720334070971e-01 
 7.1699999999999999e+00 1.9034574275042743e-01 
 7.1799999999999997e+00 1.8831227730598929e-01 
 7.1900000000000004e+00 1.8627751888375571e-01 
 7.2000000000000002e+00 1.8424217936008769e-01 
 7.2100000000000000e+00 1.8219784212291718e-01 
 7.2199999999999998e+00 1.8013707757411751e-01 
 7.2300000000000004e+00 1.7806207811096084e-01 
 7.2400000000000002e+00 1.7597503613071980e-01 
 7.2500000000000000e+00 1.7387814403066654e-01 
 7.2599999999999998e+00 1.7177359420807339e-01 
 7.2700000000000005e+00 1.6966357906021245e-01 
 7.2800000000000002e+00 1.6755029098435645e-01 
 7.2900000000000000e+00 1.6543592237777746e-01 
 7.2999999999999998e+00 1.6332266563774780e-01 
 7.3100000000000005e+00 1.6121271316153962e-01 
 7.3200000000000003e+00 1.5910825734642561e-01 
 7.3300000000000001e+00 1.5701149058967787e-01 
 7.3399999999999999e+00 1.5492460528856872e-01 
 7.3500000000000005e+00 1.5284979384037028e-01 
 7.3600000000000003e+00 1.5078924864235527e-01 
 7.3700000000000001e+00 1.4874516209179575e-01 
 7.3799999999999999e+00 1.4671972658596411e-01 
 7.3900000000000006e+00 1.4471513452213242e-01 
 7.4000000000000004e+00 1.4273357829757338e-01 
 7.4100000000000001e+00 1.4092605433164587e-01 
 7.4199999999999999e+00 1.3943223711263475e-01 
 7.4299999999999997e+00 1.3823733614120104e-01 
 7.4400000000000004e+00 1.3732656091800563e-01 
 7.4500000000000002e+00 1.3668512094370971e-01 
 7.4600000000000000e+00 1.3629822571897421e-01 
 7.4699999999999998e+00 1.3615108474446008e-01 
 7.4800000000000004e+00 1.3622890752082836e-01 
 7.4900000000000002e+00 1.3651690354874005e-01 
 7.5000000000000000e+00 1.3700028232885614e-01 
 7.5099999999999998e+00 1.3766425336183763e-01 
 7.5200000000000005e+00 1.3849402614834558e-01 
 7.5300000000000002e+00 1.3947481018904087e-01 
 7.5400000000000000e+00 1.4059181498458459e-01 
 7.5499999999999998e+00 1.4183025003563768e-01 
 7.5600000000000005e+00 1.4317532484286130e-01 
 7.5700000000000003e+00 1.4461224890691618e-01 
 7.5800000000000001e+00 1.4612623172846351e-01 
 7.5899999999999999e+00 1.4770248280816420e-01 
 7.6000000000000005e+00 1.4932621164667947e-01 
 7.6100000000000003e+00 1.5104288027902738e-01 
 7.6200000000000001e+00 1.5289803809615227e-01 
 7.6299999999999999e+00 1.5487702563260383e-01 
 7.6400000000000006e+00 1.5696518342293203e-01 
 7.6500000000000004e+00 1.5914785200168621e-01 
 7.6600000000000001e+00 1.6141037190341626e-01 
 7.6699999999999999e+00 1.6373808366267192e-01 
 7.6799999999999997e+00 1.6611632781400290e-01 
 7.6900000000000004e+00 1.6853044489195915e-01 
 7.7000000000000002e+00 1.7096577543108996e-01 
 7.7100000000000000e+00 1.7340765996594526e-01 
 7.7199999999999998e+00 1.7584143903107480e-01 
 7.7300000000000004e+00 1.7825245316102850e-01 
 7.7400000000000002e+00 1.8062604289035566e-01 
 7.7500000000000000e+00 1.8294754875360622e-01 
 7.7599999999999998e+00 1.8520231128532991e-01 
 7.7700000000000005e+00 1.8737567102007663e-01 
 7.7800000000000002e+00 1.8945296849239573e-01 
 7.7900000000000000e+00 1.9141954423683710e-01 
 7.7999999999999998e+00 1.9326073878795053e-01 
 7.8100000000000005e+00 1.9504475187657516e-01 
 7.8200000000000003e+00 1.9684113515062507e-01 
 7.8300000000000001e+00 1.9863725702026319e-01 
 7.8399999999999999e+00 2.0042048589565231e-01 
 7.8500000000000005e+00 2.0217819018695529e-01 
 7.8600000000000003e+00 2.0389773830433464e-01 
 7.8700000000000001e+00 2.0556649865795321e-01 
 7.8799999999999999e+00 2.0717183965797381e-01 
 7.8900000000000006e+00 2.0870112971455934e-01 
 7.9000000000000004e+00 2.1014173723787227e-01 
 7.9100000000000001e+00 2.1148103063807550e-01 
 7.9199999999999999e+00 2.1270637832533176e-01 
 7.9300000000000006e+00 2.1380514870980399e-01 
 7.9400000000000004e+00 2.1476471020165466e-01 
 7.9500000000000002e+00 2.1557243121104669e-01 
 7.9600000000000000e+00 2.1621568014814285e-01 
 7.9699999999999998e+00 2.1668182542310585e-01 
 7.9800000000000004e+00 2.1695823544609852e-01 
 7.9900000000000002e+00 2.1703227862728353e-01 
 8.0000000000000000e+00 2.1689132337682371e-01 
 8.0099999999999998e+00 2.1654519960080232e-01 
 8.0199999999999996e+00 2.1601942777220792e-01 
 8.0299999999999994e+00 2.1532491215156122e-01 
 8.0400000000000009e+00 2.1447255699938275e-01 
 8.0500000000000007e+00 2.1347326657619353e-01 
 8.0600000000000005e+00 2.1233794514251411e-01 
 8.0700000000000003e+00 2.1107749695886519e-01 
 8.0800000000000001e+00 2.0970282628576745e-01 
 8.0899999999999999e+00 2.0822483738374159e-01 
 8.0999999999999996e+00 2.0665443451330834e-01 
 8.1099999999999994e+00 2.0500252193498839e-01 
 8.1200000000000010e+00 2.0328000390930209e-01 
 8.1300000000000008e+00 2.0149778469677082e-01 
 8.1400000000000006e+00 1.9966676855791490e-01 
 8.1500000000000004e+00 1.9779785975325509e-01 
 8.1600000000000001e+00 1.9590196254331205e-01 
 8.1699999999999999e+00 1.9398998118860650e-01 
 8.1799999999999997e+00 1.9207281994965913e-01 
 8.1899999999999995e+00 1.9016138308699065e-01 
 8.1999999999999993e+00 1.8826657486112175e-01 
 8.2100000000000009e+00 1.8632261756081500e-01 
 8.2200000000000006e+00 1.8426529901945246e-01 
 8.2300000000000004e+00 1.8210787181448226e-01 
 8.2400000000000002e+00 1.7986358852335288e-01 
 8.2500000000000000e+00 1.7754570172351275e-01 
 8.2599999999999998e+00 1.7516746399241032e-01 
 8.2699999999999996e+00 1.7274212790749405e-01 
 8.2799999999999994e+00 1.7028294604621239e-01 
 8.2900000000000009e+00 1.6780317098601336e-01 
 8.3000000000000007e+00 1.6531605530434629e-01 
 8.3100000000000005e+00 1.6283485157865923e-01 
 8.3200000000000003e+00 1.6037281238640061e-01 
 8.3300000000000001e+00 1.5794319030501885e-01 
 8.3399999999999999e+00 1.5555923791196247e-01 
 8.3499999999999996e+00 1.5323420778467989e-01 
 8.3599999999999994e+00 1.5098135250061956e-01 
 8.3700000000000010e+00 1.4881392463722956e-01 
 8.3800000000000008e+00 1.4674517677195914e-01 
 8.3900000000000006e+00 1.4478836148225635e-01 
 8.4000000000000004e+00 1.4295673134556963e-01 
 8.4100000000000001e+00 1.4122516467416346e-01 
 8.4199999999999999e+00 1.3957077532838102e-01 
 8.4299999999999997e+00 1.3801016920778889e-01 
 8.4399999999999995e+00 1.3655995221195363e-01 
 8.4499999999999993e+00 1.3523673024044183e-01 
 8.4600000000000009e+00 1.3405710919281982e-01 
 8.4700000000000006e+00 1.3303769496865461e-01 
 8.4800000000000004e+00 1.3219509346751254e-01 
 8.4900000000000002e+00 1.3154591058896017e-01 
 8.5000000000000000e+00 1.3110675223256410e-01 
 8.5099999999999998e+00 1.3089422429789085e-01 
 8.5199999999999996e+00 1.3092493268450703e-01 
 8.5299999999999994e+00 1.3121548329197916e-01 
 8.5400000000000009e+00 1.3178248201987394e-01 
 8.5500000000000007e+00 1.3264253476775778e-01 
 8.5600000000000005e+00 1.3381224743519729e-01 
 8.5700000000000003e+00 1.3530822592175903e-01 
 8.5800000000000001e+00 1.3714707612700960e-01 
 8.5899999999999999e+00 1.3934540395051551e-01 
 8.5999999999999996e+00 1.4191981529184339e-01 
 8.6099999999999994e+00 1.4469044139645290e-01 
 8.6200000000000010e+00 1.4746613465416475e-01 
 8.6300000000000008e+00 1.5024658268108529e-01 
 8.6400000000000006e+00 1.5303147309332232e-01 
 8.6500000000000004e+00 1.5582049350698327e-01 
 8.6600000000000001e+00 1.5861333153817536e-01 
 8.6699999999999999e+00 1.6140967480300603e-01 
 8.6799999999999997e+00 1.6420921091758253e-01 
 8.6899999999999995e+00 1.6701162749801227e-01 
 8.7000000000000011e+00 1.6981661216040303e-01 
 8.7100000000000009e+00 1.7262385252086118e-01 
 8.7200000000000006e+00 1.7543303619549452e-01 
 8.7300000000000004e+00 1.7824385080041044e-01 
 8.7400000000000002e+00 1.8105598395171627e-01 
 8.7500000000000000e+00 1.8386912326551930e-01 
 8.7599999999999998e+00 1.8668295635792689e-01 
 8.7699999999999996e+00 1.8949717084504639e-01 
 8.7799999999999994e+00 1.9231145434298513e-01 
 8.7900000000000009e+00 1.9512549446785094e-01 
 8.8000000000000007e+00 1.9793897883575018e-01 
 8.8100000000000005e+00 2.0075455459507680e-01 
 8.8200000000000003e+00 2.0357470104518424e-01 
 8.8300000000000001e+00 2.0639885402861993e-01 
 8.8399999999999999e+00 2.0922644938793120e-01 
 8.8499999999999996e+00 2.1205692296566542e-01 
 8.8599999999999994e+00 2.1488971060436995e-01 
 8.8700000000000010e+00 2.1772424814659269e-01 
 8.8800000000000008e+00 2.2055997143487993e-01 
 8.8900000000000006e+00 2.2339631631177959e-01 
 8.9000000000000004e+00 2.2623271861983901e-01 
 8.9100000000000001e+00 2.2906861420160557e-01 
 8.9199999999999999e+00 2.3190343889962661e-01 
 8.9299999999999997e+00 2.3473662855644956e-01 
 8.9399999999999995e+00 2.3756761901462170e-01 
 8.9500000000000011e+00 2.4039584611669090e-01 
 8.9600000000000009e+00 2.4322074570520358e-01 
 8.9700000000000006e+00 2.4604175362270755e-01 
 8.9800000000000004e+00 2.4885830571175022e-01 
 8.9900000000000002e+00 2.5166983781487895e-01 
 9.0000000000000000e+00 2.5447578577464103e-01 
 9.0099999999999998e+00 2.5711873458302875e-01 
 9.0199999999999996e+00 2.5944161425737183e-01 
 9.0299999999999994e+00 2.6144437817822391e-01 
 9.0400000000000009e+00 2.6312697972613902e-01 
 9.0500000000000007e+00 2.6448937228167013e-01 
 9.0600000000000005e+00 2.6553150922537128e-01 
 9.0700000000000003e+00 2.6625334393779615e-01 
 9.0800000000000001e+00 2.6665482979949839e-01 
 9.0899999999999999e+00 2.6673592019103165e-01 
 9.0999999999999996e+00 2.6649656849294961e-01 
 9.1099999999999994e+00 2.6593672808580598e-01 
 9.1200000000000010e+00 2.6505635235015423e-01 
 9.1300000000000008e+00 2.6385539466654834e-01 
 9.1400000000000006e+00 2.6233380841554177e-01 
 9.1500000000000004e+00 2.6049154697768834e-01 
 9.1600000000000001e+00 2.5832856373354157e-01 
 9.1699999999999999e+00 2.5584481206365522e-01 
 9.1799999999999997e+00 2.5304024534858294e-01 
 9.1899999999999995e+00 2.4991481696887841e-01 
 9.2000000000000011e+00 2.4646848030509461e-01 
 9.2100000000000009e+00 2.4284217717894702e-01 
 9.2200000000000006e+00 2.3917817920279444e-01 
 9.2300000000000004e+00 2.3547843444315822e-01 
 9.2400000000000002e+00 2.3174489096655976e-01 
 9.2500000000000000e+00 2.2797949683952043e-01 
 9.2599999999999998e+00 2.2418420012856161e-01 
 9.2699999999999996e+00 2.2036094890020472e-01 
 9.2799999999999994e+00 2.1651169122097111e-01 
 9.2900000000000009e+00 2.1263837515738149e-01 
 9.3000000000000007e+00 2.0874294877595859e-01 
 9.3100000000000005e+00 2.0482736014322314e-01 
 9.3200000000000003e+00 2.0089355732569653e-01 
 9.3300000000000001e+00 1.9694348838990011e-01 
 9.3399999999999999e+00 1.9297910140235525e-01 
 9.3499999999999996e+00 1.8900234442958341e-01 
 9.3599999999999994e+00 1.8501516553810590e-01 
 9.3700000000000010e+00 1.8101951279444345e-01 
 9.3800000000000008e+00 1.7701733426511879e-01 
 9.3900000000000006e+00 1.7301057801665265e-01 
 9.4000000000000004e+00 1.6900119211556641e-01 
 9.4100000000000001e+00 1.6496815708878601e-01 
 9.4199999999999999e+00 1.6089260818166154e-01 
 9.4299999999999997e+00 1.5677972553835059e-01 
 9.4399999999999995e+00 1.5263468930301080e-01 
 9.4500000000000011e+00 1.4846267961979898e-01 
 9.4600000000000009e+00 1.4426887663287424e-01 
 9.4700000000000006e+00 1.4005846048639342e-01 
 9.4800000000000004e+00 1.3583661132451411e-01 
 9.4900000000000002e+00 1.3160850929139395e-01 
 9.5000000000000000e+00 1.2737933453119049e-01 
 9.5099999999999998e+00 1.2315426718806133e-01 
 9.5199999999999996e+00 1.1893848740616411e-01 
 9.5299999999999994e+00 1.1473717532965640e-01 
 9.5400000000000009e+00 1.1055551110269506e-01 
 9.5500000000000007e+00 1.0639867486943917e-01 
 9.5600000000000005e+00 1.0227184677404559e-01 
 9.5700000000000003e+00 9.8180206960671909e-02 
 9.5800000000000001e+00 9.4128935573475750e-02 
 9.5899999999999999e+00 9.0123212756614668e-02 
 9.5999999999999996e+00 8.6168218654246301e-02 
 9.6099999999999994e+00 8.2407466026963597e-02 
 9.6200000000000010e+00 7.8978771313325147e-02 
 9.6300000000000008e+00 7.5878770174439045e-02 
 9.6400000000000006e+00 7.3104098271411497e-02 
 9.6500000000000004e+00 7.0651391265349334e-02 
 9.6600000000000001e+00 6.8517284817359414e-02 
 9.6699999999999999e+00 6.6698414588548596e-02 
 9.6799999999999997e+00 6.5191416240023711e-02 
 9.6899999999999995e+00 6.3992925432891604e-02 
 9.7000000000000011e+00 6.3099577828259007e-02 
 9.7100000000000009e+00 6.2508009087233057e-02 
 9.7200000000000006e+00 6.2214854870920433e-02 
 9.7300000000000004e+00 6.2216750840427978e-02 
 9.7400000000000002e+00 6.2510332656862538e-02 
 9.7500000000000000e+00 6.3092235981330971e-02 
 9.7599999999999998e+00 6.3959096474940094e-02 
 9.7699999999999996e+00 6.5107549798796779e-02 
 9.7799999999999994e+00 6.6534231614007872e-02 
 9.7900000000000009e+00 6.8235777581680535e-02 
 9.8000000000000007e+00 7.0208823362921002e-02 
 9.8100000000000005e+00 7.2380512950302497e-02 
 9.8200000000000003e+00 7.4677523814420763e-02 
 9.8300000000000001e+00 7.7095791833416874e-02 
 9.8399999999999999e+00 7.9631252885431908e-02 
 9.8499999999999996e+00 8.2279842848606954e-02 
 9.8599999999999994e+00 8.5037497601083076e-02 
 9.8700000000000010e+00 8.7900153021001903e-02 
 9.8800000000000008e+00 9.0863744986503459e-02 
 9.8900000000000006e+00 9.3924209375729331e-02 
 9.9000000000000004e+00 9.7077482066820625e-02 
 9.9100000000000001e+00 1.0031949893791839e-01 
 9.9199999999999999e+00 1.0364619586716373e-01 
 9.9299999999999997e+00 1.0705350873269770e-01 
 9.9399999999999995e+00 1.1053737341266140e-01 
 9.9500000000000011e+00 1.1409372578519655e-01 
 9.9600000000000009e+00 1.1771850172844295e-01 
 9.9700000000000006e+00 1.2140763712054231e-01 
 9.9800000000000004e+00 1.2515706783963573e-01 
 9.9900000000000002e+00 1.2896272976386425e-01 
 1.0000000000000000e+01 1.3282055877136900e-01 
 1.0010000000000000e+01 1.3677182108375341e-01 
 1.0020000000000000e+01 1.4085050348774963e-01 
 1.0029999999999999e+01 1.4504162270919174e-01 
 1.0039999999999999e+01 1.4933019547391377e-01 
 1.0049999999999999e+01 1.5370123850774983e-01 
 1.0060000000000000e+01 1.5813976853653472e-01 
 1.0070000000000000e+01 1.6263080228610099e-01 
 1.0080000000000000e+01 1.6715935648228344e-01 
 1.0090000000000000e+01 1.7171044785091616e-01 
 1.0100000000000000e+01 1.7626909311783320e-01 
 1.0109999999999999e+01 1.8082030900886864e-01 
 1.0119999999999999e+01 1.8534911224985651e-01 
 1.0129999999999999e+01 1.8984051956663089e-01 
 1.0140000000000001e+01 1.9427954768502670e-01 
 1.0150000000000000e+01 1.9865121333087629e-01 
 1.0160000000000000e+01 2.0294053323001462e-01 
 1.0170000000000000e+01 2.0713252410827571e-01 
 1.0180000000000000e+01 2.1121220269149366e-01 
 1.0190000000000000e+01 2.1516458570550251e-01 
 1.0199999999999999e+01 2.1897468987613633e-01 
 1.0209999999999999e+01 2.2263470040494970e-01 
 1.0220000000000001e+01 2.2614502090563052e-01 
 1.0230000000000000e+01 2.2950299572221064e-01 
 1.0240000000000000e+01 2.3270596919872377e-01 
 1.0250000000000000e+01 2.3575128567920300e-01 
 1.0260000000000000e+01 2.3863628950768143e-01 
 1.0270000000000000e+01 2.4135832502819213e-01 
 1.0279999999999999e+01 2.4391473658476823e-01 
 1.0289999999999999e+01 2.4630286852144276e-01 
 1.0299999999999999e+01 2.4852006518224887e-01 
 1.0310000000000000e+01 2.5056367091121995e-01 
 1.0320000000000000e+01 2.5243103005238837e-01 
 1.0330000000000000e+01 2.5411948694978764e-01 
 1.0340000000000000e+01 2.5562638594745080e-01 
 1.0350000000000000e+01 2.5694907138941098e-01 
 1.0359999999999999e+01 2.5808488761970122e-01 
 1.0369999999999999e+01 2.5903117898235462e-01 
 1.0379999999999999e+01 2.5978528982140431e-01 
 1.0390000000000001e+01 2.6034456448088344e-01 
 1.0400000000000000e+01 2.6070634730482489e-01 
 1.0410000000000000e+01 2.6089606648207075e-01 
 1.0420000000000000e+01 2.6093979620892221e-01 
 1.0430000000000000e+01 2.6083584984060099e-01 
 1.0440000000000000e+01 2.6058254073232884e-01 
 1.0449999999999999e+01 2.6017818223932748e-01 
 1.0459999999999999e+01 2.5962108771681885e-01 
 1.0470000000000001e+01 2.5890957052002439e-01 
 1.0480000000000000e+01 2.5804194400416625e-01 
 1.0490000000000000e+01 2.5701652152446602e-01 
 1.0500000000000000e+01 2.5583161643614549e-01 
 1.0510000000000000e+01 2.5448554209442642e-01 
 1.0520000000000000e+01 2.5297661185453058e-01 
 1.0529999999999999e+01 2.5130313907167973e-01 
 1.0539999999999999e+01 2.4946343710109567e-01 
 1.0549999999999999e+01 2.4745581929800015e-01 
 1.0560000000000000e+01 2.4527859901761451e-01 
 1.0570000000000000e+01 2.4293008961516133e-01 
 1.0580000000000000e+01 2.4040860444586198e-01 
 1.0590000000000000e+01 2.3771245686493822e-01 
 1.0600000000000000e+01 2.3483996022761189e-01 
 1.0609999999999999e+01 2.3184621520401372e-01 
 1.0619999999999999e+01 2.2879191493938542e-01 
 1.0629999999999999e+01 2.2568376150161493e-01 
 1.0640000000000001e+01 2.2252845695858964e-01 
 1.0650000000000000e+01 2.1933270337819860e-01 
 1.0660000000000000e+01 2.1610320282832918e-01 
 1.0670000000000000e+01 2.1284665737686934e-01 
 1.0680000000000000e+01 2.0956976909170702e-01 
 1.0690000000000000e+01 2.0627924004073017e-01 
 1.0699999999999999e+01 2.0298177229182673e-01 
 1.0709999999999999e+01 1.9968406791288462e-01 
 1.0720000000000001e+01 1.9639282897179122e-01 
 1.0730000000000000e+01 1.9311475753643562e-01 
 1.0740000000000000e+01 1.8985655567470522e-01 
 1.0750000000000000e+01 1.8662492545448789e-01 
 1.0760000000000000e+01 1.8342656894367165e-01 
 1.0770000000000000e+01 1.8026818821014440e-01 
 1.0779999999999999e+01 1.7715648532179412e-01 
 1.0789999999999999e+01 1.7409816234650868e-01 
 1.0799999999999999e+01 1.7109992135217608e-01 
 1.0810000000000000e+01 1.6814077365150254e-01 
 1.0820000000000000e+01 1.6519631621115372e-01 
 1.0830000000000000e+01 1.6226812957995390e-01 
 1.0840000000000000e+01 1.5935779430672786e-01 
 1.0850000000000000e+01 1.5646689094030039e-01 
 1.0859999999999999e+01 1.5359700002949628e-01 
 1.0869999999999999e+01 1.5074970212314029e-01 
 1.0879999999999999e+01 1.4792657777005724e-01 
 1.0890000000000001e+01 1.4512920751907141e-01 
 1.0900000000000000e+01 1.4235917191900857e-01 
 1.0910000000000000e+01 1.3961805151869303e-01 
 1.0920000000000000e+01 1.3690742686694957e-01 
 1.0930000000000000e+01 1.3422887851260296e-01 
 1.0940000000000000e+01 1.3158398700447801e-01 
 1.0949999999999999e+01 1.2897433289139951e-01 
 1.0959999999999999e+01 1.2640149672219220e-01 
 1.0970000000000001e+01 1.2386705904568049e-01 
 1.0980000000000000e+01 1.2137260041069001e-01 
 1.0990000000000000e+01 1.1891970136604511e-01 
 1.1000000000000000e+01 1.1650994246057056e-01 
 1.1010000000000000e+01 1.1422340734095841e-01 
 1.1020000000000000e+01 1.1213556291281383e-01 
 1.1029999999999999e+01 1.1024106461333139e-01 
 1.1039999999999999e+01 1.0853456787970565e-01 
 1.1049999999999999e+01 1.0701072814913121e-01 
 1.1060000000000000e+01 1.0566420085880239e-01 
 1.1070000000000000e+01 1.0448964144591426e-01 
 1.1080000000000000e+01 1.0348170534766113e-01 
 1.1090000000000000e+01 1.0263504800123756e-01 
 1.1100000000000000e+01 1.0194432484383814e-01 
 1.1109999999999999e+01 1.0140419131265745e-01 
 1.1119999999999999e+01 1.0100930284489003e-01 
 1.1129999999999999e+01 1.0075431487773047e-01 
 1.1140000000000001e+01 1.0063388284837334e-01 
 1.1150000000000000e+01 1.0064266219401324e-01 
 1.1160000000000000e+01 1.0077530835184473e-01 
 1.1170000000000000e+01 1.0102647675906234e-01 
 1.1180000000000000e+01 1.0139082285286070e-01 
 1.1190000000000000e+01 1.0186300207043433e-01 
 1.1199999999999999e+01 1.0243766984897784e-01 
 1.1209999999999999e+01 1.0308935920559482e-01 
 1.1220000000000001e+01 1.0380011306981814e-01 
 1.1230000000000000e+01 1.0457585174748572e-01 
 1.1240000000000000e+01 1.0542249554443593e-01 
 1.1250000000000000e+01 1.0634596476650698e-01 
 1.1260000000000000e+01 1.0735217971953709e-01 
 1.1270000000000000e+01 1.0844706070936447e-01 
 1.1279999999999999e+01 1.0963652804182733e-01 
 1.1289999999999999e+01 1.1092650202276390e-01 
 1.1299999999999999e+01 1.1232290295801241e-01 
 1.1310000000000000e+01 1.1383165115341132e-01 
 1.1320000000000000e+01 1.1545866691479834e-01 
 1.1330000000000000e+01 1.1720987054801194e-01 
 1.1340000000000000e+01 1.1909118235889032e-01 
 1.1350000000000000e+01 1.2110852265327172e-01 
 1.1359999999999999e+01 1.2326781173699436e-01 
 1.1369999999999999e+01 1.2557496991589642e-01 
 1.1379999999999999e+01 1.2803591749581616e-01 
 1.1390000000000001e+01 1.3065657478259229e-01 
 1.1400000000000000e+01 1.3344286208206202e-01 
 1.1410000000000000e+01 1.3632603512461583e-01 
 1.1420000000000000e+01 1.3923182734726353e-01 
 1.1430000000000000e+01 1.4215787561577309e-01 
 1.1440000000000000e+01 1.4510181679591255e-01 
 1.1449999999999999e+01 1.4806128775344995e-01 
 1.1459999999999999e+01 1.5103392535415325e-01 
 1.1470000000000001e+01 1.5401736646379099e-01 
 1.1480000000000000e+01 1.5700924794813015e-01 
 1.1490000000000000e+01 1.6000720667293925e-01 
 1.1500000000000000e+01 1.6300887950398632e-01 
 1.1510000000000000e+01 1.6601190330703933e-01 
 1.1520000000000000e+01 1.6901391494786633e-01 
 1.1529999999999999e+01 1.7201255129223528e-01 
 1.1539999999999999e+01 1.7500544920591424e-01 
 1.1550000000000001e+01 1.7799024555467172e-01 
 1.1560000000000000e+01 1.8096457720427467e-01 
 1.1570000000000000e+01 1.8392608102049163e-01 
 1.1580000000000000e+01 1.8687239386909063e-01 
 1.1590000000000000e+01 1.8980115261583966e-01 
 1.1600000000000000e+01 1.9270999412650675e-01 
 1.1609999999999999e+01 1.9560389827457481e-01 
 1.1619999999999999e+01 1.9848933205892666e-01 
 1.1629999999999999e+01 2.0136616303342994e-01 
 1.1640000000000001e+01 2.0423425875195278e-01 
 1.1650000000000000e+01 2.0709348676836190e-01 
 1.1660000000000000e+01 2.0994371463652539e-01 
 1.1670000000000000e+01 2.1278480991031096e-01 
 1.1680000000000000e+01 2.1561664014358625e-01 
 1.1690000000000000e+01 2.1843907289021894e-01 
 1.1699999999999999e+01 2.2125197570407668e-01 
 1.1709999999999999e+01 2.2405521613902710e-01 
 1.1720000000000001e+01 2.2684866174893842e-01 
 1.1730000000000000e+01 2.2963218008767725e-01 
 1.1740000000000000e+01 2.3240563870911179e-01 
 1.1750000000000000e+01 2.3516890516710970e-01 
 1.1760000000000000e+01 2.3792184701553859e-01 
 1.1770000000000000e+01 2.4066433180826616e-01 
 1.1779999999999999e+01 2.4339622709916009e-01 
 1.1789999999999999e+01 2.4611740044208802e-01 
 1.1800000000000001e+01 2.4882771939091808e-01 
 1.1810000000000000e+01 2.5142043678550763e-01 
 1.1820000000000000e+01 2.5379254697598785e-01 
 1.1830000000000000e+01 2.5594952978163527e-01 
 1.1840000000000000e+01 2.5789686502172621e-01 
 1.1850000000000000e+01 2.5964003251553719e-01 
 1.1859999999999999e+01 2.6118451208234450e-01 
 1.1869999999999999e+01 2.6253578354142465e-01 
 1.1879999999999999e+01 2.6369932671205398e-01 
 1.1890000000000001e+01 2.6468062141350918e-01 
 1.1900000000000000e+01 2.6548514746506618e-01 
 1.1910000000000000e+01 2.6611838468600169e-01 
 1.1920000000000000e+01 2.6658581289559202e-01 
 1.1930000000000000e+01 2.6689291191311371e-01 
 1.1940000000000000e+01 2.6704516155784308e-01 
 1.1949999999999999e+01 2.6704804164905660e-01 
 1.1959999999999999e+01 2.6690703200603061e-01 
 1.1970000000000001e+01 2.6662761244804156e-01 
 1.1980000000000000e+01 2.6621526279436591e-01 
 1.1990000000000000e+01 2.6567546286428007e-01 
 1.2000000000000000e+01 2.6501369247706041e-01 
 1.2010000000000000e+01 2.6422087384927356e-01 
 1.2020000000000000e+01 2.6328442100799804e-01 
 1.2030000000000001e+01 2.6220455148827809e-01 
 1.2039999999999999e+01 2.6098148282515882e-01 
 1.2050000000000001e+01 2.5961543255368363e-01 
 1.2059999999999999e+01 2.5810661820889808e-01 
 1.2070000000000000e+01 2.5645525732584540e-01 
 1.2080000000000000e+01 2.5466156743957091e-01 
 1.2090000000000000e+01 2.5272576608511871e-01 
 1.2100000000000000e+01 2.5064807079753326e-01 
 1.2109999999999999e+01 2.4842869911185897e-01 
 1.2120000000000001e+01 2.4606786856313981e-01 
 1.2129999999999999e+01 2.4356579668642153e-01 
 1.2140000000000001e+01 2.4092270101674673e-01 
 1.2149999999999999e+01 2.3813879908916175e-01 
 1.2160000000000000e+01 2.3521430843870902e-01 
 1.2170000000000000e+01 2.3214944660043449e-01 
 1.2180000000000000e+01 2.2894443110938206e-01 
 1.2190000000000000e+01 2.2559947950059614e-01 
 1.2199999999999999e+01 2.2211480930912117e-01 
 1.2210000000000001e+01 2.1850098742137034e-01 
 1.2219999999999999e+01 2.1477621260476973e-01 
 1.2230000000000000e+01 2.1095215021587643e-01 
 1.2240000000000000e+01 2.0704046561125225e-01 
 1.2250000000000000e+01 2.0305282414745626e-01 
 1.2260000000000000e+01 1.9900089118104825e-01 
 1.2270000000000000e+01 1.9489633206858797e-01 
 1.2280000000000001e+01 1.9075081216663445e-01 
 1.2289999999999999e+01 1.8657599683174969e-01 
 1.2300000000000001e+01 1.8238355142049045e-01 
 1.2309999999999999e+01 1.7818514128941954e-01 
 1.2320000000000000e+01 1.7399243179509372e-01 
 1.2330000000000000e+01 1.6981708829407499e-01 
 1.2340000000000000e+01 1.6567077614292236e-01 
 1.2350000000000000e+01 1.6156516069819563e-01 
 1.2359999999999999e+01 1.5751190731645454e-01 
 1.2370000000000001e+01 1.5352268135425817e-01 
 1.2379999999999999e+01 1.4960914816816839e-01 
 1.2390000000000001e+01 1.4578297311474220e-01 
 1.2399999999999999e+01 1.4205582155054203e-01 
 1.2410000000000000e+01 1.3840631904164991e-01 
 1.2420000000000000e+01 1.3480663882193733e-01 
 1.2430000000000000e+01 1.3125876774964099e-01 
 1.2440000000000000e+01 1.2776469268299828e-01 
 1.2449999999999999e+01 1.2432640048024655e-01 
 1.2460000000000001e+01 1.2094587799962257e-01 
 1.2469999999999999e+01 1.1762511209936545e-01 
 1.2480000000000000e+01 1.1436608963771022e-01 
 1.2490000000000000e+01 1.1117079747289599e-01 
 1.2500000000000000e+01 1.0804122246315950e-01 
 1.2510000000000000e+01 1.0497935146673813e-01 
 1.2520000000000000e+01 1.0198717134186923e-01 
 1.2530000000000001e+01 9.9066668946789643e-02 
 1.2539999999999999e+01 9.6219831139738282e-02 
 1.2550000000000001e+01 9.3448644778950457e-02 
 1.2559999999999999e+01 9.0755096722665490e-02 
 1.2570000000000000e+01 8.8141173829118846e-02 
 1.2580000000000000e+01 8.5608862956549278e-02 
 1.2590000000000000e+01 8.3160150963193666e-02 
 1.2600000000000000e+01 8.0797024707289389e-02 
 1.2609999999999999e+01 7.8600280896514649e-02 
 1.2620000000000001e+01 7.6651977216149733e-02 
 1.2629999999999999e+01 7.4955991990836621e-02 
 1.2640000000000001e+01 7.3516203545215056e-02 
 1.2649999999999999e+01 7.2336490203927073e-02 
 1.2660000000000000e+01 7.1420730291612777e-02 
 1.2670000000000000e+01 7.0772802132913704e-02 
 1.2680000000000000e+01 7.0396584052470651e-02 
 1.2690000000000000e+01 7.0295954374924585e-02 
 1.2699999999999999e+01 7.0474791424916486e-02 
 1.2710000000000001e+01 7.0936973527087430e-02 
 1.2719999999999999e+01 7.1686379006078077e-02 
 1.2730000000000000e+01 7.2726886186529921e-02 
 1.2740000000000000e+01 7.4062373393083469e-02 
 1.2750000000000000e+01 7.5696718950379840e-02 
 1.2760000000000000e+01 7.7633801183060028e-02 
 1.2770000000000000e+01 7.9877498415764983e-02 
 1.2780000000000001e+01 8.2431688973136186e-02 
 1.2789999999999999e+01 8.5300251179813144e-02 
 1.2800000000000001e+01 8.8487063360438878e-02 
 1.2809999999999999e+01 9.1865306256535093e-02 
 1.2820000000000000e+01 9.5303858972592775e-02 
 1.2830000000000000e+01 9.8800147377698225e-02 
 1.2840000000000000e+01 1.0235159734094011e-01 
 1.2850000000000000e+01 1.0595563473140651e-01 
 1.2859999999999999e+01 1.0960968541818550e-01 
 1.2870000000000001e+01 1.1331117527036585e-01 
 1.2879999999999999e+01 1.1705753015703363e-01 
 1.2890000000000001e+01 1.2084617594727959e-01 
 1.2899999999999999e+01 1.2467453851018914e-01 
 1.2910000000000000e+01 1.2854004371485306e-01 
 1.2920000000000000e+01 1.3244011743035738e-01 
 1.2930000000000000e+01 1.3637218552579089e-01 
 1.2940000000000000e+01 1.4033367387024162e-01 
 1.2949999999999999e+01 1.4432200833279771e-01 
 1.2960000000000001e+01 1.4833461478254792e-01 
 1.2969999999999999e+01 1.5236891908857822e-01 
 1.2980000000000000e+01 1.5642234711997954e-01 
 1.2990000000000000e+01 1.6049232474583777e-01 
 1.3000000000000000e+01 1.6457627783524176e-01 
 1.3010000000000000e+01 1.6870639644304586e-01 
 1.3020000000000000e+01 1.7291075194134725e-01 
 1.3030000000000001e+01 1.7718059217509899e-01 
 1.3039999999999999e+01 1.8150716498925110e-01 
 1.3050000000000001e+01 1.8588171822875893e-01 
 1.3059999999999999e+01 1.9029549973857174e-01 
 1.3070000000000000e+01 1.9473975736364488e-01 
 1.3080000000000000e+01 1.9920573894892835e-01 
 1.3090000000000000e+01 2.0368469233937520e-01 
 1.3100000000000000e+01 2.0816786537993776e-01 
 1.3109999999999999e+01 2.1264650591556833e-01 
 1.3120000000000001e+01 2.1711186179121997e-01 
 1.3129999999999999e+01 2.2155518085184267e-01 
 1.3140000000000001e+01 2.2596771094239182e-01 
 1.3149999999999999e+01 2.3034069990781664e-01 
 1.3160000000000000e+01 2.3466539559307251e-01 
 1.3170000000000000e+01 2.3893304584310943e-01 
 1.3180000000000000e+01 2.4313489850288045e-01 
 1.3190000000000000e+01 2.4726220141733785e-01 
 1.3199999999999999e+01 2.5130620243143403e-01 
 1.3210000000000001e+01 2.5516942555601108e-01 
 1.3219999999999999e+01 2.5876139555828587e-01 
 1.3230000000000000e+01 2.6208386141777923e-01 
 1.3240000000000000e+01 2.6513857211400776e-01 
 1.3250000000000000e+01 2.6792727662649030e-01 
 1.3260000000000000e+01 2.7045172393474531e-01 
 1.3270000000000000e+01 2.7271366301829109e-01 
 1.3280000000000001e+01 2.7471484285664627e-01 
 1.3289999999999999e+01 2.7645701242932824e-01 
 1.3300000000000001e+01 2.7794192071585661e-01 
 1.3309999999999999e+01 2.7917131669574863e-01 
 1.3320000000000000e+01 2.8014694934852347e-01 
 1.3330000000000000e+01 2.8087056765369900e-01 
 1.3340000000000000e+01 2.8134392059079372e-01 
 1.3350000000000000e+01 2.8156875713932589e-01 
 1.3359999999999999e+01 2.8154682627881394e-01 
 1.3370000000000001e+01 2.8127987698877616e-01 
 1.3379999999999999e+01 2.8076965824873101e-01 
 1.3390000000000001e+01 2.8001791903819656e-01 
 1.3399999999999999e+01 2.7902640833669168e-01 
 1.3410000000000000e+01 2.7781970870638234e-01 
 1.3420000000000000e+01 2.7642428314160616e-01 
 1.3430000000000000e+01 2.7484470127013672e-01 
 1.3440000000000000e+01 2.7308553271974767e-01 
 1.3449999999999999e+01 2.7115134711821282e-01 
 1.3460000000000001e+01 2.6904671409330544e-01 
 1.3469999999999999e+01 2.6677620327280044e-01 
 1.3480000000000000e+01 2.6434438428446988e-01 
 1.3490000000000000e+01 2.6175582675608883e-01 
 1.3500000000000000e+01 2.5901510031543057e-01 
 1.3510000000000000e+01 2.5612677459026878e-01 
 1.3520000000000000e+01 2.5309541920837725e-01 
 1.3530000000000001e+01 2.4992560379752909e-01 
 1.3539999999999999e+01 2.4662189798549977e-01 
 1.3550000000000001e+01 2.4318887140006062e-01 
 1.3559999999999999e+01 2.3963109366898785e-01 
 1.3570000000000000e+01 2.3595313442005267e-01 
 1.3580000000000000e+01 2.3215956328103068e-01 
 1.3590000000000000e+01 2.2825494987969502e-01 
 1.3600000000000000e+01 2.2424386384381939e-01 
 1.3609999999999999e+01 2.2009393742622527e-01 
 1.3620000000000001e+01 2.1578177799786746e-01 
 1.3629999999999999e+01 2.1132541786372327e-01 
 1.3640000000000001e+01 2.0674288932876445e-01 
 1.3649999999999999e+01 2.0205222469796924e-01 
 1.3660000000000000e+01 1.9727145627630921e-01 
 1.3670000000000000e+01 1.9241861636876184e-01 
 1.3680000000000000e+01 1.8751173728030124e-01 
 1.3690000000000000e+01 1.8256885131590234e-01 
 1.3699999999999999e+01 1.7760799078054010e-01 
 1.3710000000000001e+01 1.7264718797918854e-01 
 1.3719999999999999e+01 1.6770447521682530e-01 
 1.3730000000000000e+01 1.6279788479842178e-01 
 1.3740000000000000e+01 1.5794544902895555e-01 
 1.3750000000000000e+01 1.5316520021340069e-01 
 1.3760000000000000e+01 1.4847517065673210e-01 
 1.3770000000000000e+01 1.4389339266392476e-01 
 1.3780000000000001e+01 1.3943789853995284e-01 
 1.3789999999999999e+01 1.3512672058979358e-01 
 1.3800000000000001e+01 1.3097789111841895e-01 
 1.3809999999999999e+01 1.2696464978230051e-01 
 1.3820000000000000e+01 1.2305139050043615e-01 
 1.3830000000000000e+01 1.1924287697160098e-01 
 1.3840000000000000e+01 1.1554387289456731e-01 
 1.3850000000000000e+01 1.1195914196810815e-01 
 1.3859999999999999e+01 1.0849344789099648e-01 
 1.3870000000000001e+01 1.0515155436200471e-01 
 1.3879999999999999e+01 1.0193822507990763e-01 
 1.3890000000000001e+01 9.8858223743475915e-02 
 1.3899999999999999e+01 9.5916314051484791e-02 
 1.3910000000000000e+01 9.3117259702705124e-02 
 1.3920000000000000e+01 9.0465824395911484e-02 
 1.3930000000000000e+01 8.7966771829876361e-02 
 1.3940000000000000e+01 8.5624865703372716e-02 
 1.3949999999999999e+01 8.3444869715173592e-02 
 1.3960000000000001e+01 8.1431547564051632e-02 
 1.3969999999999999e+01 7.9589662948780865e-02 
 1.3980000000000000e+01 7.7923979568132989e-02 
 1.3990000000000000e+01 7.6439261120881924e-02 
 1.4000000000000000e+01 7.5140271305800366e-02 
 1.4010000000000000e+01 7.4051355609716582e-02 
 1.4020000000000000e+01 7.3195379445031170e-02 
 1.4030000000000001e+01 7.2574886398875535e-02 
 1.4039999999999999e+01 7.2192420058381473e-02 
 1.4050000000000001e+01 7.2050524010680198e-02 
 1.4059999999999999e+01 7.2151741842903322e-02 
 1.4070000000000000e+01 7.2498617142182434e-02 
 1.4080000000000000e+01 7.3093693495648912e-02 
 1.4090000000000000e+01 7.3939514490434316e-02 
 1.4100000000000000e+01 7.5038623713670149e-02 
 1.4109999999999999e+01 7.6393564752487902e-02 
 1.4120000000000001e+01 7.8006881194019426e-02 
 1.4129999999999999e+01 7.9881116625395265e-02 
 1.4140000000000001e+01 8.2018814633748272e-02 
 1.4149999999999999e+01 8.4422518806208435e-02 
 1.4160000000000000e+01 8.7094772729908967e-02 
 1.4170000000000000e+01 9.0038119991980040e-02 
 1.4180000000000000e+01 9.3255104179553586e-02 
 1.4190000000000000e+01 9.6748268879761151e-02 
 1.4199999999999999e+01 1.0052015767973418e-01 
 1.4210000000000001e+01 1.0446838313128277e-01 
 1.4219999999999999e+01 1.0848413112591496e-01 
 1.4230000000000000e+01 1.1256030526031648e-01 
 1.4240000000000000e+01 1.1668980913116807e-01 
 1.4250000000000000e+01 1.2086554633515335e-01 
 1.4260000000000000e+01 1.2508042046895521e-01 
 1.4270000000000000e+01 1.2932733512925654e-01 
 1.4280000000000001e+01 1.3359919391274097e-01 
 1.4289999999999999e+01 1.3788890041608914e-01 
 1.4300000000000001e+01 1.4218935823598700e-01 
 1.4309999999999999e+01 1.4649347096911433e-01 
 1.4320000000000000e+01 1.5079414221215712e-01 
 1.4330000000000000e+01 1.5508427556179594e-01 
 1.4340000000000000e+01 1.5935677461471448e-01 
 1.4350000000000000e+01 1.6360454296759563e-01 
 1.4359999999999999e+01 1.6782048421712226e-01 
 1.4370000000000001e+01 1.7199750195997798e-01 
 1.4379999999999999e+01 1.7612849979284351e-01 
 1.4390000000000001e+01 1.8020638131240468e-01 
 1.4399999999999999e+01 1.8422405011534143e-01 
 1.4410000000000000e+01 1.8820470261912095e-01 
 1.4420000000000000e+01 1.9217491145618990e-01 
 1.4430000000000000e+01 1.9613264454570867e-01 
 1.4440000000000000e+01 2.0007586980683689e-01 
 1.4449999999999999e+01 2.0400255515873431e-01 
 1.4460000000000001e+01 2.0791066852056123e-01 
 1.4469999999999999e+01 2.1179817781147528e-01 
 1.4480000000000000e+01 2.1566305095063890e-01 
 1.4490000000000000e+01 2.1950325585720967e-01 
 1.4500000000000000e+01 2.2331676045034798e-01 
 1.4510000000000000e+01 2.2710153264921346e-01 
 1.4520000000000000e+01 2.3085554037296585e-01 
 1.4530000000000001e+01 2.3457675154076540e-01 
 1.4539999999999999e+01 2.3826313407176991e-01 
 1.4550000000000001e+01 2.4191265588514158e-01 
 1.4559999999999999e+01 2.4552328490003753e-01 
 1.4570000000000000e+01 2.4909298903561999e-01 
 1.4580000000000000e+01 2.5261973621104672e-01 
 1.4590000000000000e+01 2.5610149434547808e-01 
 1.4600000000000000e+01 2.5953623135807369e-01 
 1.4609999999999999e+01 2.6278969417031545e-01 
 1.4620000000000001e+01 2.6573208901512657e-01 
 1.4629999999999999e+01 2.6836807277882629e-01 
 1.4640000000000001e+01 2.7070230234773718e-01 
 1.4649999999999999e+01 2.7273943460817834e-01 
 1.4660000000000000e+01 2.7448412644647191e-01 
 1.4670000000000000e+01 2.7594103474893772e-01 
 1.4680000000000000e+01 2.7711481640189678e-01 
 1.4690000000000000e+01 2.7801012829166982e-01 
 1.4699999999999999e+01 2.7863162730457763e-01 
 1.4710000000000001e+01 2.7898397032694094e-01 
 1.4719999999999999e+01 2.7907181424508037e-01 
 1.4730000000000000e+01 2.7889981594531682e-01 
 1.4740000000000000e+01 2.7847263231397090e-01 
 1.4750000000000000e+01 2.7779492023736352e-01 
 1.4760000000000000e+01 2.7687133660181523e-01 
 1.4770000000000000e+01 2.7570653829364694e-01 
 1.4780000000000001e+01 2.7430518219917904e-01 
 1.4789999999999999e+01 2.7267192520473305e-01 
 1.4800000000000001e+01 2.7081142419662863e-01 
 1.4809999999999999e+01 2.6879067988064953e-01 
 1.4820000000000000e+01 2.6667501638708635e-01 
 1.4830000000000000e+01 2.6446657573902521e-01 
 1.4840000000000000e+01 2.6216749995955069e-01 
 1.4850000000000000e+01 2.5977993107174768e-01 
 1.4859999999999999e+01 2.5730601109870127e-01 
 1.4870000000000001e+01 2.5474788206349586e-01 
 1.4879999999999999e+01 2.5210768598921784e-01 
 1.4890000000000001e+01 2.4938756489895031e-01 
 1.4899999999999999e+01 2.4658966081578013e-01 
 1.4910000000000000e+01 2.4371611576279034e-01 
 1.4920000000000000e+01 2.4076907176306736e-01 
 1.4930000000000000e+01 2.3775067083969567e-01 
 1.4940000000000000e+01 2.3466305501576024e-01 
 1.4949999999999999e+01 2.3150836631434601e-01 
 1.4960000000000001e+01 2.2828874675853741e-01 
 1.4969999999999999e+01 2.2500633837142112e-01 
 1.4980000000000000e+01 2.2166328317607978e-01 
 1.4990000000000000e+01 2.1826172319560008e-01 
 1.5000000000000000e+01 2.1480380045306646e-01 
 1.5010000000000000e+01 2.1126171313595754e-01 
 1.5020000000000000e+01 2.0761437804370558e-01 
 1.5030000000000001e+01 2.0387401511732528e-01 
 1.5039999999999999e+01 2.0005284429783399e-01 
 1.5050000000000001e+01 1.9616308552624431e-01 
 1.5059999999999999e+01 1.9221695874357439e-01 
 1.5070000000000000e+01 1.8822668389083674e-01 
 1.5080000000000000e+01 1.8420448090904884e-01 
 1.5090000000000000e+01 1.8016256973922534e-01 
 1.5100000000000000e+01 1.7611317032238155e-01 
 1.5109999999999999e+01 1.7206850259953282e-01 
 1.5120000000000001e+01 1.6804078651169380e-01 
 1.5129999999999999e+01 1.6404224199988199e-01 
 1.5140000000000001e+01 1.6008508900510984e-01 
 1.5149999999999999e+01 1.5618154746839558e-01 
 1.5160000000000000e+01 1.5234383733075169e-01 
 1.5170000000000000e+01 1.4858417853319567e-01 
 1.5180000000000000e+01 1.4491479101674209e-01 
 1.5190000000000000e+01 1.4134789472240639e-01 
 1.5199999999999999e+01 1.3789570959120384e-01 
 1.5210000000000001e+01 1.3456688862990918e-01 
 1.5219999999999999e+01 1.3136272463507234e-01 
 1.5230000000000000e+01 1.2828439723236576e-01 
 1.5240000000000000e+01 1.2533308604746574e-01 
 1.5250000000000000e+01 1.2250997070604644e-01 
 1.5260000000000000e+01 1.1981623083378254e-01 
 1.5270000000000000e+01 1.1725304605634870e-01 
 1.5280000000000001e+01 1.1482159599941920e-01 
 1.5289999999999999e+01 1.1252306028866997e-01 
 1.5300000000000001e+01 1.1035861854977407e-01 
 1.5309999999999999e+01 1.0832945040840770e-01 
 1.5320000000000000e+01 1.0643673549024413e-01 
 1.5330000000000000e+01 1.0468165342095906e-01 
 1.5340000000000000e+01 1.0306538382622682e-01 
 1.5350000000000000e+01 1.0158910633172213e-01 
 1.5359999999999999e+01 1.0025400056311962e-01 
 1.5370000000000001e+01 9.9061246146093809e-02 
 1.5379999999999999e+01 9.8012022706319951e-02 
 1.5390000000000001e+01 9.7107509869472003e-02 
 1.5399999999999999e+01 9.6348887261225286e-02 
 1.5410000000000000e+01 9.5729997800751185e-02 
 1.5420000000000000e+01 9.5247045068084513e-02 
 1.5430000000000000e+01 9.4904749680193523e-02 
 1.5440000000000000e+01 9.4707832254046581e-02 
 1.5449999999999999e+01 9.4661013406612093e-02 
 1.5460000000000001e+01 9.4769013754858453e-02 
 1.5469999999999999e+01 9.5036553915753955e-02 
 1.5480000000000000e+01 9.5468354506267145e-02 
 1.5490000000000000e+01 9.6069136143366249e-02 
 1.5500000000000000e+01 9.6843619444019674e-02 
 1.5510000000000000e+01 9.7796525025195827e-02 
 1.5520000000000000e+01 9.8932573503863086e-02 
 1.5530000000000001e+01 1.0025648549699008e-01 
 1.5539999999999999e+01 1.0177298162154443e-01 
 1.5550000000000001e+01 1.0348678249449557e-01 
 1.5559999999999999e+01 1.0540260873281071e-01 
 1.5570000000000000e+01 1.0752518095345956e-01 
 1.5580000000000000e+01 1.0985921977340943e-01 
 1.5590000000000000e+01 1.1240944580962905e-01 
 1.5600000000000000e+01 1.1518057967908685e-01 
 1.5609999999999999e+01 1.1808040047542415e-01 
 1.5620000000000001e+01 1.2101134583688805e-01 
 1.5629999999999999e+01 1.2397012419735320e-01 
 1.5640000000000001e+01 1.2695344399069788e-01 
 1.5649999999999999e+01 1.2995801365079623e-01 
 1.5660000000000000e+01 1.3298054161152656e-01 
 1.5670000000000000e+01 1.3601773630676345e-01 
 1.5680000000000000e+01 1.3906630617038368e-01 
 1.5690000000000000e+01 1.4212295963626342e-01 
 1.5699999999999999e+01 1.4518440513827893e-01 
 1.5710000000000001e+01 1.4824735111030693e-01 
 1.5719999999999999e+01 1.5130850598622200e-01 
 1.5730000000000000e+01 1.5436457819990251e-01 
 1.5740000000000000e+01 1.5741227618522308e-01 
 1.5750000000000000e+01 1.6044830837606039e-01 
 1.5760000000000000e+01 1.6346938320629073e-01 
 1.5770000000000000e+01 1.6647220910979024e-01 
 1.5780000000000001e+01 1.6945349452043568e-01 
 1.5789999999999999e+01 1.7240994787210170e-01 
 1.5800000000000001e+01 1.7533827759866660e-01 
 1.5809999999999999e+01 1.7824875161411083e-01 
 1.5820000000000000e+01 1.8115335555441792e-01 
 1.5830000000000000e+01 1.8405137443646080e-01 
 1.5840000000000000e+01 1.8694209327711453e-01 
 1.5850000000000000e+01 1.8982479709325359e-01 
 1.5859999999999999e+01 1.9269877090175250e-01 
 1.5870000000000001e+01 1.9556329971948627e-01 
 1.5879999999999999e+01 1.9841766856332793e-01 
 1.5890000000000001e+01 2.0126116245015396e-01 
 1.5900000000000000e+01 2.0409306639683739e-01 
 1.5910000000000000e+01 2.0691266542025319e-01 
 1.5920000000000000e+01 2.0971924453727592e-01 
 1.5930000000000000e+01 2.1251208876478006e-01 
 1.5940000000000000e+01 2.1529048311964011e-01 
 1.5949999999999999e+01 2.1805371261873063e-01 
 1.5960000000000001e+01 2.2080106227892654e-01 
 1.5969999999999999e+01 2.2353181711710096e-01 
 1.5980000000000000e+01 2.2624526215013033e-01 
 1.5990000000000000e+01 2.2894068239488766e-01 
 1.6000000000000000e+01 2.3161736286824797e-01 
 1.6009999999999998e+01 2.3416611044035976e-01 
 1.6020000000000000e+01 2.3648188077094123e-01 
 1.6030000000000001e+01 2.3857018206121791e-01 
 1.6039999999999999e+01 2.4043652251241562e-01 
 1.6050000000000001e+01 2.4208641032576211e-01 
 1.6059999999999999e+01 2.4352535370248271e-01 
 1.6070000000000000e+01 2.4475886084380488e-01 
 1.6079999999999998e+01 2.4579243995095421e-01 
 1.6090000000000000e+01 2.4663159922515787e-01 
 1.6100000000000001e+01 2.4728184686764193e-01 
 1.6109999999999999e+01 2.4774869107963271e-01 
 1.6120000000000001e+01 2.4803764006235701e-01 
 1.6129999999999999e+01 2.4815420201704105e-01 
 1.6140000000000001e+01 2.4810388514491141e-01 
 1.6149999999999999e+01 2.4789219764719456e-01 
 1.6160000000000000e+01 2.4752464772511681e-01 
 1.6170000000000002e+01 2.4700674357990465e-01 
 1.6180000000000000e+01 2.4634399341278485e-01 
 1.6190000000000001e+01 2.4554190542498333e-01 
 1.6199999999999999e+01 2.4460598781772713e-01 
 1.6210000000000001e+01 2.4355139774724913e-01 
 1.6219999999999999e+01 2.4239023474791463e-01 
 1.6230000000000000e+01 2.4112342058814601e-01 
 1.6239999999999998e+01 2.3975187703636727e-01 
 1.6250000000000000e+01 2.3827652586100059e-01 
 1.6259999999999998e+01 2.3669828883047020e-01 
 1.6270000000000000e+01 2.3501808771319810e-01 
 1.6280000000000001e+01 2.3323684427760796e-01 
 1.6289999999999999e+01 2.3135548029212366e-01 
 1.6300000000000001e+01 2.2937491752516698e-01 
 1.6309999999999999e+01 2.2729607774516247e-01 
 1.6320000000000000e+01 2.2511988272053179e-01 
 1.6329999999999998e+01 2.2284725421969967e-01 
 1.6340000000000000e+01 2.2047911401108763e-01 
 1.6350000000000001e+01 2.1801638386311958e-01 
 1.6359999999999999e+01 2.1545998554421963e-01 
 1.6370000000000001e+01 2.1281084082280910e-01 
 1.6379999999999999e+01 2.1006987146731299e-01 
 1.6390000000000001e+01 2.0723799924615252e-01 
 1.6399999999999999e+01 2.0431614592775288e-01 
 1.6410000000000000e+01 2.0129674928068950e-01 
 1.6420000000000002e+01 1.9817879101828750e-01 
 1.6430000000000000e+01 1.9497300882609109e-01 
 1.6440000000000001e+01 1.9169014038964091e-01 
 1.6449999999999999e+01 1.8834092339448227e-01 
 1.6460000000000001e+01 1.8493609552615584e-01 
 1.6469999999999999e+01 1.8148639447020698e-01 
 1.6480000000000000e+01 1.7800255791217623e-01 
 1.6489999999999998e+01 1.7449532353760902e-01 
 1.6500000000000000e+01 1.7097542903204588e-01 
 1.6509999999999998e+01 1.6745361208103229e-01 
 1.6520000000000000e+01 1.6394061037010871e-01 
 1.6530000000000001e+01 1.6044716158481939e-01 
 1.6539999999999999e+01 1.5698400341070856e-01 
 1.6550000000000001e+01 1.5356187353331674e-01 
 1.6559999999999999e+01 1.5019150963818931e-01 
 1.6570000000000000e+01 1.4688364941086687e-01 
 1.6579999999999998e+01 1.4364903053689479e-01 
 1.6590000000000000e+01 1.4049839070181375e-01 
 1.6600000000000001e+01 1.3744246759116785e-01 
 1.6609999999999999e+01 1.3446796842001857e-01 
 1.6620000000000001e+01 1.3155556693068640e-01 
 1.6629999999999999e+01 1.2870695059960985e-01 
 1.6640000000000001e+01 1.2592380690322325e-01 
 1.6649999999999999e+01 1.2320782331796505e-01 
 1.6660000000000000e+01 1.2056068732026970e-01 
 1.6670000000000002e+01 1.1798408638657457e-01 
 1.6680000000000000e+01 1.1547970799331694e-01 
 1.6690000000000001e+01 1.1304923961693145e-01 
 1.6699999999999999e+01 1.1069436873385624e-01 
 1.6710000000000001e+01 1.0841678282052603e-01 
 1.6719999999999999e+01 1.0621816935337883e-01 
 1.6730000000000000e+01 1.0410021580884948e-01 
 1.6739999999999998e+01 1.0206460966337594e-01 
 1.6750000000000000e+01 1.0011303839339314e-01 
 1.6759999999999998e+01 9.8247189475338836e-02 
 1.6770000000000000e+01 9.6468750385648158e-02 
 1.6780000000000001e+01 9.4779408600758161e-02 
 1.6789999999999999e+01 9.3180851597105818e-02 
 1.6800000000000001e+01 9.1674766851126410e-02 
 1.6809999999999999e+01 9.0298525691240542e-02 
 1.6820000000000000e+01 8.9091766428224112e-02 
 1.6829999999999998e+01 8.8059577012050333e-02 
 1.6840000000000000e+01 8.7207045392690821e-02 
 1.6850000000000001e+01 8.6539259520118317e-02 
 1.6859999999999999e+01 8.6061307344305296e-02 
 1.6870000000000001e+01 8.5778276815223778e-02 
 1.6879999999999999e+01 8.5695255882846308e-02 
 1.6890000000000001e+01 8.5817332497145155e-02 
 1.6899999999999999e+01 8.6149594608092600e-02 
 1.6910000000000000e+01 8.6697130165661204e-02 
 1.6920000000000002e+01 8.7465027119823235e-02 
 1.6930000000000000e+01 8.8458373420550671e-02 
 1.6940000000000001e+01 8.9682257017816541e-02 
 1.6949999999999999e+01 9.1141765861592325e-02 
 1.6960000000000001e+01 9.2841987901851414e-02 
 1.6969999999999999e+01 9.4788011088564925e-02 
 1.6980000000000000e+01 9.6984923371706611e-02 
 1.6989999999999998e+01 9.9437812701247227e-02 
 1.7000000000000000e+01 1.0215176702716089e-01 
 1.7009999999999998e+01 1.0501164038075959e-01 
 1.7020000000000000e+01 1.0789813739572139e-01 
 1.7030000000000001e+01 1.1081012192556092e-01 
 1.7039999999999999e+01 1.1374645782379275e-01 
 1.7050000000000001e+01 1.1670600894393458e-01 
 1.7059999999999999e+01 1.1968763913949995e-01 
 1.7070000000000000e+01 1.2269021226400659e-01 
 1.7079999999999998e+01 1.2571259217096797e-01 
 1.7090000000000000e+01 1.2875364271390191e-01 
 1.7100000000000001e+01 1.3181222774632292e-01 
 1.7109999999999999e+01 1.3488721112174556e-01 
 1.7120000000000001e+01 1.3797745669368761e-01 
 1.7129999999999999e+01 1.4108182831566252e-01 
 1.7140000000000001e+01 1.4419918984118807e-01 
 1.7149999999999999e+01 1.4732840512377776e-01 
 1.7160000000000000e+01 1.5046833801694937e-01 
 1.7170000000000002e+01 1.5361785237421743e-01 
 1.7180000000000000e+01 1.5677581204909644e-01 
 1.7190000000000001e+01 1.5994108089510425e-01 
 1.7199999999999999e+01 1.6311252276575428e-01 
 1.7210000000000001e+01 1.6630621465113496e-01 
 1.7219999999999999e+01 1.6953612234687568e-01 
 1.7230000000000000e+01 1.7279794291481243e-01 
 1.7239999999999998e+01 1.7608737341677666e-01 
 1.7250000000000000e+01 1.7940011091460439e-01 
 1.7259999999999998e+01 1.8273185247012702e-01 
 1.7270000000000000e+01 1.8607829514518065e-01 
 1.7280000000000001e+01 1.8943513600159778e-01 
 1.7289999999999999e+01 1.9279807210121100e-01 
 1.7300000000000001e+01 1.9616280050585641e-01 
 1.7309999999999999e+01 1.9952501827736532e-01 
 1.7320000000000000e+01 2.0288042247757387e-01 
 1.7329999999999998e+01 2.0622471016831340e-01 
 1.7340000000000000e+01 2.0955357841142003e-01 
 1.7350000000000001e+01 2.1286272426872627e-01 
 1.7359999999999999e+01 2.1614784480206470e-01 
 1.7370000000000001e+01 2.1940463707327135e-01 
 1.7379999999999999e+01 2.2262879814417769e-01 
 1.7390000000000001e+01 2.2581602507661969e-01 
 1.7399999999999999e+01 2.2896201493242885e-01 
 1.7410000000000000e+01 2.3196542609683526e-01 
 1.7420000000000002e+01 2.3473000374726927e-01 
 1.7430000000000000e+01 2.3725907513386935e-01 
 1.7440000000000001e+01 2.3955596750677657e-01 
 1.7449999999999999e+01 2.4162400811612864e-01 
 1.7460000000000001e+01 2.4346652421206633e-01 
 1.7469999999999999e+01 2.4508684304472764e-01 
 1.7480000000000000e+01 2.4648829186425300e-01 
 1.7489999999999998e+01 2.4767419792078080e-01 
 1.7500000000000000e+01 2.4864788846445110e-01 
 1.7509999999999998e+01 2.4941269074540259e-01 
 1.7520000000000000e+01 2.4997193201377507e-01 
 1.7530000000000001e+01 2.5032893951970758e-01 
 1.7539999999999999e+01 2.5048704051333937e-01 
 1.7550000000000001e+01 2.5044956224480991e-01 
 1.7559999999999999e+01 2.5021983196425851e-01 
 1.7570000000000000e+01 2.4980117692182435e-01 
 1.7579999999999998e+01 2.4919692436764695e-01 
 1.7590000000000000e+01 2.4841040155186528e-01 
 1.7600000000000001e+01 2.4744493572461879e-01 
 1.7609999999999999e+01 2.4631975136545084e-01 
 1.7620000000000001e+01 2.4505411427911894e-01 
 1.7629999999999999e+01 2.4365141370358637e-01 
 1.7640000000000001e+01 2.4211503887681460e-01 
 1.7649999999999999e+01 2.4044837903676705e-01 
 1.7660000000000000e+01 2.3865482342140501e-01 
 1.7670000000000002e+01 2.3673776126869139e-01 
 1.7680000000000000e+01 2.3470058181658937e-01 
 1.7690000000000001e+01 2.3254667430305989e-01 
 1.7699999999999999e+01 2.3027942796606690e-01 
 1.7710000000000001e+01 2.2790223204357116e-01 
 1.7719999999999999e+01 2.2541847577353680e-01 
 1.7730000000000000e+01 2.2283154839392441e-01 
 1.7739999999999998e+01 2.2014483914269828e-01 
 1.7750000000000000e+01 2.1736173725781888e-01 
 1.7759999999999998e+01 2.1448563197725057e-01 
 1.7770000000000000e+01 2.1151991253895372e-01 
 1.7780000000000001e+01 2.0846796818089175e-01 
 1.7789999999999999e+01 2.0533318814102819e-01 
 1.7800000000000001e+01 2.0211896165732324e-01 
 1.7809999999999999e+01 1.9879889923769498e-01 
 1.7820000000000000e+01 1.9535361103821336e-01 
 1.7829999999999998e+01 1.9179698576907803e-01 
 1.7840000000000000e+01 1.8814291214048356e-01 
 1.7850000000000001e+01 1.8440527886262839e-01 
 1.7859999999999999e+01 1.8059797464571101e-01 
 1.7870000000000001e+01 1.7673488819992589e-01 
 1.7879999999999999e+01 1.7282990823547284e-01 
 1.7890000000000001e+01 1.6889692346254634e-01 
 1.7899999999999999e+01 1.6494982259134625e-01 
 1.7910000000000000e+01 1.6100249433206693e-01 
 1.7920000000000002e+01 1.5706882739490696e-01 
 1.7930000000000000e+01 1.5316271049006483e-01 
 1.7940000000000001e+01 1.4929803232773498e-01 
 1.7949999999999999e+01 1.4548868161811720e-01 
 1.7960000000000001e+01 1.4174854707140602e-01 
 1.7969999999999999e+01 1.3809151739780121e-01 
 1.7980000000000000e+01 1.3453148130749731e-01 
 1.7989999999999998e+01 1.3108232751069399e-01 
 1.8000000000000000e+01 1.2775794471758595e-01 
 1.8010000000000002e+01 1.2454247556195504e-01 
 1.8020000000000000e+01 1.2141297110332810e-01 
 1.8030000000000001e+01 1.1837268269051786e-01 
 1.8039999999999999e+01 1.1542486167234134e-01 
 1.8050000000000001e+01 1.1257275939761138e-01 
 1.8059999999999999e+01 1.0981962721514492e-01 
 1.8070000000000000e+01 1.0716871647375489e-01 
 1.8079999999999998e+01 1.0462327852225811e-01 
 1.8090000000000000e+01 1.0218656470946766e-01 
 1.8100000000000001e+01 9.9861826384199395e-02 
 1.8109999999999999e+01 9.7652314895268974e-02 
 1.8120000000000001e+01 9.5561281591489744e-02 
 1.8129999999999999e+01 9.3591977821678093e-02 
 1.8140000000000001e+01 9.1747654934647538e-02 
 1.8149999999999999e+01 9.0031564279214299e-02 
 1.8160000000000000e+01 8.8446957204192045e-02 
 1.8170000000000002e+01 8.6997085058396373e-02 
 1.8180000000000000e+01 8.5685199190642575e-02 
 1.8190000000000001e+01 8.4514550949744666e-02 
 1.8199999999999999e+01 8.3488391684518382e-02 
 1.8210000000000001e+01 8.2631351833617098e-02 
 1.8219999999999999e+01 8.1967085263938422e-02 
 1.8230000000000000e+01 8.1497378466661163e-02 
 1.8239999999999998e+01 8.1224017932964909e-02 
 1.8250000000000000e+01 8.1148790154028719e-02 
 1.8260000000000002e+01 8.1273481621031998e-02 
 1.8270000000000000e+01 8.1599878825153863e-02 
 1.8280000000000001e+01 8.2129768257573801e-02 
 1.8289999999999999e+01 8.2864936409470694e-02 
 1.8300000000000001e+01 8.3807169772024348e-02 
 1.8309999999999999e+01 8.4958254836413324e-02 
 1.8320000000000000e+01 8.6319978093817737e-02 
 1.8329999999999998e+01 8.7894126035415854e-02 
 1.8340000000000000e+01 8.9682485152388081e-02 
 1.8350000000000001e+01 9.1686841935913144e-02 
 1.8359999999999999e+01 9.3908982877169492e-02 
 1.8370000000000001e+01 9.6350694467337961e-02 
 1.8379999999999999e+01 9.9013763197596055e-02 
 1.8390000000000001e+01 1.0189997555912499e-01 
 1.8399999999999999e+01 1.0501111804310190e-01 
 1.8410000000000000e+01 1.0827108235414219e-01 
 1.8420000000000002e+01 1.1159791937707592e-01 
 1.8430000000000000e+01 1.1498465437340823e-01 
 1.8440000000000001e+01 1.1842431260464792e-01 
 1.8449999999999999e+01 1.2190991933229892e-01 
 1.8460000000000001e+01 1.2543449981787008e-01 
 1.8469999999999999e+01 1.2899107932286530e-01 
 1.8480000000000000e+01 1.3257268310879347e-01 
 1.8489999999999998e+01 1.3617233643715843e-01 
 1.8500000000000000e+01 1.3978306456946910e-01 
 1.8510000000000002e+01 1.4339789276723058e-01 
 1.8520000000000000e+01 1.4700984629194802e-01 
 1.8530000000000001e+01 1.5061195040513031e-01 
 1.8539999999999999e+01 1.5419723036828126e-01 
 1.8550000000000001e+01 1.5775871144290987e-01 
 1.8559999999999999e+01 1.6128941889051990e-01 
 1.8570000000000000e+01 1.6478237797262030e-01 
 1.8579999999999998e+01 1.6823061395071495e-01 
 1.8590000000000000e+01 1.7162715208631268e-01 
 1.8600000000000001e+01 1.7496501764091865e-01 
 1.8609999999999999e+01 1.7826585309848697e-01 
 1.8620000000000001e+01 1.8155468797628169e-01 
 1.8629999999999999e+01 1.8482962808576642e-01 
 1.8640000000000001e+01 1.8808877923840939e-01 
 1.8649999999999999e+01 1.9133024724567424e-01 
 1.8660000000000000e+01 1.9455213791902920e-01 
 1.8670000000000002e+01 1.9775255706993908e-01 
 1.8680000000000000e+01 2.0092961050986866e-01 
 1.8690000000000001e+01 2.0408140405028613e-01 
 1.8699999999999999e+01 2.0720604350265523e-01 
 1.8710000000000001e+01 2.1030163467844407e-01 
 1.8719999999999999e+01 2.1336628338911640e-01 
 1.8730000000000000e+01 2.1639809544614036e-01 
 1.8739999999999998e+01 2.1939517666097968e-01 
 1.8750000000000000e+01 2.2235563284510246e-01 
 1.8760000000000002e+01 2.2527756980997354e-01 
 1.8770000000000000e+01 2.2815909336705789e-01 
 1.8780000000000001e+01 2.3099830932782345e-01 
 1.8789999999999999e+01 2.3379332350373416e-01 
 1.8800000000000001e+01 2.3654224170625793e-01 
 1.8809999999999999e+01 2.3913345595032828e-01 
 1.8820000000000000e+01 2.4145829651936435e-01 
 1.8829999999999998e+01 2.4351927662755329e-01 
 1.8840000000000000e+01 2.4531890948908541e-01 
 1.8850000000000001e+01 2.4685970831814874e-01 
 1.8859999999999999e+01 2.4814418632893165e-01 
 1.8870000000000001e+01 2.4917485673562390e-01 
 1.8879999999999999e+01 2.4995423275241352e-01 
 1.8890000000000001e+01 2.5048482759348994e-01 
 1.8899999999999999e+01 2.5076915447304154e-01 
 1.8910000000000000e+01 2.5080972660525730e-01 
 1.8920000000000002e+01 2.5060905720432602e-01 
 1.8930000000000000e+01 2.5016965948443659e-01 
 1.8940000000000001e+01 2.4949404665977754e-01 
 1.8949999999999999e+01 2.4858473194453817e-01 
 1.8960000000000001e+01 2.4744422855290665e-01 
 1.8969999999999999e+01 2.4607504969907257e-01 
 1.8980000000000000e+01 2.4447970859722382e-01 
 1.8989999999999998e+01 2.4266071846155032e-01 
 1.9000000000000000e+01 2.4062059250623957e-01 
 1.9010000000000002e+01 2.3843126297486633e-01 
 1.9020000000000000e+01 2.3616463889178546e-01 
 1.9030000000000001e+01 2.3382319864235404e-01 
 1.9039999999999999e+01 2.3140942061193248e-01 
 1.9050000000000001e+01 2.2892578318587770e-01 
 1.9059999999999999e+01 2.2637476474955018e-01 
 1.9070000000000000e+01 2.2375884368830681e-01 
 1.9079999999999998e+01 2.2108049838750812e-01 
 1.9090000000000000e+01 2.1834220723251097e-01 
 1.9100000000000001e+01 2.1554644860867492e-01 
 1.9109999999999999e+01 2.1269570090135972e-01 
 1.9120000000000001e+01 2.0979244249592208e-01 
 1.9129999999999999e+01 2.0683915177772269e-01 
 1.9140000000000001e+01 2.0383830713211820e-01 
 1.9149999999999999e+01 2.0079238694446938e-01 
 1.9160000000000000e+01 1.9770386960013284e-01 
 1.9170000000000002e+01 1.9457523348446831e-01 
 1.9180000000000000e+01 1.9140895698283558e-01 
 1.9190000000000001e+01 1.8820751848059117e-01 
 1.9199999999999999e+01 1.8497339636309601e-01 
 1.9210000000000001e+01 1.8167541090374056e-01 
 1.9219999999999999e+01 1.7828769516415816e-01 
 1.9230000000000000e+01 1.7482069671206230e-01 
 1.9239999999999998e+01 1.7128486311517144e-01 
 1.9250000000000000e+01 1.6769064194119901e-01 
 1.9260000000000002e+01 1.6404848075786224e-01 
 1.9270000000000000e+01 1.6036882713287839e-01 
 1.9280000000000001e+01 1.5666212863396084e-01 
 1.9289999999999999e+01 1.5293883282882814e-01 
 1.9300000000000001e+01 1.4920938728519367e-01 
 1.9309999999999999e+01 1.4548423957077600e-01 
 1.9320000000000000e+01 1.4177383725328843e-01 
 1.9329999999999998e+01 1.3808862790044962e-01 
 1.9340000000000000e+01 1.3443905907997283e-01 
 1.9350000000000001e+01 1.3083557835957543e-01 
 1.9359999999999999e+01 1.2728863330697457e-01 
 1.9370000000000001e+01 1.2380867148988373e-01 
 1.9379999999999999e+01 1.2040614047602131e-01 
 1.9390000000000001e+01 1.1709148783310089e-01 
 1.9399999999999999e+01 1.1387516112884077e-01 
 1.9410000000000000e+01 1.1078883318341136e-01 
 1.9420000000000002e+01 1.0785734489942317e-01 
 1.9430000000000000e+01 1.0508089596824818e-01 
 1.9440000000000001e+01 1.0245968608125541e-01 
 1.9449999999999999e+01 9.9993914929817740e-02 
 1.9460000000000001e+01 9.7683782205304409e-02 
 1.9469999999999999e+01 9.5529487599088067e-02 
 1.9480000000000000e+01 9.3531230802538182e-02 
 1.9489999999999998e+01 9.1689211507027163e-02 
 1.9500000000000000e+01 9.0003629403924729e-02 
 1.9510000000000002e+01 8.8474684184602553e-02 
 1.9520000000000000e+01 8.7102575540432089e-02 
 1.9530000000000001e+01 8.5887503162783374e-02 
 1.9539999999999999e+01 8.4829666743028262e-02 
 1.9550000000000001e+01 8.3929265972537012e-02 
 1.9559999999999999e+01 8.3186500542681271e-02 
 1.9570000000000000e+01 8.2601570144831507e-02 
 1.9579999999999998e+01 8.2174674470359144e-02 
 1.9590000000000000e+01 8.1906013210634857e-02 
 1.9600000000000001e+01 8.1795786057029862e-02 
 1.9609999999999999e+01 8.1838615863518899e-02 
 1.9620000000000001e+01 8.2029323179782773e-02 
 1.9629999999999999e+01 8.2368404240751314e-02 
 1.9640000000000001e+01 8.2856355281354696e-02 
 1.9649999999999999e+01 8.3493672536522540e-02 
 1.9660000000000000e+01 8.4280852241185242e-02 
 1.9670000000000002e+01 8.5218390630272561e-02 
 1.9680000000000000e+01 8.6306783938714049e-02 
 1.9690000000000001e+01 8.7546528401440407e-02 
 1.9699999999999999e+01 8.8938120253380729e-02 
 1.9710000000000001e+01 9.0482055729465938e-02 
 1.9719999999999999e+01 9.2178831064624905e-02 
 1.9730000000000000e+01 9.4028942493788792e-02 
 1.9739999999999998e+01 9.6032886251886218e-02 
 1.9750000000000000e+01 9.8191158573848580e-02 
 1.9760000000000002e+01 1.0050425569460512e-01 
 1.9770000000000000e+01 1.0297267384908493e-01 
 1.9780000000000001e+01 1.0559690927221967e-01 
 1.9789999999999999e+01 1.0837745819893746e-01 
 1.9800000000000001e+01 1.1131481686417022e-01 
 1.9809999999999999e+01 1.1437585004048204e-01 
 1.9820000000000000e+01 1.1752105865775185e-01 
 1.9829999999999998e+01 1.2074139318687321e-01 
 1.9840000000000000e+01 1.2402780409874427e-01 
 1.9850000000000001e+01 1.2737124186425969e-01 
 1.9859999999999999e+01 1.3076265695431408e-01 
 1.9870000000000001e+01 1.3419299983980565e-01 
 1.9879999999999999e+01 1.3765322099162780e-01 
 1.9890000000000001e+01 1.4113427088067884e-01 
 1.9899999999999999e+01 1.4462709997785206e-01 
 1.9910000000000000e+01 1.4812265875404579e-01 
 1.9920000000000002e+01 1.5161189768015462e-01 
 1.9930000000000000e+01 1.5508576722707312e-01 
 1.9940000000000001e+01 1.5853521786569957e-01 
 1.9949999999999999e+01 1.6195120006692737e-01 
 1.9960000000000001e+01 1.6532466430165471e-01 
 1.9969999999999999e+01 1.6864656104077511e-01 
 1.9980000000000000e+01 1.7190784075518664e-01 
 1.9989999999999998e+01 1.7509945391578291e-01 
 2.0000000000000000e+01 1.7821235099346189e-01 
 