0.0000000000000000e+00 -1.0006705373270717e+00 
 1.0000000000000000e-02 -9.7524172950145305e-01 
 2.0000000000000000e-02 -9.4846095871755043e-01 
 2.9999999999999999e-02 -9.2039540539891374e-01 
 4.0000000000000001e-02 -8.9111224996909266e-01 
 5.0000000000000003e-02 -8.6067867285163702e-01 
 5.9999999999999998e-02 -8.2916185447009683e-01 
 7.0000000000000007e-02 -7.9662897524802168e-01 
 8.0000000000000002e-02 -7.6314721560896159e-01 
 8.9999999999999997e-02 -7.2878375597646627e-01 
 1.0000000000000001e-01 -6.9360577677408564e-01 
 1.1000000000000000e-01 -6.5768045842536949e-01 
 1.2000000000000000e-01 -6.2107498135386763e-01 
 1.3000000000000000e-01 -5.8385652598312965e-01 
 1.4000000000000001e-01 -5.4609227273670591e-01 
 1.4999999999999999e-01 -5.0784940203814588e-01 
 1.6000000000000000e-01 -4.6919509431099937e-01 
 1.7000000000000001e-01 -4.3019652997881619e-01 
 1.7999999999999999e-01 -3.9092088946514647e-01 
 1.9000000000000000e-01 -3.5143535319353969e-01 
 2.0000000000000001e-01 -3.1180710158754565e-01 
 2.0999999999999999e-01 -2.6996401041717111e-01 
 2.2000000000000000e-01 -2.2409575875197546e-01 
 2.3000000000000001e-01 -1.7466223196483890e-01 
 2.3999999999999999e-01 -1.2212331542864169e-01 
 2.5000000000000000e-01 -6.6938894516263642e-02 
 2.6000000000000001e-01 -9.5688546005849862e-03 
 2.7000000000000002e-01 4.9526918945514198e-02 
 2.8000000000000003e-01 1.0988854074915388e-01 
 2.8999999999999998e-01 1.7105612543745363e-01 
 2.9999999999999999e-01 2.3256978763753389e-01 
 3.1000000000000000e-01 2.9396964197651432e-01 
 3.2000000000000001e-01 3.5479580308151482e-01 
 3.3000000000000002e-01 4.1458838557965538e-01 
 3.4000000000000002e-01 4.7288750409805591e-01 
 3.5000000000000003e-01 5.2923327326383607e-01 
 3.5999999999999999e-01 5.8316580770411586e-01 
 3.7000000000000000e-01 6.3422522204601561e-01 
 3.8000000000000000e-01 6.8195163091665478e-01 
 3.9000000000000001e-01 7.2588514894315348e-01 
 4.0000000000000002e-01 7.6556589075263137e-01 
 4.1000000000000003e-01 8.0084792012191031e-01 
 4.1999999999999998e-01 8.3195692794867526e-01 
 4.2999999999999999e-01 8.5899046954134195e-01 
 4.4000000000000000e-01 8.8204610020832586e-01 
 4.5000000000000001e-01 9.0122137525804236e-01 
 4.6000000000000002e-01 9.1661384999890705e-01 
 4.7000000000000003e-01 9.2832107973933520e-01 
 4.7999999999999998e-01 9.3644061978774262e-01 
 4.8999999999999999e-01 9.4107002545254448e-01 
 5.0000000000000000e-01 9.4230685204215658e-01 
 5.1000000000000001e-01 9.4024865486499420e-01 
 5.2000000000000002e-01 9.3499298922947283e-01 
 5.3000000000000003e-01 9.2663741044400816e-01 
 5.4000000000000004e-01 9.1527947381701547e-01 
 5.5000000000000004e-01 9.0101673465691035e-01 
 5.6000000000000005e-01 8.8394674827210817e-01 
 5.7000000000000006e-01 8.6416706997102455e-01 
 5.7999999999999996e-01 8.4177525506207518e-01 
 5.8999999999999997e-01 8.1686885885367522e-01 
 5.9999999999999998e-01 7.8954543665424015e-01 
 6.0999999999999999e-01 7.5923071397461428e-01 
 6.2000000000000000e-01 7.2553064115359445e-01 
 6.3000000000000000e-01 6.8881311074152574e-01 
 6.4000000000000001e-01 6.4944601528875290e-01 
 6.5000000000000002e-01 6.0779724734562102e-01 
 6.6000000000000003e-01 5.6423469946247484e-01 
 6.7000000000000004e-01 5.1912626418965946e-01 
 6.8000000000000005e-01 4.7283983407751956e-01 
 6.9000000000000006e-01 4.2574330167640040e-01 
 7.0000000000000007e-01 3.7820455953664656e-01 
 7.0999999999999996e-01 3.3059150020860373e-01 
 7.1999999999999997e-01 2.8327201624261578e-01 
 7.2999999999999998e-01 2.3661400018902790e-01 
 7.3999999999999999e-01 1.9098534459818517e-01 
 7.5000000000000000e-01 1.4675394202043246e-01 
 7.6000000000000001e-01 1.0428768500611496e-01 
 7.7000000000000002e-01 6.3954466105577201e-02 
 7.8000000000000003e-01 2.6122177869164265e-02 
 7.9000000000000004e-01 -8.8412871527788761e-03 
 8.0000000000000004e-01 -4.0568036409907471e-02 
 8.1000000000000005e-01 -7.1446254331534870e-02 
 8.2000000000000006e-01 -1.0379995922296840e-01 
 8.3000000000000007e-01 -1.3716500934785375e-01 
 8.3999999999999997e-01 -1.7107726296983608e-01 
 8.4999999999999998e-01 -2.0507257835256193e-01 
 8.5999999999999999e-01 -2.3868681375967649e-01 
 8.7000000000000000e-01 -2.7145582745482544e-01 
 8.8000000000000000e-01 -3.0291547770165445e-01 
 8.9000000000000001e-01 -3.3260162276380911e-01 
 9.0000000000000002e-01 -3.6005012090493516e-01 
 9.1000000000000003e-01 -3.8479683038867812e-01 
 9.2000000000000004e-01 -4.0637760947868379e-01 
 9.3000000000000005e-01 -4.2432831643859764e-01 
 9.4000000000000006e-01 -4.3818480953206551e-01 
 9.5000000000000007e-01 -4.4748294702273289e-01 
 9.5999999999999996e-01 -4.5175858717424555e-01 
 9.6999999999999997e-01 -4.5054758825024926e-01 
 9.7999999999999998e-01 -4.4338580851438936e-01 
 9.8999999999999999e-01 -4.2980910623031171e-01 
 1.0000000000000000e+00 -4.0935333966166199e-01 
 1.0100000000000000e+00 -3.8527751422366985e-01 
 1.0200000000000000e+00 -3.6115219307189084e-01 
 1.0300000000000000e+00 -3.3698057108045881e-01 
 1.0400000000000000e+00 -3.1276584312350786e-01 
 1.0500000000000000e+00 -2.8851120407517183e-01 
 1.0600000000000001e+00 -2.6421984880958482e-01 
 1.0700000000000001e+00 -2.3989497220088069e-01 
 1.0800000000000001e+00 -2.1553976912319348e-01 
 1.0900000000000001e+00 -1.9115743445065708e-01 
 1.1000000000000001e+00 -1.6675116305740559e-01 
 1.1100000000000001e+00 -1.4232414981757296e-01 
 1.1200000000000001e+00 -1.1787958960529304e-01 
 1.1300000000000001e+00 -9.3420677294699828e-02 
 1.1400000000000001e+00 -6.8950607759927451e-02 
 1.1500000000000001e+00 -4.4472575875109666e-02 
 1.1599999999999999e+00 -1.9989776514381163e-02 
 1.1699999999999999e+00 4.4945954481252492e-03 
 1.1799999999999999e+00 2.8977345138275046e-02 
 1.1899999999999999e+00 5.3455277681934310e-02 
 1.2000000000000000e+00 7.7925198204969015e-02 
 1.2100000000000000e+00 1.0241936660138130e-01 
 1.2200000000000000e+00 1.2696673180781373e-01 
 1.2300000000000000e+00 1.5155913251409300e-01 
 1.2400000000000000e+00 1.7618840741004577e-01 
 1.2500000000000000e+00 2.0084639518549877e-01 
 1.2600000000000000e+00 2.2552493453027861e-01 
 1.2700000000000000e+00 2.5021586413421204e-01 
 1.2800000000000000e+00 2.7491102268712564e-01 
 1.2900000000000000e+00 2.9960224887884618e-01 
 1.3000000000000000e+00 3.2428138139920026e-01 
 1.3100000000000001e+00 3.4894025893801467e-01 
 1.3200000000000001e+00 3.7357072018511600e-01 
 1.3300000000000001e+00 3.9816460383033098e-01 
 1.3400000000000001e+00 4.2271374856348626e-01 
 1.3500000000000001e+00 4.4720999307440845e-01 
 1.3600000000000001e+00 4.7164517605292439e-01 
 1.3700000000000001e+00 4.9601113618886067e-01 
 1.3800000000000001e+00 5.2029971217204385e-01 
 1.3900000000000001e+00 5.4450274269230092e-01 
 1.4000000000000001e+00 5.6861206643945827e-01 
 1.4099999999999999e+00 5.9019147195640653e-01 
 1.4199999999999999e+00 6.0702711323293213e-01 
 1.4299999999999999e+00 6.1944437712920275e-01 
 1.4399999999999999e+00 6.2776865050538644e-01 
 1.4500000000000000e+00 6.3232532022165167e-01 
 1.4600000000000000e+00 6.3343977313816668e-01 
 1.4700000000000000e+00 6.3143739611509953e-01 
 1.4800000000000000e+00 6.2664357601261855e-01 
 1.4900000000000000e+00 6.1938369969089213e-01 
 1.5000000000000000e+00 6.0998315401008840e-01 
 1.5100000000000000e+00 5.9876732583037551e-01 
 1.5200000000000000e+00 5.8606160201192181e-01 
 1.5300000000000000e+00 5.7219136941489546e-01 
 1.5400000000000000e+00 5.5748201489946481e-01 
 1.5500000000000000e+00 5.4225892532579800e-01 
 1.5600000000000001e+00 5.2684748755406352e-01 
 1.5700000000000001e+00 5.1157308844442928e-01 
 1.5800000000000001e+00 4.9676111485706365e-01 
 1.5900000000000001e+00 4.8273695365213493e-01 
 1.6000000000000001e+00 4.6982599168981121e-01 
 1.6100000000000001e+00 4.5689674634454674e-01 
 1.6200000000000001e+00 4.4271197413508195e-01 
 1.6300000000000001e+00 4.2743842063801463e-01 
 1.6400000000000001e+00 4.1124283142994261e-01 
 1.6500000000000001e+00 3.9429195208746365e-01 
 1.6600000000000001e+00 3.7675252818717564e-01 
 1.6699999999999999e+00 3.5879130530567682e-01 
 1.6799999999999999e+00 3.4057502901956421e-01 
 1.6899999999999999e+00 3.2227044490543599e-01 
 1.7000000000000000e+00 3.0404429853988996e-01 
 1.7100000000000000e+00 2.8606333549952401e-01 
 1.7200000000000000e+00 2.6849430136093594e-01 
 1.7300000000000000e+00 2.5150394170072354e-01 
 1.7400000000000000e+00 2.3525900209548473e-01 
 1.7500000000000000e+00 2.1992622812181725e-01 
 1.7600000000000000e+00 2.0567236535631894e-01 
 1.7700000000000000e+00 1.9266415937558762e-01 
 1.7800000000000000e+00 1.8106835575622110e-01 
 1.7900000000000000e+00 1.7105170007481729e-01 
 1.8000000000000000e+00 1.6278093790797388e-01 
 1.8100000000000001e+00 1.5567898942973052e-01 
 1.8200000000000001e+00 1.4905460911489399e-01 
 1.8300000000000001e+00 1.4290329399121302e-01 
 1.8400000000000001e+00 1.3722054108643628e-01 
 1.8500000000000001e+00 1.3200184742831250e-01 
 1.8600000000000001e+00 1.2724271004459037e-01 
 1.8700000000000001e+00 1.2293862596301861e-01 
 1.8800000000000001e+00 1.1908509221134592e-01 
 1.8900000000000001e+00 1.1567760581732101e-01 
 1.9000000000000001e+00 1.1271166380869259e-01 
 1.9100000000000001e+00 1.1018276321320933e-01 
 1.9199999999999999e+00 1.0808640105862002e-01 
 1.9299999999999999e+00 1.0641807437267328e-01 
 1.9399999999999999e+00 1.0517328018311783e-01 
 1.9500000000000000e+00 1.0434751551770238e-01 
 1.9600000000000000e+00 1.0393627740417567e-01 
 1.9700000000000000e+00 1.0393506287028638e-01 
 1.9800000000000000e+00 1.0433936894378321e-01 
 1.9900000000000000e+00 1.0514469265241488e-01 
 2.0000000000000000e+00 1.0634653102393010e-01 
 2.0100000000000002e+00 1.0807716574025111e-01 
 2.0200000000000000e+00 1.1041941214036977e-01 
 2.0300000000000002e+00 1.1329456773763973e-01 
 2.0400000000000000e+00 1.1662393004541415e-01 
 2.0499999999999998e+00 1.2032879657704658e-01 
 2.0600000000000001e+00 1.2433046484589064e-01 
 2.0699999999999998e+00 1.2855023236529939e-01 
 2.0800000000000001e+00 1.3290939664862664e-01 
 2.0899999999999999e+00 1.3732925520922543e-01 
 2.1000000000000001e+00 1.4173110556044954e-01 
 2.1099999999999999e+00 1.4603624521565206e-01 
 2.1200000000000001e+00 1.5016597168818674e-01 
 2.1299999999999999e+00 1.5404158249140670e-01 
 2.1400000000000001e+00 1.5758437513866569e-01 
 2.1499999999999999e+00 1.6071564714331679e-01 
 2.1600000000000001e+00 1.6335669601871372e-01 
 2.1699999999999999e+00 1.6542881927820968e-01 
 2.1800000000000002e+00 1.6685331443515827e-01 
 2.1899999999999999e+00 1.6755147900291278e-01 
 2.2000000000000002e+00 1.6744461049482673e-01 
 2.2100000000000000e+00 1.6673379054806062e-01 
 2.2200000000000002e+00 1.6569548272549109e-01 
 2.2300000000000000e+00 1.6436405742904583e-01 
 2.2400000000000002e+00 1.6277388506065235e-01 
 2.2500000000000000e+00 1.6095933602223847e-01 
 2.2600000000000002e+00 1.5895478071573160e-01 
 2.2700000000000000e+00 1.5679458954305955e-01 
 2.2800000000000002e+00 1.5451313290614979e-01 
 2.2900000000000000e+00 1.5214478120693009e-01 
 2.3000000000000003e+00 1.4972390484732792e-01 
 2.3100000000000001e+00 1.4728487422927111e-01 
 2.3199999999999998e+00 1.4486205975468716e-01 
 2.3300000000000001e+00 1.4248983182550359e-01 
 2.3399999999999999e+00 1.4020256084364824e-01 
 2.3500000000000001e+00 1.3803461721104854e-01 
 2.3599999999999999e+00 1.3602037132963229e-01 
 2.3700000000000001e+00 1.3419419360132698e-01 
 2.3799999999999999e+00 1.3259045442806036e-01 
 2.3900000000000001e+00 1.3124352421175992e-01 
 2.3999999999999999e+00 1.3018777335435341e-01 
 2.4100000000000001e+00 1.2933514708874735e-01 
 2.4199999999999999e+00 1.2857769358498145e-01 
 2.4300000000000002e+00 1.2791993765068285e-01 
 2.4399999999999999e+00 1.2736640409347885e-01 
 2.4500000000000002e+00 1.2692161772099664e-01 
 2.4600000000000000e+00 1.2659010334086343e-01 
 2.4700000000000002e+00 1.2637638576070645e-01 
 2.4800000000000000e+00 1.2628498978815292e-01 
 2.4900000000000002e+00 1.2632044023083006e-01 
 2.5000000000000000e+00 1.2648726189636508e-01 
 2.5100000000000002e+00 1.2678997959238522e-01 
 2.5200000000000000e+00 1.2723311812651769e-01 
 2.5300000000000002e+00 1.2782120230638971e-01 
 2.5400000000000000e+00 1.2855875693962848e-01 
 2.5500000000000003e+00 1.2945030683386127e-01 
 2.5600000000000001e+00 1.3050037679671525e-01 
 2.5699999999999998e+00 1.3171349163581764e-01 
 2.5800000000000001e+00 1.3309417615879574e-01 
 2.5899999999999999e+00 1.3464695517327663e-01 
 2.6000000000000001e+00 1.3637635348688770e-01 
 2.6099999999999999e+00 1.3875866486613120e-01 
 2.6200000000000001e+00 1.4219759388572895e-01 
 2.6299999999999999e+00 1.4658878156563646e-01 
 2.6400000000000001e+00 1.5182786892581004e-01 
 2.6499999999999999e+00 1.5781049698620508e-01 
 2.6600000000000001e+00 1.6443230676677800e-01 
 2.6699999999999999e+00 1.7158893928748409e-01 
 2.6800000000000002e+00 1.7917603556827982e-01 
 2.6899999999999999e+00 1.8708923662912044e-01 
 2.7000000000000002e+00 1.9522418348996251e-01 
 2.7100000000000000e+00 2.0347651717076115e-01 
 2.7200000000000002e+00 2.1174187869147301e-01 
 2.7300000000000000e+00 2.1991590907205322e-01 
 2.7400000000000002e+00 2.2789424933245836e-01 
 2.7500000000000000e+00 2.3557254049264362e-01 
 2.7600000000000002e+00 2.4284642357256553e-01 
 2.7700000000000000e+00 2.4961153959217935e-01 
 2.7800000000000002e+00 2.5576352957144155e-01 
 2.7900000000000000e+00 2.6119803453030743e-01 
 2.8000000000000003e+00 2.6581069548873337e-01 
 2.8100000000000001e+00 2.6984940408384278e-01 
 2.8199999999999998e+00 2.7361242103597111e-01 
 2.8300000000000001e+00 2.7707094098989160e-01 
 2.8399999999999999e+00 2.8019615859037689e-01 
 2.8500000000000001e+00 2.8295926848220032e-01 
 2.8599999999999999e+00 2.8533146531013459e-01 
 2.8700000000000001e+00 2.8728394371895299e-01 
 2.8799999999999999e+00 2.8878789835342833e-01 
 2.8900000000000001e+00 2.8981452385833384e-01 
 2.8999999999999999e+00 2.9033501487844232e-01 
 2.9100000000000001e+00 2.9032056605852691e-01 
 2.9199999999999999e+00 2.8974237204336056e-01 
 2.9300000000000002e+00 2.8857162747771636e-01 
 2.9399999999999999e+00 2.8677952700636733e-01 
 2.9500000000000002e+00 2.8433726527408637e-01 
 2.9600000000000000e+00 2.8121603692564667e-01 
 2.9700000000000002e+00 2.7738703660582098e-01 
 2.9800000000000000e+00 2.7282145895938270e-01 
 2.9900000000000002e+00 2.6749049863110441e-01 
 3.0000000000000000e+00 2.6136535026575958e-01 
 3.0100000000000002e+00 2.5419308827697557e-01 
 3.0200000000000000e+00 2.4581770013452703e-01 
 3.0300000000000002e+00 2.3635575006740567e-01 
 3.0400000000000000e+00 2.2592380230460468e-01 
 3.0500000000000003e+00 2.1463842107511552e-01 
 3.0600000000000001e+00 2.0261617060793158e-01 
 3.0700000000000003e+00 1.8997361513204408e-01 
 3.0800000000000001e+00 1.7682731887644665e-01 
 3.0899999999999999e+00 1.6329384607013100e-01 
 3.1000000000000001e+00 1.4948976094208891e-01 
 3.1099999999999999e+00 1.3553162772131402e-01 
 3.1200000000000001e+00 1.2153601063679742e-01 
 3.1299999999999999e+00 1.0761947391753274e-01 
 3.1400000000000001e+00 9.3898581792511093e-02 
 3.1499999999999999e+00 8.0489898490726131e-02 
 3.1600000000000001e+00 6.7509988241168967e-02 
 3.1699999999999999e+00 5.5075415272833245e-02 
 3.1800000000000002e+00 4.3302743814710137e-02 
 3.1899999999999999e+00 3.2308538095793038e-02 
 3.2000000000000002e+00 2.2209362345073425e-02 
 3.2100000000000000e+00 1.2160881816891731e-02 
 3.2200000000000002e+00 1.3686841242368832e-03 
 3.2300000000000000e+00 -9.9757829659223377e-03 
 3.2400000000000002e+00 -2.1681071686619077e-02 
 3.2500000000000000e+00 -3.3555734270884478e-02 
 3.2600000000000002e+00 -4.5408322951751748e-02 
 3.2700000000000000e+00 -5.7047389962251976e-02 
 3.2800000000000002e+00 -6.8281487535418378e-02 
 3.2900000000000000e+00 -7.8919167904282120e-02 
 3.3000000000000003e+00 -8.8768983301876297e-02 
 3.3100000000000001e+00 -9.7639485961232189e-02 
 3.3200000000000003e+00 -1.0533922811538277e-01 
 3.3300000000000001e+00 -1.1167676199735946e-01 
 3.3399999999999999e+00 -1.1646063984019486e-01 
 3.3500000000000001e+00 -1.1949941387692123e-01 
 3.3599999999999999e+00 -1.2060163634057047e-01 
 3.3700000000000001e+00 -1.1957585946417479e-01 
 3.3799999999999999e+00 -1.1623063548076648e-01 
 3.3900000000000001e+00 -1.1037451662337744e-01 
 3.3999999999999999e+00 -1.0181605512504024e-01 
 3.4100000000000001e+00 -9.1762525420584912e-02 
 3.4199999999999999e+00 -8.1556236869454596e-02 
 3.4300000000000002e+00 -7.1208294091597540e-02 
 3.4399999999999999e+00 -6.0729801706963890e-02 
 3.4500000000000002e+00 -5.0131864335501881e-02 
 3.4600000000000000e+00 -3.9425586597161666e-02 
 3.4700000000000002e+00 -2.8622073111891480e-02 
 3.4800000000000000e+00 -1.7732428499641489e-02 
 3.4900000000000002e+00 -6.7677573803599095e-03 
 3.5000000000000000e+00 4.2608356260030594e-03 
 3.5100000000000002e+00 1.5342245899499229e-02 
 3.5200000000000000e+00 2.6465368820178414e-02 
 3.5300000000000002e+00 3.7619099768092412e-02 
 3.5400000000000000e+00 4.8792334123291037e-02 
 3.5500000000000003e+00 5.9973967265826073e-02 
 3.5600000000000001e+00 7.1152894575747305e-02 
 3.5700000000000003e+00 8.2318011433106575e-02 
 3.5800000000000001e+00 9.3458213217953695e-02 
 3.5899999999999999e+00 1.0456239531033990e-01 
 3.6000000000000001e+00 1.1561945309031663e-01 
 3.6099999999999999e+00 1.2670673462307025e-01 
 3.6200000000000001e+00 1.3789859046217467e-01 
 3.6299999999999999e+00 1.4917941972025783e-01 
 3.6400000000000001e+00 1.6053362150994960e-01 
 3.6499999999999999e+00 1.7194559494387787e-01 
 3.6600000000000001e+00 1.8339973913467256e-01 
 3.6699999999999999e+00 1.9488045319496150e-01 
 3.6800000000000002e+00 2.0637213623737466e-01 
 3.6899999999999999e+00 2.1785918737453985e-01 
 3.7000000000000002e+00 2.2932600571908707e-01 
 3.7100000000000000e+00 2.4075699038364412e-01 
 3.7200000000000002e+00 2.5213654048084089e-01 
 3.7300000000000000e+00 2.6344905512330541e-01 
 3.7400000000000002e+00 2.7467893342366739e-01 
 3.7500000000000000e+00 2.8581057449455483e-01 
 3.7600000000000002e+00 2.9682837744859758e-01 
 3.7700000000000000e+00 3.0771674139842359e-01 
 3.7800000000000002e+00 3.1846006545666267e-01 
 3.7900000000000000e+00 3.2904274873594280e-01 
 3.8000000000000003e+00 3.3944919034889376e-01 
 3.8100000000000001e+00 3.4829967683411939e-01 
 3.8200000000000003e+00 3.5435816935510361e-01 
 3.8300000000000001e+00 3.5782457896179243e-01 
 3.8399999999999999e+00 3.5889881670413276e-01 
 3.8500000000000001e+00 3.5778079363207116e-01 
 3.8599999999999999e+00 3.5467042079555439e-01 
 3.8700000000000001e+00 3.4976760924452871e-01 
 3.8799999999999999e+00 3.4327227002894117e-01 
 3.8900000000000001e+00 3.3538431419873788e-01 
 3.8999999999999999e+00 3.2630365280386614e-01 
 3.9100000000000001e+00 3.1623019689427179e-01 
 3.9199999999999999e+00 3.0536385751990225e-01 
 3.9300000000000002e+00 2.9390454573070324e-01 
 3.9399999999999999e+00 2.8205217257662246e-01 
 3.9500000000000002e+00 2.7000664910760536e-01 
 3.9600000000000000e+00 2.5796788637359969e-01 
 3.9700000000000002e+00 2.4613579542455100e-01 
 3.9800000000000000e+00 2.3471028731040694e-01 
 3.9900000000000002e+00 2.2389127308111312e-01 
 4.0000000000000000e+00 2.1387866378661713e-01 
 4.0099999999999998e+00 2.0379786628854357e-01 
 4.0200000000000005e+00 1.9272507342090089e-01 
 4.0300000000000002e+00 1.8078637519221435e-01 
 4.0400000000000000e+00 1.6810786161100630e-01 
 4.0499999999999998e+00 1.5481562268579996e-01 
 4.0600000000000005e+00 1.4103574842511732e-01 
 4.0700000000000003e+00 1.2689432883748414e-01 
 4.0800000000000001e+00 1.1251745393142246e-01 
 4.0899999999999999e+00 9.8031213715455506e-02 
 4.0999999999999996e+00 8.3561698198106577e-02 
 4.1100000000000003e+00 6.9234997387897679e-02 
 4.1200000000000001e+00 5.5177201293354572e-02 
 4.1299999999999999e+00 4.1514399922999268e-02 
 4.1399999999999997e+00 2.8372683285354972e-02 
 4.1500000000000004e+00 1.5878141388943973e-02 
 4.1600000000000001e+00 4.1568642422916136e-03 
 4.1699999999999999e+00 -6.6650581460798719e-03 
 4.1799999999999997e+00 -1.6461535767647278e-02 
 4.1900000000000004e+00 -2.5106478613888039e-02 
 4.2000000000000002e+00 -3.2473796676277367e-02 
 4.2100000000000000e+00 -3.8529884333685926e-02 
 4.2199999999999998e+00 -4.3360859954027331e-02 
 4.2300000000000004e+00 -4.7020219512344238e-02 
 4.2400000000000002e+00 -4.9561458983678405e-02 
 4.2500000000000000e+00 -5.1038074343072601e-02 
 4.2599999999999998e+00 -5.1503561565569227e-02 
 4.2700000000000005e+00 -5.1011416626210587e-02 
 4.2800000000000002e+00 -4.9615135500039168e-02 
 4.2900000000000000e+00 -4.7368214162097369e-02 
 4.2999999999999998e+00 -4.4324148587427586e-02 
 4.3100000000000005e+00 -4.0536434751071833e-02 
 4.3200000000000003e+00 -3.6058568628073197e-02 
 4.3300000000000001e+00 -3.0944046193473761e-02 
 4.3399999999999999e+00 -2.5246363422315926e-02 
 4.3500000000000005e+00 -1.9019016289641529e-02 
 4.3600000000000003e+00 -1.2315500770494037e-02 
 4.3700000000000001e+00 -5.1893128399153540e-03 
 4.3799999999999999e+00 2.3060515270521553e-03 
 4.3899999999999997e+00 1.0117096355366069e-02 
 4.4000000000000004e+00 1.8190325669984797e-02 
 4.4100000000000001e+00 2.7031638127267488e-02 
 4.4199999999999999e+00 3.7089310701490227e-02 
 4.4299999999999997e+00 4.8223414894482543e-02 
 4.4400000000000004e+00 6.0294022208075081e-02 
 4.4500000000000002e+00 7.3161204144095215e-02 
 4.4600000000000000e+00 8.6685032204373513e-02 
 4.4699999999999998e+00 1.0072557789073951e-01 
 4.4800000000000004e+00 1.1514291270502404e-01 
 4.4900000000000002e+00 1.2979710814905404e-01 
 4.5000000000000000e+00 1.4454823572466036e-01 
 4.5099999999999998e+00 1.5925636693367248e-01 
 4.5200000000000005e+00 1.7378157327792121e-01 
 4.5300000000000002e+00 1.8798392625923355e-01 
 4.5400000000000000e+00 2.0172349737944029e-01 
 4.5499999999999998e+00 2.1486035814037097e-01 
 4.5600000000000005e+00 2.2725458004385618e-01 
 4.5700000000000003e+00 2.3876623459172325e-01 
 4.5800000000000001e+00 2.4925539328580287e-01 
 4.5899999999999999e+00 2.5858212762792454e-01 
 4.6000000000000005e+00 2.6660650911991846e-01 
 4.6100000000000003e+00 2.7367654394861207e-01 
 4.6200000000000001e+00 2.8022406603950573e-01 
 4.6299999999999999e+00 2.8623488850243511e-01 
 4.6399999999999997e+00 2.9169482444723582e-01 
 4.6500000000000004e+00 2.9658968698374388e-01 
 4.6600000000000001e+00 3.0090528922179405e-01 
 4.6699999999999999e+00 3.0462744427122240e-01 
 4.6799999999999997e+00 3.0774196524186459e-01 
 4.6900000000000004e+00 3.1023466524355636e-01 
 4.7000000000000002e+00 3.1209135738613292e-01 
 4.7100000000000000e+00 3.1329785477943017e-01 
 4.7199999999999998e+00 3.1383997053328377e-01 
 4.7300000000000004e+00 3.1370351775752919e-01 
 4.7400000000000002e+00 3.1287430956200218e-01 
 4.7500000000000000e+00 3.1133815905653833e-01 
 4.7599999999999998e+00 3.0908087935097323e-01 
 4.7700000000000005e+00 3.0608828355514228e-01 
 4.7800000000000002e+00 3.0234618477888159e-01 
 4.7900000000000000e+00 2.9784039613202656e-01 
 4.7999999999999998e+00 2.9255673072441279e-01 
 4.8100000000000005e+00 2.8624270482592368e-01 
 4.8200000000000003e+00 2.7873957378414493e-01 
 4.8300000000000001e+00 2.7017375932546234e-01 
 4.8399999999999999e+00 2.6067168317626238e-01 
 4.8500000000000005e+00 2.5035976706293039e-01 
 4.8600000000000003e+00 2.3936443271185459e-01 
 4.8700000000000001e+00 2.2781210184942058e-01 
 4.8799999999999999e+00 2.1582919620201468e-01 
 4.8899999999999997e+00 2.0354213749602329e-01 
 4.9000000000000004e+00 1.9107734745783167e-01 
 4.9100000000000001e+00 1.7856124781382843e-01 
 4.9199999999999999e+00 1.6612026029039886e-01 
 4.9299999999999997e+00 1.5388080661392939e-01 
 4.9400000000000004e+00 1.4196930851080528e-01 
 4.9500000000000002e+00 1.3051218770741507e-01 
 4.9600000000000000e+00 1.1963586593014414e-01 
 4.9699999999999998e+00 1.0946676490537877e-01 
 4.9800000000000004e+00 1.0013130635950462e-01 
 4.9900000000000002e+00 9.1755912018909758e-02 
 5.0000000000000000e+00 8.4467003609979718e-02 
 5.0099999999999998e+00 7.7793784216441841e-02 
 5.0200000000000005e+00 7.1215193346599287e-02 
 5.0300000000000002e+00 6.4782257363704007e-02 
 5.0400000000000000e+00 5.8546002631006164e-02 
 5.0499999999999998e+00 5.2557455511756494e-02 
 5.0600000000000005e+00 4.6867642369205272e-02 
 5.0700000000000003e+00 4.1527589566604274e-02 
 5.0800000000000001e+00 3.6588323467203726e-02 
 5.0899999999999999e+00 3.2100870434254400e-02 
 5.1000000000000005e+00 2.8116256831006700e-02 
 5.1100000000000003e+00 2.4685509020712100e-02 
 5.1200000000000001e+00 2.1859653366620990e-02 
 5.1299999999999999e+00 1.9689716231984108e-02 
 5.1399999999999997e+00 1.8226723980052206e-02 
 5.1500000000000004e+00 1.7521702974076056e-02 
 5.1600000000000001e+00 1.7625679577306472e-02 
 5.1699999999999999e+00 1.8589680152994170e-02 
 5.1799999999999997e+00 2.0464731064389868e-02 
 5.1900000000000004e+00 2.3301858674744658e-02 
 5.2000000000000002e+00 2.7152089347308728e-02 
 5.2100000000000000e+00 3.2119661494852236e-02 
 5.2199999999999998e+00 3.8201316362023618e-02 
 5.2300000000000004e+00 4.5286834559892186e-02 
 5.2400000000000002e+00 5.3265996699525295e-02 
 5.2500000000000000e+00 6.2028583391992173e-02 
 5.2599999999999998e+00 7.1464375248361467e-02 
 5.2700000000000005e+00 8.1463152879702710e-02 
 5.2800000000000002e+00 9.1914696897082759e-02 
 5.2900000000000000e+00 1.0270878791157111e-01 
 5.2999999999999998e+00 1.1373520653423640e-01 
 5.3100000000000005e+00 1.2488373337614825e-01 
 5.3200000000000003e+00 1.3604414904837328e-01 
 5.3300000000000001e+00 1.4710623416198121e-01 
 5.3399999999999999e+00 1.5795976932804054e-01 
 5.3500000000000005e+00 1.6849453515762092e-01 
 5.3600000000000003e+00 1.7860031226178910e-01 
 5.3700000000000001e+00 1.8816688125161460e-01 
 5.3799999999999999e+00 1.9708402273816614e-01 
 5.3899999999999997e+00 2.0524151733251231e-01 
 5.4000000000000004e+00 2.1252914564572234e-01 
 5.4100000000000001e+00 2.1953335403975663e-01 
 5.4199999999999999e+00 2.2684659969540738e-01 
 5.4299999999999997e+00 2.3436767945198791e-01 
 5.4400000000000004e+00 2.4199539014881230e-01 
 5.4500000000000002e+00 2.4962852862519255e-01 
 5.4600000000000000e+00 2.5716589172044269e-01 
 5.4699999999999998e+00 2.6450627627387602e-01 
 5.4800000000000004e+00 2.7154847912480662e-01 
 5.4900000000000002e+00 2.7819129711254648e-01 
 5.5000000000000000e+00 2.8433352707640969e-01 
 5.5099999999999998e+00 2.8987396585570957e-01 
 5.5200000000000005e+00 2.9471141028975983e-01 
 5.5300000000000002e+00 2.9874465721787308e-01 
 5.5400000000000000e+00 3.0187250347936301e-01 
 5.5499999999999998e+00 3.0399374591354311e-01 
 5.5600000000000005e+00 3.0500718135972665e-01 
 5.5700000000000003e+00 3.0481160665722695e-01 
 5.5800000000000001e+00 3.0330581864535738e-01 
 5.5899999999999999e+00 3.0038861416343132e-01 
 5.6000000000000005e+00 2.9595879005076176e-01 
 5.6100000000000003e+00 2.9033236081088704e-01 
 5.6200000000000001e+00 2.8393954905226870e-01 
 5.6299999999999999e+00 2.7685046377160621e-01 
 5.6399999999999997e+00 2.6913521396559920e-01 
 5.6500000000000004e+00 2.6086390863094638e-01 
 5.6600000000000001e+00 2.5210665676434885e-01 
 5.6699999999999999e+00 2.4293356736250538e-01 
 5.6799999999999997e+00 2.3341474942211554e-01 
 5.6900000000000004e+00 2.2362031193987802e-01 
 5.7000000000000002e+00 2.1362036391249406e-01 
 5.7100000000000000e+00 2.0348501433666244e-01 
 5.7199999999999998e+00 1.9328437220908262e-01 
 5.7300000000000004e+00 1.8308854652645323e-01 
 5.7400000000000002e+00 1.7296764628547573e-01 
 5.7500000000000000e+00 1.6299178048284871e-01 
 5.7599999999999998e+00 1.5323105811527168e-01 
 5.7700000000000005e+00 1.4375558817944339e-01 
 5.7800000000000002e+00 1.3463547967206510e-01 
 5.7900000000000000e+00 1.2594084158983548e-01 
 5.7999999999999998e+00 1.1774178292945406e-01 
 5.8100000000000005e+00 1.0958395772052565e-01 
 5.8200000000000003e+00 1.0102542731906690e-01 
 5.8300000000000001e+00 9.2154911711391452e-02 
 5.8399999999999999e+00 8.3061130883813672e-02 
 5.8500000000000005e+00 7.3832804822647063e-02 
 5.8600000000000003e+00 6.4558653514207670e-02 
 5.8700000000000001e+00 5.5327396944808968e-02 
 5.8799999999999999e+00 4.6227755100765364e-02 
 5.8899999999999997e+00 3.7348447968391180e-02 
 5.9000000000000004e+00 2.8778195534000059e-02 
 5.9100000000000001e+00 2.0605717783907837e-02 
 5.9199999999999999e+00 1.2919734704428101e-02 
 5.9299999999999997e+00 5.8089662818752164e-03 
 5.9400000000000004e+00 -6.3786749743699467e-04 
 5.9500000000000002e+00 -6.3320466471930709e-03 
 5.9600000000000000e+00 -1.1184851181079231e-02 
 5.9699999999999998e+00 -1.5107561112781109e-02 
 5.9800000000000004e+00 -1.8011456455984592e-02 
 5.9900000000000002e+00 -1.9807817224374774e-02 
 6.0000000000000000e+00 -2.0407923431637665e-02 
 6.0099999999999998e+00 -1.9779359477641284e-02 
 6.0200000000000005e+00 -1.8005419951450254e-02 
 6.0300000000000002e+00 -1.5170950150545648e-02 
 6.0400000000000000e+00 -1.1360795372408115e-02 
 6.0499999999999998e+00 -6.6598009145184094e-03 
 6.0600000000000005e+00 -1.1528120743567599e-03 
 6.0700000000000003e+00 5.0753258505950895e-03 
 6.0800000000000001e+00 1.1939767562856848e-02 
 6.0899999999999999e+00 1.9355667764947751e-02 
 6.1000000000000005e+00 2.7238181159387760e-02 
 6.1100000000000003e+00 3.5502462448694733e-02 
 6.1200000000000001e+00 4.4063666335388579e-02 
 6.1299999999999999e+00 5.2836947521988559e-02 
 6.1400000000000006e+00 6.1737460711014658e-02 
 6.1500000000000004e+00 7.0680360604984643e-02 
 6.1600000000000001e+00 7.9580801906418433e-02 
 6.1699999999999999e+00 8.8353939317835334e-02 
 6.1799999999999997e+00 9.6914927541754597e-02 
 6.1900000000000004e+00 1.0517892128069614e-01 
 6.2000000000000002e+00 1.1306107523717779e-01 
 6.2100000000000000e+00 1.2095990162737191e-01 
 6.2199999999999998e+00 1.2929061126725341e-01 
 6.2300000000000004e+00 1.3799340675904709e-01 
 6.2400000000000002e+00 1.4700849070497549e-01 
 6.2500000000000000e+00 1.5627606570726335e-01 
 6.2599999999999998e+00 1.6573633436813476e-01 
 6.2700000000000005e+00 1.7532949928981462e-01 
 6.2800000000000002e+00 1.8499576307452525e-01 
 6.2900000000000000e+00 1.9467532832449153e-01 
 6.2999999999999998e+00 2.0430839764193753e-01 
 6.3100000000000005e+00 2.1383517362908816e-01 
 6.3200000000000003e+00 2.2319585888816573e-01 
 6.3300000000000001e+00 2.3233065602139513e-01 
 6.3399999999999999e+00 2.4117976763100044e-01 
 6.3500000000000005e+00 2.4968339631920644e-01 
 6.3600000000000003e+00 2.5778174468823567e-01 
 6.3700000000000001e+00 2.6541501534031287e-01 
 6.3799999999999999e+00 2.7252341087766219e-01 
 6.3900000000000006e+00 2.7904713390250813e-01 
 6.4000000000000004e+00 2.8492638701707362e-01 
 6.4100000000000001e+00 2.8967801217243100e-01 
 6.4199999999999999e+00 2.9292184073986632e-01 
 6.4299999999999997e+00 2.9475255945192536e-01 
 6.4400000000000004e+00 2.9526485504115363e-01 
 6.4500000000000002e+00 2.9455341424009690e-01 
 6.4600000000000000e+00 2.9271292378130082e-01 
 6.4699999999999998e+00 2.8983807039731113e-01 
 6.4800000000000004e+00 2.8602354082067311e-01 
 6.4900000000000002e+00 2.8136402178393310e-01 
 6.5000000000000000e+00 2.7595420001963655e-01 
 6.5099999999999998e+00 2.6988876226032904e-01 
 6.5200000000000005e+00 2.6326239523855571e-01 
 6.5300000000000002e+00 2.5616978568686344e-01 
 6.5400000000000000e+00 2.4870562033779725e-01 
 6.5499999999999998e+00 2.4096458592390288e-01 
 6.5600000000000005e+00 2.3304136917772528e-01 
 6.5700000000000003e+00 2.2503065683181156e-01 
 6.5800000000000001e+00 2.1702713561870671e-01 
 6.5899999999999999e+00 2.0912549227095636e-01 
 6.6000000000000005e+00 2.0142041352110551e-01 
 6.6100000000000003e+00 1.9339203775520666e-01 
 6.6200000000000001e+00 1.8452434403034229e-01 
 6.6299999999999999e+00 1.7491778008560643e-01 
 6.6400000000000006e+00 1.6467279366009210e-01 
 6.6500000000000004e+00 1.5388983249289509e-01 
 6.6600000000000001e+00 1.4266934432310849e-01 
 6.6699999999999999e+00 1.3111177688982628e-01 
 6.6799999999999997e+00 1.1931757793214248e-01 
 6.6900000000000004e+00 1.0738719518914995e-01 
 6.7000000000000002e+00 9.5421076399944793e-02 
 6.7100000000000000e+00 8.3519669303619939e-02 
 6.7199999999999998e+00 7.1783421639269401e-02 
 6.7300000000000004e+00 6.0312781145986094e-02 
 6.7400000000000002e+00 4.9208195562866069e-02 
 6.7500000000000000e+00 3.8570112629002284e-02 
 6.7599999999999998e+00 2.8498980083488668e-02 
 6.7700000000000005e+00 1.9095245665418453e-02 
 6.7800000000000002e+00 1.0459357113887208e-02 
 6.7900000000000000e+00 2.6917621679881654e-03 
 6.7999999999999998e+00 -4.1070914331848285e-03 
 6.8100000000000005e+00 -1.0079229403199226e-02 
 6.8200000000000003e+00 -1.5433941591760352e-02 
 6.8300000000000001e+00 -2.0171676463983299e-02 
 6.8399999999999999e+00 -2.4292882484982677e-02 
 6.8500000000000005e+00 -2.7798008119873367e-02 
 6.8600000000000003e+00 -3.0687501833769341e-02 
 6.8700000000000001e+00 -3.2961812091785551e-02 
 6.8799999999999999e+00 -3.4621387359036582e-02 
 6.8900000000000006e+00 -3.5666676100637118e-02 
 6.9000000000000004e+00 -3.6098126781701559e-02 
 6.9100000000000001e+00 -3.5916187867344636e-02 
 6.9199999999999999e+00 -3.5121307822680935e-02 
 6.9299999999999997e+00 -3.3713935112825083e-02 
 6.9400000000000004e+00 -3.1694518202891445e-02 
 6.9500000000000002e+00 -2.9063505557995008e-02 
 6.9600000000000000e+00 -2.5821345643250202e-02 
 6.9699999999999998e+00 -2.1968486923771631e-02 
 6.9800000000000004e+00 -1.7505377864673478e-02 
 6.9900000000000002e+00 -1.2432466931071121e-02 
 7.0000000000000000e+00 -6.7502025880787908e-03 
 7.0099999999999998e+00 -3.1918254489072054e-04 
 7.0200000000000005e+00 6.9411995531979010e-03 
 7.0300000000000002e+00 1.4942301336918658e-02 
 7.0400000000000000e+00 2.3595480437005038e-02 
 7.0499999999999998e+00 3.2812094484189917e-02 
 7.0600000000000005e+00 4.2503501109207052e-02 
 7.0700000000000003e+00 5.2581057942787592e-02 
 7.0800000000000001e+00 6.2956122615665244e-02 
 7.0899999999999999e+00 7.3540052758572921e-02 
 7.1000000000000005e+00 8.4244206002244429e-02 
 7.1100000000000003e+00 9.4979939977410721e-02 
 7.1200000000000001e+00 1.0565861231480564e-01 
 7.1299999999999999e+00 1.1619158064516208e-01 
 7.1400000000000006e+00 1.2649020259921379e-01 
 7.1500000000000004e+00 1.3646583580769184e-01 
 7.1600000000000001e+00 1.4602983790133001e-01 
 7.1699999999999999e+00 1.5509356651086117e-01 
 7.1799999999999997e+00 1.6356837926701823e-01 
 7.1900000000000004e+00 1.7136563380053471e-01 
 7.2000000000000002e+00 1.7839668774214212e-01 
 7.2100000000000000e+00 1.8516830672714915e-01 
 7.2199999999999998e+00 1.9218480011670411e-01 
 7.2300000000000004e+00 1.9935384113030100e-01 
 7.2400000000000002e+00 2.0658310298743185e-01 
 7.2500000000000000e+00 2.1378025890759064e-01 
 7.2599999999999998e+00 2.2085298211027074e-01 
 7.2700000000000005e+00 2.2770894581496604e-01 
 7.2800000000000002e+00 2.3425582324116867e-01 
 7.2900000000000000e+00 2.4040128760837259e-01 
 7.2999999999999998e+00 2.4605301213607111e-01 
 7.3100000000000005e+00 2.5111867004375804e-01 
 7.3200000000000003e+00 2.5550593455092580e-01 
 7.3300000000000001e+00 2.5912247887706819e-01 
 7.3399999999999999e+00 2.6187597624167852e-01 
 7.3500000000000005e+00 2.6367409986425028e-01 
 7.3600000000000003e+00 2.6442452296427643e-01 
 7.3700000000000001e+00 2.6403491876125063e-01 
 7.3799999999999999e+00 2.6241296047466606e-01 
 7.3900000000000006e+00 2.5946632132401587e-01 
 7.4000000000000004e+00 2.5510267452879387e-01 
 7.4100000000000001e+00 2.4989039707746635e-01 
 7.4199999999999999e+00 2.4447228861996975e-01 
 7.4299999999999997e+00 2.3886765636800222e-01 
 7.4400000000000004e+00 2.3309580753326142e-01 
 7.4500000000000002e+00 2.2717604932744651e-01 
 7.4600000000000000e+00 2.2112768896225513e-01 
 7.4699999999999998e+00 2.1497003364938547e-01 
 7.4800000000000004e+00 2.0872239060053516e-01 
 7.4900000000000002e+00 2.0240406702740338e-01 
 7.5000000000000000e+00 1.9603437014168784e-01 
 7.5099999999999998e+00 1.8963260715508662e-01 
 7.5200000000000005e+00 1.8321808527929734e-01 
 7.5300000000000002e+00 1.7681011172601932e-01 
 7.5400000000000000e+00 1.7042799370695011e-01 
 7.5499999999999998e+00 1.6409103843378792e-01 
 7.5600000000000005e+00 1.5781855311823029e-01 
 7.5700000000000003e+00 1.5162984497197654e-01 
 7.5800000000000001e+00 1.4554422120672428e-01 
 7.5899999999999999e+00 1.3958098903417163e-01 
 7.6000000000000005e+00 1.3375945566601621e-01 
 7.6100000000000003e+00 1.2797380956889373e-01 
 7.6200000000000001e+00 1.2211684102048852e-01 
 7.6299999999999999e+00 1.1620575994907416e-01 
 7.6400000000000006e+00 1.1025777628292377e-01 
 7.6500000000000004e+00 1.0429009995031201e-01 
 7.6600000000000001e+00 9.8319940879511944e-02 
 7.6699999999999999e+00 9.2364508998797223e-02 
 7.6799999999999997e+00 8.6441014236441405e-02 
 7.6900000000000004e+00 8.0566666520717645e-02 
 7.7000000000000002e+00 7.4758675779900571e-02 
 7.7100000000000000e+00 6.9034251942263272e-02 
 7.7199999999999998e+00 6.3410604936079362e-02 
 7.7300000000000004e+00 5.7904944689621957e-02 
 7.7400000000000002e+00 5.2534481131165670e-02 
 7.7500000000000000e+00 4.7316424188983602e-02 
 7.7599999999999998e+00 4.2267983791349384e-02 
 7.7700000000000005e+00 3.7406369866536185e-02 
 7.7800000000000002e+00 3.2748792342818495e-02 
 7.7900000000000000e+00 2.8312461148469498e-02 
 7.7999999999999998e+00 2.4114586211762781e-02 
 7.8100000000000005e+00 2.0603853532222074e-02 
 7.8200000000000003e+00 1.8168862878911753e-02 
 7.8300000000000001e+00 1.6736694834414596e-02 
 7.8399999999999999e+00 1.6234429981313716e-02 
 7.8500000000000005e+00 1.6589148902192302e-02 
 7.8600000000000003e+00 1.7727932179633404e-02 
 7.8700000000000001e+00 1.9577860396220139e-02 
 7.8799999999999999e+00 2.2066014134535628e-02 
 7.8900000000000006e+00 2.5119473977163274e-02 
 7.9000000000000004e+00 2.8665320506685660e-02 
 7.9100000000000001e+00 3.2630634305686149e-02 
 7.9199999999999999e+00 3.6942495956747860e-02 
 7.9300000000000006e+00 4.1527986042454341e-02 
 7.9400000000000004e+00 4.6314185145387876e-02 
 7.9500000000000002e+00 5.1228173848131983e-02 
 7.9600000000000000e+00 5.6197032733269786e-02 
 7.9699999999999998e+00 6.1147842383384395e-02 
 7.9800000000000004e+00 6.6007683381059362e-02 
 7.9900000000000002e+00 7.0703636308876938e-02 
 8.0000000000000000e+00 7.5162781749420704e-02 
 8.0099999999999998e+00 7.9668078084554589e-02 
 8.0199999999999996e+00 8.4521712090081746e-02 
 8.0299999999999994e+00 8.9679606939493992e-02 
 8.0400000000000009e+00 9.5097685806284138e-02 
 8.0500000000000007e+00 1.0073187186394206e-01 
 8.0600000000000005e+00 1.0653808828596056e-01 
 8.0700000000000003e+00 1.1247225824583147e-01 
 8.0800000000000001e+00 1.1849030491704660e-01 
 8.0899999999999999e+00 1.2454815147309775e-01 
 8.0999999999999996e+00 1.3060172108747681e-01 
 8.1099999999999994e+00 1.3660693693367557e-01 
 8.1200000000000010e+00 1.4251972218518688e-01 
 8.1300000000000008e+00 1.4829600001550050e-01 
 8.1400000000000006e+00 1.5389169359810934e-01 
 8.1500000000000004e+00 1.5926272610650516e-01 
 8.1600000000000001e+00 1.6436502071417980e-01 
 8.1699999999999999e+00 1.6915450059462514e-01 
 8.1799999999999997e+00 1.7358708892133295e-01 
 8.1899999999999995e+00 1.7761870886779513e-01 
 8.1999999999999993e+00 1.8120528360750340e-01 
 8.2100000000000009e+00 1.8444760040373750e-01 
 8.2200000000000006e+00 1.8747166347996758e-01 
 8.2300000000000004e+00 1.9027122144997416e-01 
 8.2400000000000002e+00 1.9284002292753724e-01 
 8.2500000000000000e+00 1.9517181652643681e-01 
 8.2599999999999998e+00 1.9726035086045282e-01 
 8.2699999999999996e+00 1.9909937454336524e-01 
 8.2799999999999994e+00 2.0068263618895404e-01 
 8.2900000000000009e+00 2.0200388441099945e-01 
 8.3000000000000007e+00 2.0305686782328095e-01 
 8.3100000000000005e+00 2.0383533503957874e-01 
 8.3200000000000003e+00 2.0433303467367284e-01 
 8.3300000000000001e+00 2.0454371533934321e-01 
 8.3399999999999999e+00 2.0446112565036981e-01 
 8.3499999999999996e+00 2.0407901422053262e-01 
 8.3599999999999994e+00 2.0339112966361164e-01 
 8.3700000000000010e+00 2.0239122059338660e-01 
 8.3800000000000008e+00 2.0107303562363787e-01 
 8.3900000000000006e+00 1.9943032336814523e-01 
 8.4000000000000004e+00 1.9745683244068868e-01 
 8.4100000000000001e+00 1.9522487511976339e-01 
 8.4199999999999999e+00 1.9282357684174947e-01 
 8.4299999999999997e+00 1.9027190595725427e-01 
 8.4399999999999995e+00 1.8758883081688513e-01 
 8.4499999999999993e+00 1.8479331977124938e-01 
 8.4600000000000009e+00 1.8190434117095386e-01 
 8.4700000000000006e+00 1.7894086336660694e-01 
 8.4800000000000004e+00 1.7592185470881547e-01 
 8.4900000000000002e+00 1.7286628354818681e-01 
 8.5000000000000000e+00 1.6979311823532828e-01 
 8.5099999999999998e+00 1.6672132712084722e-01 
 8.5199999999999996e+00 1.6366987855535101e-01 
 8.5299999999999994e+00 1.6065774088944698e-01 
 8.5400000000000009e+00 1.5770388247374195e-01 
 8.5500000000000007e+00 1.5482727165884436e-01 
 8.5600000000000005e+00 1.5204687679536097e-01 
 8.5700000000000003e+00 1.4938166623389915e-01 
 8.5800000000000001e+00 1.4685060832506625e-01 
 8.5899999999999999e+00 1.4447267141946962e-01 
 8.5999999999999996e+00 1.4226682386771661e-01 
 8.6099999999999994e+00 1.4013866453631368e-01 
 8.6200000000000010e+00 1.3798733382165923e-01 
 8.6300000000000008e+00 1.3582211236919978e-01 
 8.6400000000000006e+00 1.3365228082438074e-01 
 8.6500000000000004e+00 1.3148711983264788e-01 
 8.6600000000000001e+00 1.2933591003944697e-01 
 8.6699999999999999e+00 1.2720793209022377e-01 
 8.6799999999999997e+00 1.2511246663042402e-01 
 8.6899999999999995e+00 1.2305879430549357e-01 
 8.7000000000000011e+00 1.2105619576087778e-01 
 8.7100000000000009e+00 1.1911395164202315e-01 
 8.7200000000000006e+00 1.1724134259437510e-01 
 8.7300000000000004e+00 1.1544764926337939e-01 
 8.7400000000000002e+00 1.1374215229448177e-01 
 8.7500000000000000e+00 1.1213413233312805e-01 
 8.7599999999999998e+00 1.1063287002476399e-01 
 8.7699999999999996e+00 1.0924764601483536e-01 
 8.7799999999999994e+00 1.0798774094878791e-01 
 8.7900000000000009e+00 1.0686243547206724e-01 
 8.8000000000000007e+00 1.0588101023011953e-01 
 8.8100000000000005e+00 1.0502437308595064e-01 
 8.8200000000000003e+00 1.0426428365706256e-01 
 8.8300000000000001e+00 1.0359630022064485e-01 
 8.8399999999999999e+00 1.0301598105388714e-01 
 8.8499999999999996e+00 1.0251888443397900e-01 
 8.8599999999999994e+00 1.0210056863811001e-01 
 8.8700000000000010e+00 1.0175659194346975e-01 
 8.8800000000000008e+00 1.0148251262724790e-01 
 8.8900000000000006e+00 1.0127388896663400e-01 
 8.9000000000000004e+00 1.0112627923881765e-01 
 8.9100000000000001e+00 1.0103524172098842e-01 
 8.9199999999999999e+00 1.0099633469033592e-01 
 8.9299999999999997e+00 1.0100511642404973e-01 
 8.9399999999999995e+00 1.0105714519931946e-01 
 8.9500000000000011e+00 1.0114797929333472e-01 
 8.9600000000000009e+00 1.0127317698328506e-01 
 8.9700000000000006e+00 1.0142829654636010e-01 
 8.9800000000000004e+00 1.0160889625974942e-01 
 8.9900000000000002e+00 1.0181053440064261e-01 
 9.0000000000000000e+00 1.0202876924622928e-01 
 9.0099999999999998e+00 1.0223578582192219e-01 
 9.0199999999999996e+00 1.0241386913868965e-01 
 9.0299999999999994e+00 1.0257372745205458e-01 
 9.0400000000000009e+00 1.0272606901753990e-01 
 9.0500000000000007e+00 1.0288160209066849e-01 
 9.0600000000000005e+00 1.0305103492696326e-01 
 9.0700000000000003e+00 1.0324507578194711e-01 
 9.0800000000000001e+00 1.0347443291114299e-01 
 9.0899999999999999e+00 1.0374981457007375e-01 
 9.0999999999999996e+00 1.0408192901426234e-01 
 9.1099999999999994e+00 1.0448148449923166e-01 
 9.1200000000000010e+00 1.0495918928050468e-01 
 9.1300000000000008e+00 1.0552575161360418e-01 
 9.1400000000000006e+00 1.0619187975405313e-01 
 9.1500000000000004e+00 1.0696828195737443e-01 
 9.1600000000000001e+00 1.0786566647909100e-01 
 9.1699999999999999e+00 1.0889474157472573e-01 
 9.1799999999999997e+00 1.1006621549980153e-01 
 9.1899999999999995e+00 1.1139079650984132e-01 
 9.2000000000000011e+00 1.1287919286036829e-01 
 9.2100000000000009e+00 1.1447482464808210e-01 
 9.2200000000000006e+00 1.1611155129672716e-01 
 9.2300000000000004e+00 1.1778574005239222e-01 
 9.2400000000000002e+00 1.1949375816116606e-01 
 9.2500000000000000e+00 1.2123197286913746e-01 
 9.2599999999999998e+00 1.2299675142239522e-01 
 9.2699999999999996e+00 1.2478446106702808e-01 
 9.2799999999999994e+00 1.2659146904912483e-01 
 9.2900000000000009e+00 1.2841414261477457e-01 
 9.3000000000000007e+00 1.3024884901006548e-01 
 9.3100000000000005e+00 1.3209195548108657e-01 
 9.3200000000000003e+00 1.3393982927392670e-01 
 9.3300000000000001e+00 1.3578883763467459e-01 
 9.3399999999999999e+00 1.3763534780941902e-01 
 9.3499999999999996e+00 1.3947572704424882e-01 
 9.3599999999999994e+00 1.4130634258525271e-01 
 9.3700000000000010e+00 1.4312356167851983e-01 
 9.3800000000000008e+00 1.4492375157013829e-01 
 9.3900000000000006e+00 1.4670327950619719e-01 
 9.4000000000000004e+00 1.4845851273278532e-01 
 9.4100000000000001e+00 1.5019993205247037e-01 
 9.4199999999999999e+00 1.5193938764761566e-01 
 9.4299999999999997e+00 1.5367530083400344e-01 
 9.4399999999999995e+00 1.5540609292741589e-01 
 9.4500000000000011e+00 1.5713018524363556e-01 
 9.4600000000000009e+00 1.5884599909844402e-01 
 9.4700000000000006e+00 1.6055195580762380e-01 
 9.4800000000000004e+00 1.6224647668695710e-01 
 9.4900000000000002e+00 1.6392798305222617e-01 
 9.5000000000000000e+00 1.6559489621921319e-01 
 9.5099999999999998e+00 1.6724563750370039e-01 
 9.5199999999999996e+00 1.6887862822146998e-01 
 9.5299999999999994e+00 1.7049228968830415e-01 
 9.5400000000000009e+00 1.7208504321998547e-01 
 9.5500000000000007e+00 1.7365531013229549e-01 
 9.5600000000000005e+00 1.7520151174101678e-01 
 9.5700000000000003e+00 1.7672206936193149e-01 
 9.5800000000000001e+00 1.7821540431082189e-01 
 9.5899999999999999e+00 1.7967993790347020e-01 
 9.5999999999999996e+00 1.8111409145565857e-01 
 9.6099999999999994e+00 1.8225026562063817e-01 
 9.6200000000000010e+00 1.8284531187127889e-01 
 9.6300000000000008e+00 1.8293432775279114e-01 
 9.6400000000000006e+00 1.8255241081038559e-01 
 9.6500000000000004e+00 1.8173465858927285e-01 
 9.6600000000000001e+00 1.8051616863466349e-01 
 9.6699999999999999e+00 1.7893203849176809e-01 
 9.6799999999999997e+00 1.7701736570579724e-01 
 9.6899999999999995e+00 1.7480724782196150e-01 
 9.7000000000000011e+00 1.7233678238547098e-01 
 9.7100000000000009e+00 1.6964106694153719e-01 
 9.7200000000000006e+00 1.6675519903537026e-01 
 9.7300000000000004e+00 1.6371427621218074e-01 
 9.7400000000000002e+00 1.6055339601717925e-01 
 9.7500000000000000e+00 1.5730765599557636e-01 
 9.7599999999999998e+00 1.5401215369258264e-01 
 9.7699999999999996e+00 1.5070198665340867e-01 
 9.7799999999999994e+00 1.4741225242326503e-01 
 9.7900000000000009e+00 1.4417804854736171e-01 
 9.8000000000000007e+00 1.4103447257091051e-01 
 9.8100000000000005e+00 1.3776672500903026e-01 
 9.8200000000000003e+00 1.3416157738351761e-01 
 9.8300000000000001e+00 1.3025648374959875e-01 
 9.8399999999999999e+00 1.2608889816249993e-01 
 9.8499999999999996e+00 1.2169627467744741e-01 
 9.8599999999999994e+00 1.1711606734966740e-01 
 9.8700000000000010e+00 1.1238573023438528e-01 
 9.8800000000000008e+00 1.0754271738682897e-01 
 9.8900000000000006e+00 1.0262448286222388e-01 
 9.9000000000000004e+00 9.7668480715796230e-02 
 9.9100000000000001e+00 9.2712165002772268e-02 
 9.9199999999999999e+00 8.7792989778378239e-02 
 9.9299999999999997e+00 8.2948409097840334e-02 
 9.9399999999999995e+00 7.8215877016384827e-02 
 9.9500000000000011e+00 7.3632847589237119e-02 
 9.9600000000000009e+00 6.9236774871625120e-02 
 9.9700000000000006e+00 6.5065112918774190e-02 
 9.9800000000000004e+00 6.1155315785910588e-02 
 9.9900000000000002e+00 5.7544837528260548e-02 
 1.0000000000000000e+01 5.4271132201050287e-02 
 1.0010000000000000e+01 5.1300586428303450e-02 
 1.0020000000000000e+01 4.8580022328229291e-02 
 1.0029999999999999e+01 4.6117547197332465e-02 
 1.0039999999999999e+01 4.3921268332117638e-02 
 1.0049999999999999e+01 4.1999293029089460e-02 
 1.0060000000000000e+01 4.0359728584752320e-02 
 1.0070000000000000e+01 3.9010682295611471e-02 
 1.0080000000000000e+01 3.7960261458171246e-02 
 1.0090000000000000e+01 3.7216573368936301e-02 
 1.0100000000000000e+01 3.6787725324411297e-02 
 1.0109999999999999e+01 3.6681824621100902e-02 
 1.0119999999999999e+01 3.6906978555509756e-02 
 1.0129999999999999e+01 3.7471294424142529e-02 
 1.0140000000000001e+01 3.8382879523504068e-02 
 1.0150000000000000e+01 3.9649841150098709e-02 
 1.0160000000000000e+01 4.1280286600431246e-02 
 1.0170000000000000e+01 4.3282323171006325e-02 
 1.0180000000000000e+01 4.5664058158328615e-02 
 1.0190000000000000e+01 4.8433598858902756e-02 
 1.0199999999999999e+01 5.1599052569233424e-02 
 1.0209999999999999e+01 5.5213689767988440e-02 
 1.0220000000000001e+01 5.9294601512178025e-02 
 1.0230000000000000e+01 6.3795625965817809e-02 
 1.0240000000000000e+01 6.8670601292925543e-02 
 1.0250000000000000e+01 7.3873365657518314e-02 
 1.0260000000000000e+01 7.9357757223613212e-02 
 1.0270000000000000e+01 8.5077614155227313e-02 
 1.0279999999999999e+01 9.0986774616377664e-02 
 1.0289999999999999e+01 9.7039076771081395e-02 
 1.0299999999999999e+01 1.0318835878335554e-01 
 1.0310000000000000e+01 1.0938845881721831e-01 
 1.0320000000000000e+01 1.1559321503668456e-01 
 1.0330000000000000e+01 1.2175646560577247e-01 
 1.0340000000000000e+01 1.2783204868849912e-01 
 1.0350000000000000e+01 1.3377380244888160e-01 
 1.0359999999999999e+01 1.3953556505093695e-01 
 1.0369999999999999e+01 1.4507117465868230e-01 
 1.0379999999999999e+01 1.5033446943613471e-01 
 1.0390000000000001e+01 1.5527928754731207e-01 
 1.0400000000000000e+01 1.5985946715622978e-01 
 1.0410000000000000e+01 1.6437460024684628e-01 
 1.0420000000000000e+01 1.6911208693955743e-01 
 1.0430000000000000e+01 1.7400747760303764e-01 
 1.0440000000000000e+01 1.7899632260596141e-01 
 1.0449999999999999e+01 1.8401417231700315e-01 
 1.0459999999999999e+01 1.8899657710483728e-01 
 1.0470000000000001e+01 1.9387908733813911e-01 
 1.0480000000000000e+01 1.9859725338558132e-01 
 1.0490000000000000e+01 2.0308662561583926e-01 
 1.0500000000000000e+01 2.0728275439758734e-01 
 1.0510000000000000e+01 2.1112119009950001e-01 
 1.0520000000000000e+01 2.1453748309025170e-01 
 1.0529999999999999e+01 2.1746718373851687e-01 
 1.0539999999999999e+01 2.1984584241296989e-01 
 1.0549999999999999e+01 2.2160900948228529e-01 
 1.0560000000000000e+01 2.2269223531513760e-01 
 1.0570000000000000e+01 2.2303107028020083e-01 
 1.0580000000000000e+01 2.2256106474614973e-01 
 1.0590000000000000e+01 2.2121776908165869e-01 
 1.0600000000000000e+01 2.1893673365540217e-01 
 1.0609999999999999e+01 2.1599338587808772e-01 
 1.0619999999999999e+01 2.1272164966724769e-01 
 1.0629999999999999e+01 2.0914482015179334e-01 
 1.0640000000000001e+01 2.0528619246063523e-01 
 1.0650000000000000e+01 2.0116906172268600e-01 
 1.0660000000000000e+01 1.9681672306685624e-01 
 1.0670000000000000e+01 1.9225247162205725e-01 
 1.0680000000000000e+01 1.8749960251720024e-01 
 1.0690000000000000e+01 1.8258141088119650e-01 
 1.0699999999999999e+01 1.7752119184295734e-01 
 1.0709999999999999e+01 1.7234224053139396e-01 
 1.0720000000000001e+01 1.6706785207541669e-01 
 1.0730000000000000e+01 1.6172132160393871e-01 
 1.0740000000000000e+01 1.5632594424587035e-01 
 1.0750000000000000e+01 1.5090501513012283e-01 
 1.0760000000000000e+01 1.4548182938560747e-01 
 1.0770000000000000e+01 1.4007968214123551e-01 
 1.0779999999999999e+01 1.3472186852591822e-01 
 1.0789999999999999e+01 1.2943168366856683e-01 
 1.0799999999999999e+01 1.2423242269809269e-01 
 1.0810000000000000e+01 1.1898561559567836e-01 
 1.0820000000000000e+01 1.1355392290515430e-01 
 1.0830000000000000e+01 1.0796233559939850e-01 
 1.0840000000000000e+01 1.0223584465128982e-01 
 1.0850000000000000e+01 9.6399441033707151e-02 
 1.0859999999999999e+01 9.0478115719529406e-02 
 1.0869999999999999e+01 8.4496859681635436e-02 
 1.0879999999999999e+01 7.8480663892904146e-02 
 1.0890000000000001e+01 7.2454519326213329e-02 
 1.0900000000000000e+01 6.6443416954444057e-02 
 1.0910000000000000e+01 6.0472347750474109e-02 
 1.0920000000000000e+01 5.4566302687182405e-02 
 1.0930000000000000e+01 4.8750272737447781e-02 
 1.0940000000000000e+01 4.3049248874149182e-02 
 1.0949999999999999e+01 3.7488222070165444e-02 
 1.0959999999999999e+01 3.2092183298375487e-02 
 1.0970000000000001e+01 2.6886123531657272e-02 
 1.0980000000000000e+01 2.1895033742891548e-02 
 1.0990000000000000e+01 1.7143904904956250e-02 
 1.1000000000000000e+01 1.2657727990730283e-02 
 1.1010000000000000e+01 8.8557626570987796e-03 
 1.1020000000000000e+01 6.0984728491344682e-03 
 1.1029999999999999e+01 4.3226559719975726e-03 
 1.1039999999999999e+01 3.4651094308483198e-03 
 1.1049999999999999e+01 3.4626306308469315e-03 
 1.1060000000000000e+01 4.2520169771538413e-03 
 1.1070000000000000e+01 5.7700658749289830e-03 
 1.1080000000000000e+01 7.9535747293326513e-03 
 1.1090000000000000e+01 1.0739340945525080e-02 
 1.1100000000000000e+01 1.4064161928666486e-02 
 1.1109999999999999e+01 1.7864835083917088e-02 
 1.1119999999999999e+01 2.2078157816437124e-02 
 1.1129999999999999e+01 2.6640927531386818e-02 
 1.1140000000000001e+01 3.1489941633927251e-02 
 1.1150000000000000e+01 3.6561997529216954e-02 
 1.1160000000000000e+01 4.1793892622416971e-02 
 1.1170000000000000e+01 4.7122424318687524e-02 
 1.1180000000000000e+01 5.2484390023188839e-02 
 1.1190000000000000e+01 5.7816587141081163e-02 
 1.1199999999999999e+01 6.3055813077524697e-02 
 1.1209999999999999e+01 6.8539061277034963e-02 
 1.1220000000000001e+01 7.4601376086912183e-02 
 1.1230000000000000e+01 8.1176631266489385e-02 
 1.1240000000000000e+01 8.8198700575102776e-02 
 1.1250000000000000e+01 9.5601457772087506e-02 
 1.1260000000000000e+01 1.0331877661677874e-01 
 1.1270000000000000e+01 1.1128453086851167e-01 
 1.1279999999999999e+01 1.1943259428662148e-01 
 1.1289999999999999e+01 1.2769684063044329e-01 
 1.1299999999999999e+01 1.3601114365931236e-01 
 1.1310000000000000e+01 1.4430937713256523e-01 
 1.1320000000000000e+01 1.5252541480953419e-01 
 1.1330000000000000e+01 1.6059313044955584e-01 
 1.1340000000000000e+01 1.6844639781196535e-01 
 1.1350000000000000e+01 1.7601909065609794e-01 
 1.1359999999999999e+01 1.8324508274128876e-01 
 1.1369999999999999e+01 1.9005824782687297e-01 
 1.1379999999999999e+01 1.9639245967218574e-01 
 1.1390000000000001e+01 2.0218159203656325e-01 
 1.1400000000000000e+01 2.0735951867933855e-01 
 1.1410000000000000e+01 2.1208715794326963e-01 
 1.1420000000000000e+01 2.1655453084803633e-01 
 1.1430000000000000e+01 2.2073916516835831e-01 
 1.1440000000000000e+01 2.2461858867895523e-01 
 1.1449999999999999e+01 2.2817032915454680e-01 
 1.1459999999999999e+01 2.3137191436985263e-01 
 1.1470000000000001e+01 2.3420087209959289e-01 
 1.1480000000000000e+01 2.3663473011848626e-01 
 1.1490000000000000e+01 2.3865101620125290e-01 
 1.1500000000000000e+01 2.4022725812261247e-01 
 1.1510000000000000e+01 2.4134098365728471e-01 
 1.1520000000000000e+01 2.4196972057998922e-01 
 1.1529999999999999e+01 2.4209099666544567e-01 
 1.1539999999999999e+01 2.4168233968837377e-01 
 1.1550000000000001e+01 2.4072127742349292e-01 
 1.1560000000000000e+01 2.3918533764552316e-01 
 1.1570000000000000e+01 2.3705204812918401e-01 
 1.1580000000000000e+01 2.3429893664919518e-01 
 1.1590000000000000e+01 2.3090353098027627e-01 
 1.1600000000000000e+01 2.2684335889714702e-01 
 1.1609999999999999e+01 2.2215744354589048e-01 
 1.1619999999999999e+01 2.1693553727780235e-01 
 1.1629999999999999e+01 2.1123126167542117e-01 
 1.1640000000000001e+01 2.0509823832128435e-01 
 1.1650000000000000e+01 1.9859008879793266e-01 
 1.1660000000000000e+01 1.9176043468790355e-01 
 1.1670000000000000e+01 1.8466289757373558e-01 
 1.1680000000000000e+01 1.7735109903796728e-01 
 1.1690000000000000e+01 1.6987866066313720e-01 
 1.1699999999999999e+01 1.6229920403178388e-01 
 1.1709999999999999e+01 1.5466635072644586e-01 
 1.1720000000000001e+01 1.4703372232966033e-01 
 1.1730000000000000e+01 1.3945494042396858e-01 
 1.1740000000000000e+01 1.3198362659190777e-01 
 1.1750000000000000e+01 1.2467340241601639e-01 
 1.1760000000000000e+01 1.1757788947883306e-01 
 1.1770000000000000e+01 1.1075070936289631e-01 
 1.1779999999999999e+01 1.0424548365074467e-01 
 1.1789999999999999e+01 9.8115833924916657e-02 
 1.1800000000000001e+01 9.2415381767949945e-02 
 1.1810000000000000e+01 8.6810698035045458e-02 
 1.1820000000000000e+01 8.0976568016269207e-02 
 1.1830000000000000e+01 7.4978934946461698e-02 
 1.1840000000000000e+01 6.8883742060463424e-02 
 1.1850000000000000e+01 6.2756932593114878e-02 
 1.1859999999999999e+01 5.6664449779256575e-02 
 1.1869999999999999e+01 5.0672236853729007e-02 
 1.1879999999999999e+01 4.4846237051372667e-02 
 1.1890000000000001e+01 3.9252393607027085e-02 
 1.1900000000000000e+01 3.3956649755534772e-02 
 1.1910000000000000e+01 2.9024948731735195e-02 
 1.1920000000000000e+01 2.4523233770468847e-02 
 1.1930000000000000e+01 2.0517448106576255e-02 
 1.1940000000000000e+01 1.7073534974897886e-02 
 1.1949999999999999e+01 1.4257437610274246e-02 
 1.1959999999999999e+01 1.2135099247545841e-02 
 1.1970000000000001e+01 1.0772463121553014e-02 
 1.1980000000000000e+01 1.0235472467136728e-02 
 1.1990000000000000e+01 1.0590070519137199e-02 
 1.2000000000000000e+01 1.1902200512394878e-02 
 1.2010000000000000e+01 1.3974251037429665e-02 
 1.2020000000000000e+01 1.6541841970430578e-02 
 1.2030000000000001e+01 1.9570763474742479e-02 
 1.2039999999999999e+01 2.3026805713707924e-02 
 1.2050000000000001e+01 2.6875758850673649e-02 
 1.2059999999999999e+01 3.1083413048981212e-02 
 1.2070000000000000e+01 3.5615558471977879e-02 
 1.2080000000000000e+01 4.0437985283005608e-02 
 1.2090000000000000e+01 4.5516483645409465e-02 
 1.2100000000000000e+01 5.0816843722533728e-02 
 1.2109999999999999e+01 5.6304855677722684e-02 
 1.2120000000000001e+01 6.1946309674321652e-02 
 1.2129999999999999e+01 6.7706995875671847e-02 
 1.2140000000000001e+01 7.3552704445121658e-02 
 1.2149999999999999e+01 7.9449225546011235e-02 
 1.2160000000000000e+01 8.5362349341689028e-02 
 1.2170000000000000e+01 9.1257865995496179e-02 
 1.2180000000000000e+01 9.7101565670778031e-02 
 1.2190000000000000e+01 1.0285923853087886e-01 
 1.2199999999999999e+01 1.0849667473914296e-01 
 1.2210000000000001e+01 1.1420790846619183e-01 
 1.2219999999999999e+01 1.2018609991457757e-01 
 1.2230000000000000e+01 1.2639572829555043e-01 
 1.2240000000000000e+01 1.3280127282035317e-01 
 1.2250000000000000e+01 1.3936721270023295e-01 
 1.2260000000000000e+01 1.4605802714643579e-01 
 1.2270000000000000e+01 1.5283819537020771e-01 
 1.2280000000000001e+01 1.5967219658279597e-01 
 1.2289999999999999e+01 1.6652450999544299e-01 
 1.2300000000000001e+01 1.7335961481939960e-01 
 1.2309999999999999e+01 1.8014199026590705e-01 
 1.2320000000000000e+01 1.8683611554621621e-01 
 1.2330000000000000e+01 1.9340646987156943e-01 
 1.2340000000000000e+01 1.9981753245321401e-01 
 1.2350000000000000e+01 2.0603378250239598e-01 
 1.2359999999999999e+01 2.1201969923036135e-01 
 1.2370000000000001e+01 2.1773976184835719e-01 
 1.2379999999999999e+01 2.2315844956762654e-01 
 1.2390000000000001e+01 2.2824024159941930e-01 
 1.2399999999999999e+01 2.3294961715497786e-01 
 1.2410000000000000e+01 2.3700373550507731e-01 
 1.2420000000000000e+01 2.4017455106087207e-01 
 1.2430000000000000e+01 2.4250873574418660e-01 
 1.2440000000000000e+01 2.4405296147684452e-01 
 1.2449999999999999e+01 2.4485390018066944e-01 
 1.2460000000000001e+01 2.4495822377748502e-01 
 1.2469999999999999e+01 2.4441260418911495e-01 
 1.2480000000000000e+01 2.4326371333738256e-01 
 1.2490000000000000e+01 2.4155822314411191e-01 
 1.2500000000000000e+01 2.3934280553112647e-01 
 1.2510000000000000e+01 2.3666413242024989e-01 
 1.2520000000000000e+01 2.3356887573330584e-01 
 1.2530000000000001e+01 2.3010370739211730e-01 
 1.2539999999999999e+01 2.2631529931850983e-01 
 1.2550000000000001e+01 2.2225032343430437e-01 
 1.2559999999999999e+01 2.1795545166132749e-01 
 1.2570000000000000e+01 2.1347735592139974e-01 
 1.2580000000000000e+01 2.0886270813634714e-01 
 1.2590000000000000e+01 2.0415818022799254e-01 
 1.2600000000000000e+01 1.9941044411815956e-01 
 1.2609999999999999e+01 1.9436524074489978e-01 
 1.2620000000000001e+01 1.8877791536434591e-01 
 1.2629999999999999e+01 1.8270954637544792e-01 
 1.2640000000000001e+01 1.7622121217714856e-01 
 1.2649999999999999e+01 1.6937399116839935e-01 
 1.2660000000000000e+01 1.6222896174814241e-01 
 1.2670000000000000e+01 1.5484720231532845e-01 
 1.2680000000000000e+01 1.4728979126890318e-01 
 1.2690000000000000e+01 1.3961780700781354e-01 
 1.2699999999999999e+01 1.3189232793100653e-01 
 1.2710000000000001e+01 1.2417443243742775e-01 
 1.2719999999999999e+01 1.1652519892602825e-01 
 1.2730000000000000e+01 1.0900570579574960e-01 
 1.2740000000000000e+01 1.0167703144554278e-01 
 1.2750000000000000e+01 9.4600254274353410e-02 
 1.2760000000000000e+01 8.7836452681128482e-02 
 1.2770000000000000e+01 8.1446705064814939e-02 
 1.2780000000000001e+01 7.5492089824358746e-02 
 1.2789999999999999e+01 7.0033685358709907e-02 
 1.2800000000000001e+01 6.5132570066811502e-02 
 1.2809999999999999e+01 6.0550452128781240e-02 
 1.2820000000000000e+01 5.6034856018391241e-02 
 1.2830000000000000e+01 5.1625584575083004e-02 
 1.2840000000000000e+01 4.7362440638294798e-02 
 1.2850000000000000e+01 4.3285227047465680e-02 
 1.2859999999999999e+01 3.9433746642034723e-02 
 1.2870000000000001e+01 3.5847802261440395e-02 
 1.2879999999999999e+01 3.2567196745123587e-02 
 1.2890000000000001e+01 2.9631732932521054e-02 
 1.2899999999999999e+01 2.7081213663073936e-02 
 1.2910000000000000e+01 2.4955441776219514e-02 
 1.2920000000000000e+01 2.3294220111398090e-02 
 1.2930000000000000e+01 2.2137351508048332e-02 
 1.2940000000000000e+01 2.1524638805609293e-02 
 1.2949999999999999e+01 2.1495884843520059e-02 
 1.2960000000000001e+01 2.2090892461219862e-02 
 1.2969999999999999e+01 2.3349464498147274e-02 
 1.2980000000000000e+01 2.5311403793742270e-02 
 1.2990000000000000e+01 2.8016513187443061e-02 
 1.3000000000000000e+01 3.1504595518689005e-02 
 1.3010000000000000e+01 3.5563188606615635e-02 
 1.3020000000000000e+01 3.9933052859544883e-02 
 1.3030000000000001e+01 4.4583825000696291e-02 
 1.3039999999999999e+01 4.9485141753285986e-02 
 1.3050000000000001e+01 5.4606639840536139e-02 
 1.3059999999999999e+01 5.9917955985661783e-02 
 1.3070000000000000e+01 6.5388726911885409e-02 
 1.3080000000000000e+01 7.0988589342422775e-02 
 1.3090000000000000e+01 7.6687180000493571e-02 
 1.3100000000000000e+01 8.2454135609316470e-02 
 1.3109999999999999e+01 8.8259092892110147e-02 
 1.3120000000000001e+01 9.4071688572094303e-02 
 1.3129999999999999e+01 9.9861559372484573e-02 
 1.3140000000000001e+01 1.0559834201650373e-01 
 1.3149999999999999e+01 1.1125167322736637e-01 
 1.3160000000000000e+01 1.1679118972829522e-01 
 1.3170000000000000e+01 1.2218652824250595e-01 
 1.3180000000000000e+01 1.2740732549321826e-01 
 1.3190000000000000e+01 1.3242321820365083e-01 
 1.3199999999999999e+01 1.3720384309702233e-01 
 1.3210000000000001e+01 1.4191260001387901e-01 
 1.3219999999999999e+01 1.4671478910376665e-01 
 1.3230000000000000e+01 1.5158289755341167e-01 
 1.3240000000000000e+01 1.5648941254953450e-01 
 1.3250000000000000e+01 1.6140682127885897e-01 
 1.3260000000000000e+01 1.6630761092810811e-01 
 1.3270000000000000e+01 1.7116426868400486e-01 
 1.3280000000000001e+01 1.7594928173327307e-01 
 1.3289999999999999e+01 1.8063513726263325e-01 
 1.3300000000000001e+01 1.8519432245881168e-01 
 1.3309999999999999e+01 1.8959932450852812e-01 
 1.3320000000000000e+01 1.9382263059850871e-01 
 1.3330000000000000e+01 1.9783672791547410e-01 
 1.3340000000000000e+01 2.0161410364614810e-01 
 1.3350000000000000e+01 2.0512724497725368e-01 
 1.3359999999999999e+01 2.0834863909551382e-01 
 1.3370000000000001e+01 2.1125077318765206e-01 
 1.3379999999999999e+01 2.1380613444038984e-01 
 1.3390000000000001e+01 2.1598721004045204e-01 
 1.3399999999999999e+01 2.1776648717456010e-01 
 1.3410000000000000e+01 2.1896747883323217e-01 
 1.3420000000000000e+01 2.1946296544318913e-01 
 1.3430000000000000e+01 2.1929933534546131e-01 
 1.3440000000000000e+01 2.1852297688107880e-01 
 1.3449999999999999e+01 2.1718027839107168e-01 
 1.3460000000000001e+01 2.1531762821646966e-01 
 1.3469999999999999e+01 2.1298141469830392e-01 
 1.3480000000000000e+01 2.1021802617760291e-01 
 1.3490000000000000e+01 2.0707385099539810e-01 
 1.3500000000000000e+01 2.0359527749271905e-01 
 1.3510000000000000e+01 1.9982869401059591e-01 
 1.3520000000000000e+01 1.9582048889005874e-01 
 1.3530000000000001e+01 1.9161705047213684e-01 
 1.3539999999999999e+01 1.8726476709786261e-01 
 1.3550000000000001e+01 1.8281002710826300e-01 
 1.3559999999999999e+01 1.7829921884437128e-01 
 1.3570000000000000e+01 1.7377873064721436e-01 
 1.3580000000000000e+01 1.6929495085782464e-01 
 1.3590000000000000e+01 1.6489426781723152e-01 
 1.3600000000000000e+01 1.6062306986646499e-01 
 1.3609999999999999e+01 1.5626529042409953e-01 
 1.3620000000000001e+01 1.5159927528599329e-01 
 1.3629999999999999e+01 1.4666303135910588e-01 
 1.3640000000000001e+01 1.4149456555039089e-01 
 1.3649999999999999e+01 1.3613188476680904e-01 
 1.3660000000000000e+01 1.3061299591531367e-01 
 1.3670000000000000e+01 1.2497590590286471e-01 
 1.3680000000000000e+01 1.1925862163641830e-01 
 1.3690000000000000e+01 1.1349915002293152e-01 
 1.3699999999999999e+01 1.0773549796936145e-01 
 1.3710000000000001e+01 1.0200567238266417e-01 
 1.3719999999999999e+01 9.6347680169799776e-02 
 1.3730000000000000e+01 9.0799528237721361e-02 
 1.3740000000000000e+01 8.5399223493388993e-02 
 1.3750000000000000e+01 8.0184772843758773e-02 
 1.3760000000000000e+01 7.5194183195787745e-02 
 1.3770000000000000e+01 7.0465461456433010e-02 
 1.3780000000000001e+01 6.6036614532650931e-02 
 1.3789999999999999e+01 6.1945649331400801e-02 
 1.3800000000000001e+01 5.8230572759636834e-02 
 1.3809999999999999e+01 5.4866164146323795e-02 
 1.3820000000000000e+01 5.1803837773753886e-02 
 1.3830000000000000e+01 4.9046552978884633e-02 
 1.3840000000000000e+01 4.6597269098671311e-02 
 1.3850000000000000e+01 4.4458945470069747e-02 
 1.3859999999999999e+01 4.2634541430035769e-02 
 1.3870000000000001e+01 4.1127016315524970e-02 
 1.3879999999999999e+01 3.9939329463493892e-02 
 1.3890000000000001e+01 3.9074440210897537e-02 
 1.3899999999999999e+01 3.8535307894692353e-02 
 1.3910000000000000e+01 3.8324891851833763e-02 
 1.3920000000000000e+01 3.8446151419277833e-02 
 1.3930000000000000e+01 3.8902045933980292e-02 
 1.3940000000000000e+01 3.9695534732896991e-02 
 1.3949999999999999e+01 4.0829577152983763e-02 
 1.3960000000000001e+01 4.2307132531196723e-02 
 1.3969999999999999e+01 4.4131160204490830e-02 
 1.3980000000000000e+01 4.6304619509823217e-02 
 1.3990000000000000e+01 4.8830469784148622e-02 
 1.4000000000000000e+01 5.1711670364423257e-02 
 1.4010000000000000e+01 5.4916092168522258e-02 
 1.4020000000000000e+01 5.8390866637392819e-02 
 1.4030000000000001e+01 6.2107843892599553e-02 
 1.4039999999999999e+01 6.6038874055704341e-02 
 1.4050000000000001e+01 7.0155807248273902e-02 
 1.4059999999999999e+01 7.4430493591869235e-02 
 1.4070000000000000e+01 7.8834783208057299e-02 
 1.4080000000000000e+01 8.3340526218399713e-02 
 1.4090000000000000e+01 8.7919572744461161e-02 
 1.4100000000000000e+01 9.2543772907805577e-02 
 1.4109999999999999e+01 9.7184976829996883e-02 
 1.4120000000000001e+01 1.0181503463259985e-01 
 1.4129999999999999e+01 1.0640579643717590e-01 
 1.4140000000000001e+01 1.1092911236529227e-01 
 1.4149999999999999e+01 1.1535683253850963e-01 
 1.4160000000000000e+01 1.1966080707839508e-01 
 1.4170000000000000e+01 1.2381288610651019e-01 
 1.4180000000000000e+01 1.2778491974441966e-01 
 1.4190000000000000e+01 1.3154875811368744e-01 
 1.4199999999999999e+01 1.3507625133587747e-01 
 1.4210000000000001e+01 1.3850893391593144e-01 
 1.4219999999999999e+01 1.4199178214225455e-01 
 1.4230000000000000e+01 1.4550180881161195e-01 
 1.4240000000000000e+01 1.4901602672076444e-01 
 1.4250000000000000e+01 1.5251144866647531e-01 
 1.4260000000000000e+01 1.5596508744550724e-01 
 1.4270000000000000e+01 1.5935395585462289e-01 
 1.4280000000000001e+01 1.6265506669058552e-01 
 1.4289999999999999e+01 1.6584543275015606e-01 
 1.4300000000000001e+01 1.6890206683009942e-01 
 1.4309999999999999e+01 1.7180198172717615e-01 
 1.4320000000000000e+01 1.7452219023815091e-01 
 1.4330000000000000e+01 1.7703970515978490e-01 
 1.4340000000000000e+01 1.7933153928884132e-01 
 1.4350000000000000e+01 1.8137470542208281e-01 
 1.4359999999999999e+01 1.8314621635627204e-01 
 1.4370000000000001e+01 1.8462308488817192e-01 
 1.4379999999999999e+01 1.8578232381454440e-01 
 1.4390000000000001e+01 1.8660094593215298e-01 
 1.4399999999999999e+01 1.8705596403775979e-01 
 1.4410000000000000e+01 1.8713818870762633e-01 
 1.4420000000000000e+01 1.8686759522860175e-01 
 1.4430000000000000e+01 1.8626494346333070e-01 
 1.4440000000000000e+01 1.8535099327445784e-01 
 1.4449999999999999e+01 1.8414650452462783e-01 
 1.4460000000000001e+01 1.8267223707648497e-01 
 1.4469999999999999e+01 1.8094895079267478e-01 
 1.4480000000000000e+01 1.7899740553584070e-01 
 1.4490000000000000e+01 1.7683836116862831e-01 
 1.4500000000000000e+01 1.7449257755368192e-01 
 1.4510000000000000e+01 1.7198081455364617e-01 
 1.4520000000000000e+01 1.6932383203116572e-01 
 1.4530000000000001e+01 1.6654238984888470e-01 
 1.4539999999999999e+01 1.6365724786944921e-01 
 1.4550000000000001e+01 1.6068916595550189e-01 
 1.4559999999999999e+01 1.5765890396968951e-01 
 1.4570000000000000e+01 1.5458722177465448e-01 
 1.4580000000000000e+01 1.5149487923304311e-01 
 1.4590000000000000e+01 1.4840263620749949e-01 
 1.4600000000000000e+01 1.4533125256066826e-01 
 1.4609999999999999e+01 1.4217389500387129e-01 
 1.4620000000000001e+01 1.3882518171574981e-01 
 1.4629999999999999e+01 1.3530804975993027e-01 
 1.4640000000000001e+01 1.3164543620003480e-01 
 1.4649999999999999e+01 1.2786027809969061e-01 
 1.4660000000000000e+01 1.2397551252251965e-01 
 1.4670000000000000e+01 1.2001407653214859e-01 
 1.4680000000000000e+01 1.1599890719220139e-01 
 1.4690000000000000e+01 1.1195294156630267e-01 
 1.4699999999999999e+01 1.0789911671807703e-01 
 1.4710000000000001e+01 1.0386036971114843e-01 
 1.4719999999999999e+01 9.9859637609143598e-02 
 1.4730000000000000e+01 9.5919857475684350e-02 
 1.4740000000000000e+01 9.2063966374397427e-02 
 1.4750000000000000e+01 8.8314901368906740e-02 
 1.4760000000000000e+01 8.4695599522836923e-02 
 1.4770000000000000e+01 8.1228997899812583e-02 
 1.4780000000000001e+01 7.7938033563457812e-02 
 1.4789999999999999e+01 7.4845643577398924e-02 
 1.4800000000000001e+01 7.1974765005258345e-02 
 1.4809999999999999e+01 6.9254428688684630e-02 
 1.4820000000000000e+01 6.6613250555939585e-02 
 1.4830000000000000e+01 6.4073545300575185e-02 
 1.4840000000000000e+01 6.1657627616141505e-02 
 1.4850000000000000e+01 5.9387812196189112e-02 
 1.4859999999999999e+01 5.7286413734268557e-02 
 1.4870000000000001e+01 5.5375746923930068e-02 
 1.4879999999999999e+01 5.3678126458725169e-02 
 1.4890000000000001e+01 5.2215867032203211e-02 
 1.4899999999999999e+01 5.1011283337915790e-02 
 1.4910000000000000e+01 5.0086690069412604e-02 
 1.4920000000000000e+01 4.9464401920244774e-02 
 1.4930000000000000e+01 4.9166733583962674e-02 
 1.4940000000000000e+01 4.9215999754116849e-02 
 1.4949999999999999e+01 4.9634515124257858e-02 
 1.4960000000000001e+01 5.0444594387936442e-02 
 1.4969999999999999e+01 5.1668552238702613e-02 
 1.4980000000000000e+01 5.3328703370107797e-02 
 1.4990000000000000e+01 5.5447362475701784e-02 
 1.5000000000000000e+01 5.8046844249035390e-02 
 1.5010000000000000e+01 6.0894866624307126e-02 
 1.5020000000000000e+01 6.3744219131063318e-02 
 1.5030000000000001e+01 6.6594823855876700e-02 
 1.5039999999999999e+01 6.9446602885317982e-02 
 1.5050000000000001e+01 7.2299478305961437e-02 
 1.5059999999999999e+01 7.5153372204377261e-02 
 1.5070000000000000e+01 7.8008206667139729e-02 
 1.5080000000000000e+01 8.0863903780819535e-02 
 1.5090000000000000e+01 8.3720385631989441e-02 
 1.5100000000000000e+01 8.6577574307221669e-02 
 1.5109999999999999e+01 8.9435391893088467e-02 
 1.5120000000000001e+01 9.2293760476162570e-02 
 1.5129999999999999e+01 9.5152602143014686e-02 
 1.5140000000000001e+01 9.8011838980219076e-02 
 1.5149999999999999e+01 1.0087139307434596e-01 
 1.5160000000000000e+01 1.0373118651196959e-01 
 1.5170000000000000e+01 1.0659114137966069e-01 
 1.5180000000000000e+01 1.0945117976399199e-01 
 1.5190000000000000e+01 1.1231122375153574e-01 
 1.5199999999999999e+01 1.1517119542886416e-01 
 1.5210000000000001e+01 1.1803189074130968e-01 
 1.5219999999999999e+01 1.2089403172289828e-01 
 1.5230000000000000e+01 1.2375742959324761e-01 
 1.5240000000000000e+01 1.2662189557197176e-01 
 1.5250000000000000e+01 1.2948724087868682e-01 
 1.5260000000000000e+01 1.3235327673300848e-01 
 1.5270000000000000e+01 1.3521981435455227e-01 
 1.5280000000000001e+01 1.3808666496293437e-01 
 1.5289999999999999e+01 1.4095363977776887e-01 
 1.5300000000000001e+01 1.4382055001867339e-01 
 1.5309999999999999e+01 1.4668720690526149e-01 
 1.5320000000000000e+01 1.4955342165715091e-01 
 1.5330000000000000e+01 1.5241900549395565e-01 
 1.5340000000000000e+01 1.5528376963529186e-01 
 1.5350000000000000e+01 1.5814752530077517e-01 
 1.5359999999999999e+01 1.6101008371002118e-01 
 1.5370000000000001e+01 1.6387125608264602e-01 
 1.5379999999999999e+01 1.6673085363826376e-01 
 1.5390000000000001e+01 1.6958868759649207e-01 
 1.5399999999999999e+01 1.7244456917694453e-01 
 1.5410000000000000e+01 1.7504263662852745e-01 
 1.5420000000000000e+01 1.7714322882690026e-01 
 1.5430000000000000e+01 1.7877045793181418e-01 
 1.5440000000000000e+01 1.7994843610301986e-01 
 1.5449999999999999e+01 1.8070127550026807e-01 
 1.5460000000000001e+01 1.8105308828330949e-01 
 1.5469999999999999e+01 1.8102798661189473e-01 
 1.5480000000000000e+01 1.8065008264577448e-01 
 1.5490000000000000e+01 1.7994348854469958e-01 
 1.5500000000000000e+01 1.7893231646842062e-01 
 1.5510000000000000e+01 1.7764067857668836e-01 
 1.5520000000000000e+01 1.7609268702925346e-01 
 1.5530000000000001e+01 1.7431245398586631e-01 
 1.5539999999999999e+01 1.7232409160627857e-01 
 1.5550000000000001e+01 1.7015171205023957e-01 
 1.5559999999999999e+01 1.6781942747750153e-01 
 1.5570000000000000e+01 1.6535135004781348e-01 
 1.5580000000000000e+01 1.6277159192092744e-01 
 1.5590000000000000e+01 1.6010426525659363e-01 
 1.5600000000000000e+01 1.5737348221456277e-01 
 1.5609999999999999e+01 1.5448234155976193e-01 
 1.5620000000000001e+01 1.5133563606641998e-01 
 1.5629999999999999e+01 1.4796001890824298e-01 
 1.5640000000000001e+01 1.4438214325893292e-01 
 1.5649999999999999e+01 1.4062866229219667e-01 
 1.5660000000000000e+01 1.3672622918173594e-01 
 1.5670000000000000e+01 1.3270149710125706e-01 
 1.5680000000000000e+01 1.2858111922446375e-01 
 1.5690000000000000e+01 1.2439174872506034e-01 
 1.5699999999999999e+01 1.2016003877675116e-01 
 1.5710000000000001e+01 1.1591264255323985e-01 
 1.5719999999999999e+01 1.1167621322823297e-01 
 1.5730000000000000e+01 1.0747740397543187e-01 
 1.5740000000000000e+01 1.0334286796854320e-01 
 1.5750000000000000e+01 9.9299258381270489e-02 
 1.5760000000000000e+01 9.5373228387318140e-02 
 1.5770000000000000e+01 9.1591431160390452e-02 
 1.5780000000000001e+01 8.7980519874191185e-02 
 1.5789999999999999e+01 8.4567147702426543e-02 
 1.5800000000000001e+01 8.1377967818798469e-02 
 1.5809999999999999e+01 7.8275991624387864e-02 
 1.5820000000000000e+01 7.5125763177662536e-02 
 1.5830000000000000e+01 7.1956234638415703e-02 
 1.5840000000000000e+01 6.8796358166438351e-02 
 1.5850000000000000e+01 6.5675085921522020e-02 
 1.5859999999999999e+01 6.2621370063458262e-02 
 1.5870000000000001e+01 5.9664162752038098e-02 
 1.5879999999999999e+01 5.6832416147054622e-02 
 1.5890000000000001e+01 5.4155082408297375e-02 
 1.5900000000000000e+01 5.1661113695559355e-02 
 1.5910000000000000e+01 4.9379462168631642e-02 
 1.5920000000000000e+01 4.7339079987305757e-02 
 1.5930000000000000e+01 4.5568919311373253e-02 
 1.5940000000000000e+01 4.4097932300625677e-02 
 1.5949999999999999e+01 4.2955071114854568e-02 
 1.5960000000000001e+01 4.2169287913851362e-02 
 1.5969999999999999e+01 4.1769534857407926e-02 
 1.5980000000000000e+01 4.1784764105315522e-02 
 1.5990000000000000e+01 4.2243927817365808e-02 
 1.6000000000000000e+01 4.3175978153350281e-02 
 1.6009999999999998e+01 4.4497513306608033e-02 
 1.6020000000000000e+01 4.6093894968728191e-02 
 1.6030000000000001e+01 4.7947220546875391e-02 
 1.6039999999999999e+01 5.0039587448213914e-02 
 1.6050000000000001e+01 5.2353093079910304e-02 
 1.6059999999999999e+01 5.4869834849127989e-02 
 1.6070000000000000e+01 5.7571910163033820e-02 
 1.6079999999999998e+01 6.0441416428790945e-02 
 1.6090000000000000e+01 6.3460451053566458e-02 
 1.6100000000000001e+01 6.6611111444524432e-02 
 1.6109999999999999e+01 6.9875495008828753e-02 
 1.6120000000000001e+01 7.3235699153646777e-02 
 1.6129999999999999e+01 7.6673821286141225e-02 
 1.6140000000000001e+01 8.0171958813479563e-02 
 1.6149999999999999e+01 8.3712209142824401e-02 
 1.6160000000000000e+01 8.7276669681343289e-02 
 1.6170000000000002e+01 9.0847437836200057e-02 
 1.6180000000000000e+01 9.4406611014558522e-02 
 1.6190000000000001e+01 9.7936286623586222e-02 
 1.6199999999999999e+01 1.0141856207044575e-01 
 1.6210000000000001e+01 1.0496720499864683e-01 
 1.6219999999999999e+01 1.0869317951865222e-01 
 1.6230000000000000e+01 1.1257437773806685e-01 
 1.6239999999999998e+01 1.1658869176449020e-01 
 1.6250000000000000e+01 1.2071401370552741e-01 
 1.6259999999999998e+01 1.2492823566877781e-01 
 1.6270000000000000e+01 1.2920924976184664e-01 
 1.6280000000000001e+01 1.3353494809233468e-01 
 1.6289999999999999e+01 1.3788322276784262e-01 
 1.6300000000000001e+01 1.4223196589597584e-01 
 1.6309999999999999e+01 1.4655906958433348e-01 
 1.6320000000000000e+01 1.5084242594052089e-01 
 1.6329999999999998e+01 1.5505992707213728e-01 
 1.6340000000000000e+01 1.5918946508678794e-01 
 1.6350000000000001e+01 1.6320893209207357e-01 
 1.6359999999999999e+01 1.6709622019559511e-01 
 1.6370000000000001e+01 1.7082922150495755e-01 
 1.6379999999999999e+01 1.7438582812776049e-01 
 1.6390000000000001e+01 1.7774393217160875e-01 
 1.6399999999999999e+01 1.8088142574410221e-01 
 1.6410000000000000e+01 1.8366892631832860e-01 
 1.6420000000000002e+01 1.8600184682219914e-01 
 1.6430000000000000e+01 1.8789527254555594e-01 
 1.6440000000000001e+01 1.8936428877824302e-01 
 1.6449999999999999e+01 1.9042398081010201e-01 
 1.6460000000000001e+01 1.9108943393097638e-01 
 1.6469999999999999e+01 1.9137573343070832e-01 
 1.6480000000000000e+01 1.9129796459914072e-01 
 1.6489999999999998e+01 1.9087121272611635e-01 
 1.6500000000000000e+01 1.9011056310147756e-01 
 1.6509999999999998e+01 1.8903110101506762e-01 
 1.6520000000000000e+01 1.8764791175672840e-01 
 1.6530000000000001e+01 1.8597608061630297e-01 
 1.6539999999999999e+01 1.8403069288363472e-01 
 1.6550000000000001e+01 1.8182683384856502e-01 
 1.6559999999999999e+01 1.7937958880093804e-01 
 1.6570000000000000e+01 1.7670404303059481e-01 
 1.6579999999999998e+01 1.7381528182737987e-01 
 1.6590000000000000e+01 1.7072839048113386e-01 
 1.6600000000000001e+01 1.6745845428170048e-01 
 1.6609999999999999e+01 1.6391609106413421e-01 
 1.6620000000000001e+01 1.6002603057882683e-01 
 1.6629999999999999e+01 1.5582452598863547e-01 
 1.6640000000000001e+01 1.5134783045641151e-01 
 1.6649999999999999e+01 1.4663219714501247e-01 
 1.6660000000000000e+01 1.4171387921728934e-01 
 1.6670000000000002e+01 1.3662912983609821e-01 
 1.6680000000000000e+01 1.3141420216429528e-01 
 1.6690000000000001e+01 1.2610534936473122e-01 
 1.6699999999999999e+01 1.2073882460026417e-01 
 1.6710000000000001e+01 1.1535088103374468e-01 
 1.6719999999999999e+01 1.0997777182803094e-01 
 1.6730000000000000e+01 1.0465575014597349e-01 
 1.6739999999999998e+01 9.9421069150430461e-02 
 1.6750000000000000e+01 9.4309982004252529e-02 
 1.6759999999999998e+01 8.9358741870297645e-02 
 1.6770000000000000e+01 8.4603601911416693e-02 
 1.6780000000000001e+01 8.0080815290465832e-02 
 1.6789999999999999e+01 7.5826635170300888e-02 
 1.6800000000000001e+01 7.1877314713773233e-02 
 1.6809999999999999e+01 6.8027051133195793e-02 
 1.6820000000000000e+01 6.4075087398675457e-02 
 1.6829999999999998e+01 6.0065245309768853e-02 
 1.6840000000000000e+01 5.6041346666027003e-02 
 1.6850000000000001e+01 5.2047213267005163e-02 
 1.6859999999999999e+01 4.8126666912258573e-02 
 1.6870000000000001e+01 4.4323529401338296e-02 
 1.6879999999999999e+01 4.0681622533800851e-02 
 1.6890000000000001e+01 3.7244768109197496e-02 
 1.6899999999999999e+01 3.4056787927084518e-02 
 1.6910000000000000e+01 3.1161503787013475e-02 
 1.6920000000000002e+01 2.8602737488539413e-02 
 1.6930000000000000e+01 2.6424310831216900e-02 
 1.6940000000000001e+01 2.4670045614598228e-02 
 1.6949999999999999e+01 2.3383763638238464e-02 
 1.6960000000000001e+01 2.2609286701690545e-02 
 1.6969999999999999e+01 2.2390436604508852e-02 
 1.6980000000000000e+01 2.2771035146247058e-02 
 1.6989999999999998e+01 2.3794904126458738e-02 
 1.7000000000000000e+01 2.5505865344698453e-02 
 1.7009999999999998e+01 2.7715540278623690e-02 
 1.7020000000000000e+01 3.0194326286100852e-02 
 1.7030000000000001e+01 3.2924208986992456e-02 
 1.7039999999999999e+01 3.5887174001160670e-02 
 1.7050000000000001e+01 3.9065206948470863e-02 
 1.7059999999999999e+01 4.2440293448784042e-02 
 1.7070000000000000e+01 4.5994419121965884e-02 
 1.7079999999999998e+01 4.9709569587877117e-02 
 1.7090000000000000e+01 5.3567730466383662e-02 
 1.7100000000000001e+01 5.7550887377347475e-02 
 1.7109999999999999e+01 6.1641025940630347e-02 
 1.7120000000000001e+01 6.5820131776098439e-02 
 1.7129999999999999e+01 7.0070190503612073e-02 
 1.7140000000000001e+01 7.4373187743037500e-02 
 1.7149999999999999e+01 7.8711109114234984e-02 
 1.7160000000000000e+01 8.3065940237070826e-02 
 1.7170000000000002e+01 8.7419666731406762e-02 
 1.7180000000000000e+01 9.1754274217104512e-02 
 1.7190000000000001e+01 9.6051748314030447e-02 
 1.7199999999999999e+01 1.0029407464204476e-01 
 1.7210000000000001e+01 1.0459934682295885e-01 
 1.7219999999999999e+01 1.0908226621774075e-01 
 1.7230000000000000e+01 1.1371973005500118e-01 
 1.7239999999999998e+01 1.1848863556334430e-01 
 1.7250000000000000e+01 1.2336587997138103e-01 
 1.7259999999999998e+01 1.2832836050771537e-01 
 1.7270000000000000e+01 1.3335297440095834e-01 
 1.7280000000000001e+01 1.3841661887971568e-01 
 1.7289999999999999e+01 1.4349619117259310e-01 
 1.7300000000000001e+01 1.4856858850820165e-01 
 1.7309999999999999e+01 1.5361070811514521e-01 
 1.7320000000000000e+01 1.5859944722203492e-01 
 1.7329999999999998e+01 1.6351170305747470e-01 
 1.7340000000000000e+01 1.6832437285007551e-01 
 1.7350000000000001e+01 1.7301435382844310e-01 
 1.7359999999999999e+01 1.7755854322118336e-01 
 1.7370000000000001e+01 1.8193383825690701e-01 
 1.7379999999999999e+01 1.8611713616421843e-01 
 1.7390000000000001e+01 1.9008533417172807e-01 
 1.7399999999999999e+01 1.9381532950804065e-01 
 1.7410000000000000e+01 1.9705860218291454e-01 
 1.7420000000000002e+01 1.9960560663249780e-01 
 1.7430000000000000e+01 2.0149170172498815e-01 
 1.7440000000000001e+01 2.0275224632858532e-01 
 1.7449999999999999e+01 2.0342259931148679e-01 
 1.7460000000000001e+01 2.0353811954189133e-01 
 1.7469999999999999e+01 2.0313416588799724e-01 
 1.7480000000000000e+01 2.0224609721800257e-01 
 1.7489999999999998e+01 2.0090927240010628e-01 
 1.7500000000000000e+01 1.9915905030250580e-01 
 1.7509999999999998e+01 1.9703078979340069e-01 
 1.7520000000000000e+01 1.9455984974098781e-01 
 1.7530000000000001e+01 1.9178158901346620e-01 
 1.7539999999999999e+01 1.8873136647903535e-01 
 1.7550000000000001e+01 1.8544454100589147e-01 
 1.7559999999999999e+01 1.8195647146223523e-01 
 1.7570000000000000e+01 1.7830251671626246e-01 
 1.7579999999999998e+01 1.7451803563617418e-01 
 1.7590000000000000e+01 1.7063838709016596e-01 
 1.7600000000000001e+01 1.6669892994643754e-01 
 1.7609999999999999e+01 1.6249741131811749e-01 
 1.7620000000000001e+01 1.5784117663409578e-01 
 1.7629999999999999e+01 1.5277998223622302e-01 
 1.7640000000000001e+01 1.4736358446634293e-01 
 1.7649999999999999e+01 1.4164173966630669e-01 
 1.7660000000000000e+01 1.3566420417795758e-01 
 1.7670000000000002e+01 1.2948073434314486e-01 
 1.7680000000000000e+01 1.2314108650371822e-01 
 1.7690000000000001e+01 1.1669501700152045e-01 
 1.7699999999999999e+01 1.1019228217840345e-01 
 1.7710000000000001e+01 1.0368263837620993e-01 
 1.7719999999999999e+01 9.7215841936791808e-02 
 1.7730000000000000e+01 9.0841649201991836e-02 
 1.7739999999999998e+01 8.4609816513661826e-02 
 1.7750000000000000e+01 7.8570100213644731e-02 
 1.7759999999999998e+01 7.2772256643792096e-02 
 1.7770000000000000e+01 6.7266042145947169e-02 
 1.7780000000000001e+01 6.2101213061959371e-02 
 1.7789999999999999e+01 5.7327525733677692e-02 
 1.7800000000000001e+01 5.2994736502946060e-02 
 1.7809999999999999e+01 4.8864576939671431e-02 
 1.7820000000000000e+01 4.4698281107844545e-02 
 1.7829999999999998e+01 4.0544859090450650e-02 
 1.7840000000000000e+01 3.6453320970469112e-02 
 1.7850000000000001e+01 3.2472676830883743e-02 
 1.7859999999999999e+01 2.8651936754678198e-02 
 1.7870000000000001e+01 2.5040110824832072e-02 
 1.7879999999999999e+01 2.1686209124330225e-02 
 1.7890000000000001e+01 1.8639241736152598e-02 
 1.7899999999999999e+01 1.5948218743283636e-02 
 1.7910000000000000e+01 1.3662150228703748e-02 
 1.7920000000000002e+01 1.1830046275396286e-02 
 1.7930000000000000e+01 1.0500916966343948e-02 
 1.7940000000000001e+01 9.7237723845281232e-03 
 1.7949999999999999e+01 9.5476226129316485e-03 
 1.7960000000000001e+01 1.0021477734536703e-02 
 1.7969999999999999e+01 1.1194347832325251e-02 
 1.7980000000000000e+01 1.3115242989280448e-02 
 1.7989999999999998e+01 1.5833173288383205e-02 
 1.8000000000000000e+01 1.9397148812617782e-02 
 1.8010000000000002e+01 2.3502738784846978e-02 
 1.8020000000000000e+01 2.7800755811791849e-02 
 1.8030000000000001e+01 3.2273075052226284e-02 
 1.8039999999999999e+01 3.6901571664917941e-02 
 1.8050000000000001e+01 4.1668120808640942e-02 
 1.8059999999999999e+01 4.6554597642162729e-02 
 1.8070000000000000e+01 5.1542877324257622e-02 
 1.8079999999999998e+01 5.6614835013692896e-02 
 1.8090000000000000e+01 6.1752345869242990e-02 
 1.8100000000000001e+01 6.6937285049676942e-02 
 1.8109999999999999e+01 7.2151527713763736e-02 
 1.8120000000000001e+01 7.7376949020277877e-02 
 1.8129999999999999e+01 8.2595424127986525e-02 
 1.8140000000000001e+01 8.7788828195664179e-02 
 1.8149999999999999e+01 9.2939036382078025e-02 
 1.8160000000000000e+01 9.8027923846002521e-02 
 1.8170000000000002e+01 1.0303736574620669e-01 
 1.8180000000000000e+01 1.0794923724145958e-01 
 1.8190000000000001e+01 1.1274541349053556e-01 
 1.8199999999999999e+01 1.1740776965220201e-01 
 1.8210000000000001e+01 1.2202346967258759e-01 
 1.8219999999999999e+01 1.2668284392272339e-01 
 1.8230000000000000e+01 1.3137251719874737e-01 
 1.8239999999999998e+01 1.3607911429679082e-01 
 1.8250000000000000e+01 1.4078926001299166e-01 
 1.8260000000000002e+01 1.4548957914348284e-01 
 1.8270000000000000e+01 1.5016669648439734e-01 
 1.8280000000000001e+01 1.5480723683187306e-01 
 1.8289999999999999e+01 1.5939782498204136e-01 
 1.8300000000000001e+01 1.6392508573104009e-01 
 1.8309999999999999e+01 1.6837564387500067e-01 
 1.8320000000000000e+01 1.7273612421006085e-01 
 1.8329999999999998e+01 1.7699315153235221e-01 
 1.8340000000000000e+01 1.8113335063801231e-01 
 1.8350000000000001e+01 1.8514334632317428e-01 
 1.8359999999999999e+01 1.8900976338397135e-01 
 1.8370000000000001e+01 1.9271922661654092e-01 
 1.8379999999999999e+01 1.9625836081701495e-01 
 1.8390000000000001e+01 1.9961379078153058e-01 
 1.8399999999999999e+01 2.0277214130622001e-01 
 1.8410000000000000e+01 2.0536392282514718e-01 
 1.8420000000000002e+01 2.0706741641449189e-01 
 1.8430000000000000e+01 2.0794090283356850e-01 
 1.8440000000000001e+01 2.0804266284169221e-01 
 1.8449999999999999e+01 2.0743097719817735e-01 
 1.8460000000000001e+01 2.0616412666233805e-01 
 1.8469999999999999e+01 2.0430039199348968e-01 
 1.8480000000000000e+01 2.0189805395094540e-01 
 1.8489999999999998e+01 1.9901539329402143e-01 
 1.8500000000000000e+01 1.9571069078203024e-01 
 1.8510000000000002e+01 1.9204222717428729e-01 
 1.8520000000000000e+01 1.8806828323010852e-01 
 1.8530000000000001e+01 1.8384713970880570e-01 
 1.8539999999999999e+01 1.7943707736969625e-01 
 1.8550000000000001e+01 1.7489637697209157e-01 
 1.8559999999999999e+01 1.7028331927530937e-01 
 1.8570000000000000e+01 1.6565618503866089e-01 
 1.8579999999999998e+01 1.6107325502146388e-01 
 1.8590000000000000e+01 1.5659280998302960e-01 
 1.8600000000000001e+01 1.5227313068267423e-01 
 1.8609999999999999e+01 1.4785420818275627e-01 
 1.8620000000000001e+01 1.4306630347781252e-01 
 1.8629999999999999e+01 1.3795310222543550e-01 
 1.8640000000000001e+01 1.3255829008321074e-01 
 1.8649999999999999e+01 1.2692555270873118e-01 
 1.8660000000000000e+01 1.2109857575958204e-01 
 1.8670000000000002e+01 1.1512104489335440e-01 
 1.8680000000000000e+01 1.0903664576763958e-01 
 1.8690000000000001e+01 1.0288906404002246e-01 
 1.8699999999999999e+01 9.6721985368096508e-02 
 1.8710000000000001e+01 9.0579095409446503e-02 
 1.8719999999999999e+01 8.4504079821665939e-02 
 1.8730000000000000e+01 7.8540624262339639e-02 
 1.8739999999999998e+01 7.2732414389061015e-02 
 1.8750000000000000e+01 6.7123135859415053e-02 
 1.8760000000000002e+01 6.1756474330993030e-02 
 1.8770000000000000e+01 5.6676115461385845e-02 
 1.8780000000000001e+01 5.1925744908179056e-02 
 1.8789999999999999e+01 4.7549048328965199e-02 
 1.8800000000000001e+01 4.3589711381330276e-02 
 1.8809999999999999e+01 3.9964105756562729e-02 
 1.8820000000000000e+01 3.6569574160360135e-02 
 1.8829999999999998e+01 3.3421258771935920e-02 
 1.8840000000000000e+01 3.0534301770498859e-02 
 1.8850000000000001e+01 2.7923845335261134e-02 
 1.8859999999999999e+01 2.5605031645434546e-02 
 1.8870000000000001e+01 2.3593002880228454e-02 
 1.8879999999999999e+01 2.1902901218855301e-02 
 1.8890000000000001e+01 2.0549868840524906e-02 
 1.8899999999999999e+01 1.9549047924449236e-02 
 1.8910000000000000e+01 1.8915580649838597e-02 
 1.8920000000000002e+01 1.8664609195904427e-02 
 1.8930000000000000e+01 1.8811275741857630e-02 
 1.8940000000000001e+01 1.9370722466909317e-02 
 1.8949999999999999e+01 2.0358091550270112e-02 
 1.8960000000000001e+01 2.1788525171151728e-02 
 1.8969999999999999e+01 2.3677165508764149e-02 
 1.8980000000000000e+01 2.6039154742319753e-02 
 1.8989999999999998e+01 2.8889635051027852e-02 
 1.9000000000000000e+01 3.2243748614101508e-02 
 1.9010000000000002e+01 3.6009790036883281e-02 
 1.9020000000000000e+01 4.0066478871136686e-02 
 1.9030000000000001e+01 4.4384594715707909e-02 
 1.9039999999999999e+01 4.8934917169437167e-02 
 1.9050000000000001e+01 5.3688225831170985e-02 
 1.9059999999999999e+01 5.8615300299749290e-02 
 1.9070000000000000e+01 6.3686920174018863e-02 
 1.9079999999999998e+01 6.8873865052819394e-02 
 1.9090000000000000e+01 7.4146914534997860e-02 
 1.9100000000000001e+01 7.9476848219395740e-02 
 1.9109999999999999e+01 8.4834445704854364e-02 
 1.9120000000000001e+01 9.0190486590220859e-02 
 1.9129999999999999e+01 9.5515750474334693e-02 
 1.9140000000000001e+01 1.0078101695604295e-01 
 1.9149999999999999e+01 1.0595706563418519e-01 
 1.9160000000000000e+01 1.1101467610760839e-01 
 1.9170000000000002e+01 1.1592462797515393e-01 
 1.9180000000000000e+01 1.2065770083566348e-01 
 1.9190000000000001e+01 1.2518467428798369e-01 
 1.9199999999999999e+01 1.2947632793095459e-01 
 1.9210000000000001e+01 1.3367774273627905e-01 
 1.9219999999999999e+01 1.3793766296885895e-01 
 1.9230000000000000e+01 1.4223236316734811e-01 
 1.9239999999999998e+01 1.4653811787039436e-01 
 1.9250000000000000e+01 1.5083120161665153e-01 
 1.9260000000000002e+01 1.5508788894476894e-01 
 1.9270000000000000e+01 1.5928445439339592e-01 
 1.9280000000000001e+01 1.6339717250118624e-01 
 1.9289999999999999e+01 1.6740231780678783e-01 
 1.9300000000000001e+01 1.7127616484885436e-01 
 1.9309999999999999e+01 1.7499498816603387e-01 
 1.9320000000000000e+01 1.7853506229697988e-01 
 1.9329999999999998e+01 1.8187266178034067e-01 
 1.9340000000000000e+01 1.8498406115476942e-01 
 1.9350000000000001e+01 1.8784553495891573e-01 
 1.9359999999999999e+01 1.9043335773142958e-01 
 1.9370000000000001e+01 1.9272380401096356e-01 
 1.9379999999999999e+01 1.9469314833616691e-01 
 1.9390000000000001e+01 1.9631766524569183e-01 
 1.9399999999999999e+01 1.9757362927818806e-01 
 1.9410000000000000e+01 1.9835005926397720e-01 
 1.9420000000000002e+01 1.9857470028297794e-01 
 1.9430000000000000e+01 1.9828191624823915e-01 
 1.9440000000000001e+01 1.9750607107280929e-01 
 1.9449999999999999e+01 1.9628152866973755e-01 
 1.9460000000000001e+01 1.9464265295207167e-01 
 1.9469999999999999e+01 1.9262380783286151e-01 
 1.9480000000000000e+01 1.9025935722515427e-01 
 1.9489999999999998e+01 1.8758366504200025e-01 
 1.9500000000000000e+01 1.8463109519644622e-01 
 1.9510000000000002e+01 1.8143601160154171e-01 
 1.9520000000000000e+01 1.7803277817033666e-01 
 1.9530000000000001e+01 1.7445575881587730e-01 
 1.9539999999999999e+01 1.7073931745121482e-01 
 1.9550000000000001e+01 1.6691781798939520e-01 
 1.9559999999999999e+01 1.6302562434346984e-01 
 1.9570000000000000e+01 1.5909710042648456e-01 
 1.9579999999999998e+01 1.5516661015149086e-01 
 1.9590000000000000e+01 1.5126851743153455e-01 
 1.9600000000000001e+01 1.4743718617966572e-01 
 1.9609999999999999e+01 1.4349427777334692e-01 
 1.9620000000000001e+01 1.3926155570720636e-01 
 1.9629999999999999e+01 1.3477353707005049e-01 
 1.9640000000000001e+01 1.3006473895067969e-01 
 1.9649999999999999e+01 1.2516967843790078e-01 
 1.9660000000000000e+01 1.2012287262051380e-01 
 1.9670000000000002e+01 1.1495883858732396e-01 
 1.9680000000000000e+01 1.0971209342713668e-01 
 1.9690000000000001e+01 1.0441715422875172e-01 
 1.9699999999999999e+01 9.9108538080976361e-02 
 1.9710000000000001e+01 9.3820762072610323e-02 
 1.9719999999999999e+01 8.8588343292460875e-02 
 1.9730000000000000e+01 8.3445798829327789e-02 
 1.9739999999999998e+01 7.8427645772018231e-02 
 1.9750000000000000e+01 7.3568401209332140e-02 
 1.9760000000000002e+01 6.8902582230074852e-02 
 1.9770000000000000e+01 6.4464705923051396e-02 
 1.9780000000000001e+01 6.0289289377062169e-02 
 1.9789999999999999e+01 5.6410849680913602e-02 
 1.9800000000000001e+01 5.2863903923406452e-02 
 1.9809999999999999e+01 4.9607816206285682e-02 
 1.9820000000000000e+01 4.6586533346633381e-02 
 1.9829999999999998e+01 4.3811446506268240e-02 
 1.9840000000000000e+01 4.1293946847004839e-02 
 1.9850000000000001e+01 3.9045425530660781e-02 
 1.9859999999999999e+01 3.7077273719053248e-02 
 1.9870000000000001e+01 3.5400882573997414e-02 
 1.9879999999999999e+01 3.4027643257311002e-02 
 1.9890000000000001e+01 3.2968946930809602e-02 
 1.9899999999999999e+01 3.2236184756310508e-02 
 1.9910000000000000e+01 3.1840747895629753e-02 
 1.9920000000000002e+01 3.1794027510584216e-02 
 1.9930000000000000e+01 3.2107414762990269e-02 
 1.9940000000000001e+01 3.2792300814664700e-02 
 1.9949999999999999e+01 3.3860076827423563e-02 
 1.9960000000000001e+01 3.5322133963084167e-02 
 1.9969999999999999e+01 3.7189863383462023e-02 
 1.9980000000000000e+01 3.9474656250375016e-02 
 1.9989999999999998e+01 4.2187903725638062e-02 
 2.0000000000000000e+01 4.5340996971069636e-02 
 