0.0000000000000000e+00 -1.0001260451027028e+00 
 1.0000000000000000e-02 -9.3559849786077209e-01 
 2.0000000000000000e-02 -8.7242299913880683e-01 
 2.9999999999999999e-02 -8.1051010062975160e-01 
 4.0000000000000001e-02 -7.4977035402655168e-01 
 5.0000000000000003e-02 -6.9011431102215182e-01 
 5.9999999999999998e-02 -6.3145252330949719e-01 
 7.0000000000000007e-02 -5.7369554258153244e-01 
 8.0000000000000002e-02 -5.1675392053120284e-01 
 8.9999999999999997e-02 -4.6053820885145313e-01 
 1.0000000000000001e-01 -4.0495895923522840e-01 
 1.1000000000000000e-01 -3.4992672337547359e-01 
 1.2000000000000000e-01 -2.9535205296513356e-01 
 1.3000000000000000e-01 -2.4114549969715326e-01 
 1.4000000000000001e-01 -1.8721761526447789e-01 
 1.4999999999999999e-01 -1.3347895136005217e-01 
 1.6000000000000000e-01 -7.9840059676821173e-02 
 1.7000000000000001e-01 -2.6211491907729867e-02 
 1.7999999999999999e-01 2.7496200254276904e-02 
 1.9000000000000000e-01 8.1372465116253956e-02 
 2.0000000000000001e-01 1.3550675098525689e-01 
 2.0999999999999999e-01 1.8961282625599668e-01 
 2.2000000000000000e-01 2.4323246686387534e-01 
 2.3000000000000001e-01 2.9619713242698220e-01 
 2.3999999999999999e-01 3.4833828256340682e-01 
 2.5000000000000000e-01 3.9948737689123903e-01 
 2.6000000000000001e-01 4.4947587502856834e-01 
 2.7000000000000002e-01 4.9813523659348419e-01 
 2.8000000000000003e-01 5.4529692120407636e-01 
 2.8999999999999998e-01 5.9079238847843407e-01 
 2.9999999999999999e-01 6.3445309803464733e-01 
 3.1000000000000000e-01 6.7611050949080576e-01 
 3.2000000000000001e-01 7.1559608246499873e-01 
 3.3000000000000002e-01 7.5274127657531587e-01 
 3.4000000000000002e-01 7.8737755143984678e-01 
 3.5000000000000003e-01 8.1933636667668108e-01 
 3.5999999999999999e-01 8.4844918190390817e-01 
 3.7000000000000000e-01 8.7454745673961809e-01 
 3.8000000000000000e-01 8.9746265080190013e-01 
 3.9000000000000001e-01 9.1702622370884390e-01 
 4.0000000000000002e-01 9.3306963507853902e-01 
 4.1000000000000003e-01 9.3888494556399338e-01 
 4.1999999999999998e-01 9.2888681939147377e-01 
 4.2999999999999999e-01 9.0459062153895808e-01 
 4.4000000000000000e-01 8.6751171698442431e-01 
 4.5000000000000001e-01 8.1916547070585044e-01 
 4.6000000000000002e-01 7.6106724768121436e-01 
 4.7000000000000003e-01 6.9473241288849408e-01 
 4.7999999999999998e-01 6.2167633130566791e-01 
 4.8999999999999999e-01 5.4341436791071307e-01 
 5.0000000000000000e-01 4.6146188768160806e-01 
 5.1000000000000001e-01 3.7733425559633049e-01 
 5.2000000000000002e-01 2.9254683663285852e-01 
 5.3000000000000003e-01 2.0861499576916986e-01 
 5.4000000000000004e-01 1.2705409798324296e-01 
 5.5000000000000004e-01 4.9379508253055482e-02 
 5.6000000000000005e-01 -2.2893408443414587e-02 
 5.7000000000000006e-01 -8.8249287128189691e-02 
 5.7999999999999996e-01 -1.4517276282329039e-01 
 5.8999999999999997e-01 -1.9214847055074036e-01 
 5.9999999999999998e-01 -2.2766104533256160e-01 
 6.0999999999999999e-01 -2.5640358668870172e-01 
 6.2000000000000000e-01 -2.8399319766688191e-01 
 6.3000000000000000e-01 -3.1030051858078367e-01 
 6.4000000000000001e-01 -3.3519618974408844e-01 
 6.5000000000000002e-01 -3.5855085147047749e-01 
 6.6000000000000003e-01 -3.8023514407363229e-01 
 6.7000000000000004e-01 -4.0011970786723416e-01 
 6.8000000000000005e-01 -4.1807518316496450e-01 
 6.9000000000000006e-01 -4.3397221028050470e-01 
 7.0000000000000007e-01 -4.4768142952753609e-01 
 7.0999999999999996e-01 -4.5907348121973990e-01 
 7.1999999999999997e-01 -4.6801900567079785e-01 
 7.2999999999999998e-01 -4.7438864319439111e-01 
 7.3999999999999999e-01 -4.7805303410420119e-01 
 7.5000000000000000e-01 -4.7888281871390925e-01 
 7.6000000000000001e-01 -4.7674863733719686e-01 
 7.7000000000000002e-01 -4.7152113028774528e-01 
 7.8000000000000003e-01 -4.6307093787923587e-01 
 7.9000000000000004e-01 -4.5126870042535011e-01 
 8.0000000000000004e-01 -4.3598505823976930e-01 
 8.1000000000000005e-01 -4.1316780431300415e-01 
 8.2000000000000006e-01 -3.7967489009865230e-01 
 8.3000000000000007e-01 -3.3674219360502577e-01 
 8.3999999999999997e-01 -2.8560559284043707e-01 
 8.4999999999999998e-01 -2.2750096581319698e-01 
 8.5999999999999999e-01 -1.6366419053161796e-01 
 8.7000000000000000e-01 -9.5331145004012019e-02 
 8.8000000000000000e-01 -2.3737707238690953e-02 
 8.9000000000000001e-01 4.9880244756033254e-02 
 9.0000000000000002e-01 1.2428683297184873e-01 
 9.1000000000000003e-01 1.9824617940044342e-01 
 9.2000000000000004e-01 2.7052240603350541e-01 
 9.3000000000000005e-01 3.3987963486272277e-01 
 9.4000000000000006e-01 4.0508198787978378e-01 
 9.5000000000000007e-01 4.6489358707637607e-01 
 9.5999999999999996e-01 5.1807855444418749e-01 
 9.6999999999999997e-01 5.6340101197490755e-01 
 9.7999999999999998e-01 5.9962508166022266e-01 
 9.8999999999999999e-01 6.2551488549182221e-01 
 1.0000000000000000e+00 6.3983454546139396e-01 
 1.0100000000000000e+00 6.4683007782293611e-01 
 1.0200000000000000e+00 6.5161963078520568e-01 
 1.0300000000000000e+00 6.5427552427202673e-01 
 1.0400000000000000e+00 6.5487007820722343e-01 
 1.0500000000000000e+00 6.5347561251462027e-01 
 1.0600000000000001e+00 6.5016444711804122e-01 
 1.0700000000000001e+00 6.4500890194131066e-01 
 1.0800000000000001e+00 6.3808129690825277e-01 
 1.0900000000000001e+00 6.2945395194269183e-01 
 1.1000000000000001e+00 6.1919918696845200e-01 
 1.1100000000000001e+00 6.0738932190935757e-01 
 1.1200000000000001e+00 5.9409667668923272e-01 
 1.1300000000000001e+00 5.7939357123190183e-01 
 1.1400000000000001e+00 5.6335232546118885e-01 
 1.1500000000000001e+00 5.4604525930091830e-01 
 1.1599999999999999e+00 5.2754469267491477e-01 
 1.1699999999999999e+00 5.0792294550700157e-01 
 1.1799999999999999e+00 4.8725233772100324e-01 
 1.1899999999999999e+00 4.6560518924074429e-01 
 1.2000000000000000e+00 4.4305381999004867e-01 
 1.2100000000000000e+00 4.1688664568334355e-01 
 1.2200000000000000e+00 3.8488748194904676e-01 
 1.2300000000000000e+00 3.4787174858196956e-01 
 1.2400000000000000e+00 3.0665486537692332e-01 
 1.2500000000000000e+00 2.6205225212871919e-01 
 1.2600000000000000e+00 2.1487932863216858e-01 
 1.2700000000000000e+00 1.6595151468208269e-01 
 1.2800000000000000e+00 1.1608423007327273e-01 
 1.2900000000000000e+00 6.6092894600550123e-02 
 1.3000000000000000e+00 1.6792928058725953e-02 
 1.3100000000000001e+00 -3.1000249757388298e-02 
 1.3200000000000001e+00 -7.6471219052981487e-02 
 1.3300000000000001e+00 -1.1880456003324236e-01 
 1.3400000000000001e+00 -1.5718485290335948e-01 
 1.3500000000000001e+00 -1.9079667786852184e-01 
 1.3600000000000001e+00 -2.1882461513391782e-01 
 1.3700000000000001e+00 -2.4045324490473652e-01 
 1.3800000000000001e+00 -2.5486714738616645e-01 
 1.3900000000000001e+00 -2.6125090278339635e-01 
 1.4000000000000001e+00 -2.5878909130161487e-01 
 1.4099999999999999e+00 -2.4975390953298260e-01 
 1.4199999999999999e+00 -2.3718400888300845e-01 
 1.4299999999999999e+00 -2.2141365177690525e-01 
 1.4399999999999999e+00 -2.0277710063988563e-01 
 1.4500000000000000e+00 -1.8160861789716234e-01 
 1.4600000000000000e+00 -1.5824246597394798e-01 
 1.4700000000000000e+00 -1.3301290729545520e-01 
 1.4800000000000000e+00 -1.0625420428689666e-01 
 1.4900000000000000e+00 -7.8300619373485064e-02 
 1.5000000000000000e+00 -4.9486414980433047e-02 
 1.5100000000000000e+00 -2.0145853532953284e-02 
 1.5200000000000000e+00 9.3868025437415792e-03 
 1.5300000000000000e+00 3.8777290824438870e-02 
 1.5400000000000000e+00 6.7691348883926028e-02 
 1.5500000000000000e+00 9.5794714296990158e-02 
 1.5600000000000001e+00 1.2275312463841875e-01 
 1.5700000000000001e+00 1.4823231748299914e-01 
 1.5800000000000001e+00 1.7189803040551882e-01 
 1.5900000000000001e+00 1.9341600098076478e-01 
 1.6000000000000001e+00 2.1245196678352452e-01 
 1.6100000000000001e+00 2.3021687887679623e-01 
 1.6200000000000001e+00 2.4808605641567721e-01 
 1.6300000000000001e+00 2.6597178911310360e-01 
 1.6400000000000001e+00 2.8378636668201146e-01 
 1.6500000000000001e+00 3.0144207883533702e-01 
 1.6600000000000001e+00 3.1885121528601645e-01 
 1.6699999999999999e+00 3.3592606574698547e-01 
 1.6799999999999999e+00 3.5257891993118107e-01 
 1.6899999999999999e+00 3.6872206755153891e-01 
 1.7000000000000000e+00 3.8426779832099511e-01 
 1.7100000000000000e+00 3.9912840195248600e-01 
 1.7200000000000000e+00 4.1321616815894757e-01 
 1.7300000000000000e+00 4.2644338665331610e-01 
 1.7400000000000000e+00 4.3872234714852759e-01 
 1.7500000000000000e+00 4.4996533935751831e-01 
 1.7600000000000000e+00 4.6008465299322432e-01 
 1.7700000000000000e+00 4.6899257776858183e-01 
 1.7800000000000000e+00 4.7660140339652701e-01 
 1.7900000000000000e+00 4.8282341958999592e-01 
 1.8000000000000000e+00 4.8757091606192482e-01 
 1.8100000000000001e+00 4.8760290985831906e-01 
 1.8200000000000001e+00 4.8025864500388926e-01 
 1.8300000000000001e+00 4.6632075167962939e-01 
 1.8400000000000001e+00 4.4657186006653332e-01 
 1.8500000000000001e+00 4.2179460034559502e-01 
 1.8600000000000001e+00 3.9277160269780848e-01 
 1.8700000000000001e+00 3.6028549730416748e-01 
 1.8800000000000001e+00 3.2511891434566603e-01 
 1.8900000000000001e+00 2.8805448400329803e-01 
 1.9000000000000001e+00 2.4987483645805741e-01 
 1.9100000000000001e+00 2.1136260189093820e-01 
 1.9199999999999999e+00 1.7330041048293499e-01 
 1.9299999999999999e+00 1.3647089241504007e-01 
 1.9399999999999999e+00 1.0165667786824828e-01 
 1.9500000000000000e+00 6.9640397023553513e-02 
 1.9600000000000000e+00 4.1204680061949550e-02 
 1.9700000000000000e+00 1.7132157164430617e-02 
 1.9800000000000000e+00 -1.7945414880096155e-03 
 1.9900000000000000e+00 -1.4792785714377144e-02 
 2.0000000000000000e+00 -2.1079945333677852e-02 
 2.0100000000000002e+00 -2.3356632483100673e-02 
 2.0200000000000000e+00 -2.4857166144783348e-02 
 2.0300000000000002e+00 -2.5599476405156300e-02 
 2.0400000000000000e+00 -2.5601493350649741e-02 
 2.0499999999999998e+00 -2.4881147067693999e-02 
 2.0600000000000001e+00 -2.3456367642719276e-02 
 2.0699999999999998e+00 -2.1345085162155986e-02 
 2.0800000000000001e+00 -1.8565229712434215e-02 
 2.0899999999999999e+00 -1.5134731379984501e-02 
 2.1000000000000001e+00 -1.1071520251236812e-02 
 2.1099999999999999e+00 -6.3935264126217927e-03 
 2.1200000000000001e+00 -1.1186799505693117e-03 
 2.1299999999999999e+00 4.7350890484898905e-03 
 2.1400000000000001e+00 1.1149850498126029e-02 
 2.1499999999999999e+00 1.8107674311908267e-02 
 2.1600000000000001e+00 2.5590630403406957e-02 
 2.1699999999999999e+00 3.3580788686191125e-02 
 2.1800000000000002e+00 4.2060219073831215e-02 
 2.1899999999999999e+00 5.1010991479896184e-02 
 2.2000000000000002e+00 6.0415175817956523e-02 
 2.2100000000000000e+00 7.1357293211183295e-02 
 2.2200000000000002e+00 8.4720337528802370e-02 
 2.2300000000000000e+00 1.0018408780346172e-01 
 2.2400000000000002e+00 1.1742832306781190e-01 
 2.2500000000000000e+00 1.3613282235450053e-01 
 2.2600000000000002e+00 1.5597736469617843e-01 
 2.2700000000000000e+00 1.7664172912549300e-01 
 2.2800000000000002e+00 1.9780569467509523e-01 
 2.2900000000000000e+00 2.1914904037763250e-01 
 2.3000000000000003e+00 2.4035154526575575e-01 
 2.3100000000000001e+00 2.6109298837211226e-01 
 2.3199999999999998e+00 2.8105314872935228e-01 
 2.3300000000000001e+00 2.9991180537012574e-01 
 2.3399999999999999e+00 3.1734873732708013e-01 
 2.3500000000000001e+00 3.3304372363286622e-01 
 2.3599999999999999e+00 3.4667654332013165e-01 
 2.3700000000000001e+00 3.5792697542152691e-01 
 2.3799999999999999e+00 3.6647479896970020e-01 
 2.3900000000000001e+00 3.7199979299730124e-01 
 2.3999999999999999e+00 3.7418173653697889e-01 
 2.4100000000000001e+00 3.7256061994003242e-01 
 2.4199999999999999e+00 3.6713775128320547e-01 
 2.4300000000000002e+00 3.5828488618731380e-01 
 2.4399999999999999e+00 3.4637378027317434e-01 
 2.4500000000000002e+00 3.3177618916160212e-01 
 2.4600000000000000e+00 3.1486386847341452e-01 
 2.4700000000000002e+00 2.9600857382942625e-01 
 2.4800000000000000e+00 2.7558206085045511e-01 
 2.4900000000000002e+00 2.5395608515731538e-01 
 2.5000000000000000e+00 2.3150240237082506e-01 
 2.5100000000000002e+00 2.0859276811179842e-01 
 2.5200000000000000e+00 1.8559893800105351e-01 
 2.5300000000000002e+00 1.6289266765940449e-01 
 2.5400000000000000e+00 1.4084571270766943e-01 
 2.5500000000000003e+00 1.1982982876666259e-01 
 2.5600000000000001e+00 1.0021677145720187e-01 
 2.5699999999999998e+00 8.2378296400102469e-02 
 2.5800000000000001e+00 6.6686159216179930e-02 
 2.5899999999999999e+00 5.3512115526251569e-02 
 2.6000000000000001e+00 4.3227920951132703e-02 
 2.6099999999999999e+00 3.4682368133865833e-02 
 2.6200000000000001e+00 2.6493798578914027e-02 
 2.6299999999999999e+00 1.8688291199226770e-02 
 2.6400000000000001e+00 1.1291924907752146e-02 
 2.6499999999999999e+00 4.3307786174395721e-03 
 2.6600000000000001e+00 -2.1690687587627919e-03 
 2.6699999999999999e+00 -8.1815383079055989e-03 
 2.6800000000000002e+00 -1.3680551117040619e-02 
 2.6899999999999999e+00 -1.8640028273218590e-02 
 2.7000000000000002e+00 -2.3033890863491183e-02 
 2.7100000000000000e+00 -2.6836059974909246e-02 
 2.7200000000000002e+00 -3.0020456694524328e-02 
 2.7300000000000000e+00 -3.2561002109387380e-02 
 2.7400000000000002e+00 -3.4431617306549880e-02 
 2.7500000000000000e+00 -3.5606223373062879e-02 
 2.7600000000000002e+00 -3.6058741395977728e-02 
 2.7700000000000000e+00 -3.5763092462345575e-02 
 2.7800000000000002e+00 -3.4693197659217662e-02 
 2.7900000000000000e+00 -3.2822978073645301e-02 
 2.8000000000000003e+00 -3.0126354792679555e-02 
 2.8100000000000001e+00 -2.4481180682602088e-02 
 2.8199999999999998e+00 -1.4167373427801663e-02 
 2.8300000000000001e+00 2.3804865751004406e-04 
 2.8399999999999999e+00 1.8158067259119351e-02 
 2.8500000000000001e+00 3.9015664062815369e-02 
 2.8599999999999999e+00 6.2233820754383842e-02 
 2.8700000000000001e+00 8.7235519019614405e-02 
 2.8799999999999999e+00 1.1344374054429238e-01 
 2.8900000000000001e+00 1.4028146701420768e-01 
 2.8999999999999999e+00 1.6717168011514549e-01 
 2.9100000000000001e+00 1.9353736153289569e-01 
 2.9199999999999999e+00 2.1880149295324361e-01 
 2.9300000000000002e+00 2.4238705606197902e-01 
 2.9399999999999999e+00 2.6371703254488738e-01 
 2.9500000000000002e+00 2.8221440408775811e-01 
 2.9600000000000000e+00 2.9730215237637719e-01 
 2.9700000000000002e+00 3.0840325909653354e-01 
 2.9800000000000000e+00 3.1494070593401374e-01 
 2.9900000000000002e+00 3.1633747457460576e-01 
 3.0000000000000000e+00 3.1201654670409729e-01 
 3.0100000000000002e+00 3.0448383817114316e-01 
 3.0200000000000000e+00 2.9664195744925803e-01 
 3.0300000000000002e+00 2.8850892516151738e-01 
 3.0400000000000000e+00 2.8010276193099787e-01 
 3.0500000000000003e+00 2.7144148838077486e-01 
 3.0600000000000001e+00 2.6254312513392519e-01 
 3.0700000000000003e+00 2.5342569281352406e-01 
 3.0800000000000001e+00 2.4410721204264835e-01 
 3.0899999999999999e+00 2.3460570344437376e-01 
 3.1000000000000001e+00 2.2493918764177587e-01 
 3.1099999999999999e+00 2.1512568525793158e-01 
 3.1200000000000001e+00 2.0518321691591612e-01 
 3.1299999999999999e+00 1.9512980323880641e-01 
 3.1400000000000001e+00 1.8498346484967756e-01 
 3.1499999999999999e+00 1.7476222237160657e-01 
 3.1600000000000001e+00 1.6448409642766856e-01 
 3.1699999999999999e+00 1.5416710764094055e-01 
 3.1800000000000002e+00 1.4382927663449763e-01 
 3.1899999999999999e+00 1.3348862403141676e-01 
 3.2000000000000002e+00 1.2316317045477310e-01 
 3.2100000000000000e+00 1.1263182920912188e-01 
 3.2200000000000002e+00 1.0169836131660573e-01 
 3.2300000000000000e+00 9.0418058976685645e-02 
 3.2400000000000002e+00 7.8846214388820612e-02 
 3.2500000000000000e+00 6.7038119752471675e-02 
 3.2600000000000002e+00 5.5049067267097809e-02 
 3.2700000000000000e+00 4.2934349132160043e-02 
 3.2800000000000002e+00 3.0749257547117353e-02 
 3.2900000000000000e+00 1.8549084711430797e-02 
 3.3000000000000003e+00 6.3891228245593068e-03 
 3.3100000000000001e+00 -5.6753359140360449e-03 
 3.3200000000000003e+00 -1.7588999304896297e-02 
 3.3300000000000001e+00 -2.9296575148560378e-02 
 3.3399999999999999e+00 -4.0742771245568854e-02 
 3.3500000000000001e+00 -5.1872295396462181e-02 
 3.3599999999999999e+00 -6.2629855401779427e-02 
 3.3700000000000001e+00 -7.2960159062061464e-02 
 3.3799999999999999e+00 -8.2807914177847358e-02 
 3.3900000000000001e+00 -9.2117828549678066e-02 
 3.3999999999999999e+00 -1.0083460997809268e-01 
 3.4100000000000001e+00 -1.0640636446613383e-01 
 3.4199999999999999e+00 -1.0665777195531867e-01 
 3.4300000000000002e+00 -1.0209840115390119e-01 
 3.4399999999999999e+00 -9.3237820770135718e-02 
 3.4500000000000002e+00 -8.0585599512275452e-02 
 3.4600000000000000e+00 -6.4651306088575472e-02 
 3.4700000000000002e+00 -4.5944509207288341e-02 
 3.4800000000000000e+00 -2.4974777576669660e-02 
 3.4900000000000002e+00 -2.2516799049715486e-03 
 3.5000000000000000e+00 2.1715215099550059e-02 
 3.5100000000000002e+00 4.6416338728643258e-02 
 3.5200000000000000e+00 7.1342122274051872e-02 
 3.5300000000000002e+00 9.5982997027524303e-02 
 3.5400000000000000e+00 1.1982939428080425e-01 
 3.5500000000000003e+00 1.4237174532563990e-01 
 3.5600000000000001e+00 1.6310048145377537e-01 
 3.5700000000000003e+00 1.8150603395695841e-01 
 3.5800000000000001e+00 1.9707883412693350e-01 
 3.5899999999999999e+00 2.0930931325544772e-01 
 3.6000000000000001e+00 2.1768790263424687e-01 
 3.6099999999999999e+00 2.2371095985284872e-01 
 3.6200000000000001e+00 2.2920992276843985e-01 
 3.6299999999999999e+00 2.3417784307426839e-01 
 3.6400000000000001e+00 2.3860777246358336e-01 
 3.6499999999999999e+00 2.4249276262963290e-01 
 3.6600000000000001e+00 2.4582586526566594e-01 
 3.6699999999999999e+00 2.4860013206493076e-01 
 3.6800000000000002e+00 2.5080861472067617e-01 
 3.6899999999999999e+00 2.5244436492615058e-01 
 3.7000000000000002e+00 2.5350043437460268e-01 
 3.7100000000000000e+00 2.5396987475928096e-01 
 3.7200000000000002e+00 2.5384573777343400e-01 
 3.7300000000000000e+00 2.5312107511031046e-01 
 3.7400000000000002e+00 2.5178893846315875e-01 
 3.7500000000000000e+00 2.4984237952522764e-01 
 3.7600000000000002e+00 2.4727444998976550e-01 
 3.7700000000000000e+00 2.4407820155002113e-01 
 3.7800000000000002e+00 2.4024668589924283e-01 
 3.7900000000000000e+00 2.3577295473067952e-01 
 3.8000000000000003e+00 2.3065005973757935e-01 
 3.8100000000000001e+00 2.2313873937434497e-01 
 3.8200000000000003e+00 2.1183571690097103e-01 
 3.8300000000000001e+00 1.9723802121909687e-01 
 3.8399999999999999e+00 1.7984268123036051e-01 
 3.8500000000000001e+00 1.6014672583639938e-01 
 3.8599999999999999e+00 1.3864718393885367e-01 
 3.8700000000000001e+00 1.1584108443935985e-01 
 3.8799999999999999e+00 9.2225456239558357e-02 
 3.8900000000000001e+00 6.8297328241085586e-02 
 3.8999999999999999e+00 4.4553729345582022e-02 
 3.9100000000000001e+00 2.1491688454683994e-02 
 3.9199999999999999e+00 -3.9176552996811331e-04 
 3.9300000000000002e+00 -2.0599603706737635e-02 
 3.9399999999999999e+00 -3.8634797173984603e-02 
 3.9500000000000002e+00 -5.4000317030072076e-02 
 3.9600000000000000e+00 -6.6199134373360224e-02 
 3.9700000000000002e+00 -7.4734220302211773e-02 
 3.9800000000000000e+00 -7.9108545914987560e-02 
 3.9900000000000002e+00 -7.8825082310049532e-02 
 4.0000000000000000e+00 -7.3386800585759415e-02 
 4.0099999999999998e+00 -6.5085433662871769e-02 
 4.0200000000000005e+00 -5.6558276346436551e-02 
 4.0300000000000002e+00 -4.7826642561260811e-02 
 4.0400000000000000e+00 -3.8911846232149341e-02 
 4.0499999999999998e+00 -2.9835201283907688e-02 
 4.0600000000000005e+00 -2.0618021641340564e-02 
 4.0700000000000003e+00 -1.1281621229255155e-02 
 4.0800000000000001e+00 -1.8473139724561882e-03 
 4.0899999999999999e+00 7.6635862042507968e-03 
 4.0999999999999996e+00 1.7229765376060260e-02 
 4.1100000000000003e+00 2.6829909618167502e-02 
 4.1200000000000001e+00 3.6442705005765283e-02 
 4.1299999999999999e+00 4.6046837614048916e-02 
 4.1399999999999997e+00 5.5620993518212869e-02 
 4.1500000000000004e+00 6.5143858793452386e-02 
 4.1600000000000001e+00 7.4594119514960311e-02 
 4.1699999999999999e+00 8.3950461757931888e-02 
 4.1799999999999997e+00 9.3191571597561640e-02 
 4.1900000000000004e+00 1.0229613510904476e-01 
 4.2000000000000002e+00 1.1124283836757409e-01 
 4.2100000000000000e+00 1.2011675015354643e-01 
 4.2199999999999998e+00 1.2901077109128223e-01 
 4.2300000000000004e+00 1.3791533502186357e-01 
 4.2400000000000002e+00 1.4682087578637013e-01 
 4.2500000000000000e+00 1.5571782722588398e-01 
 4.2599999999999998e+00 1.6459662318148638e-01 
 4.2700000000000005e+00 1.7344769749425945e-01 
 4.2800000000000002e+00 1.8226148400528283e-01 
 4.2900000000000000e+00 1.9102841655563862e-01 
 4.2999999999999998e+00 1.9973892898640808e-01 
 4.3100000000000005e+00 2.0838345513867323e-01 
 4.3200000000000003e+00 2.1695242885351390e-01 
 4.3300000000000001e+00 2.2543628397201204e-01 
 4.3399999999999999e+00 2.3382545433524898e-01 
 4.3500000000000005e+00 2.4211037378430672e-01 
 4.3600000000000003e+00 2.5028147616026508e-01 
 4.3700000000000001e+00 2.5832919530420601e-01 
 4.3799999999999999e+00 2.6624396505721082e-01 
 4.3899999999999997e+00 2.7401621926036090e-01 
 4.4000000000000004e+00 2.8163639175473798e-01 
 4.4100000000000001e+00 2.8658567018768361e-01 
 4.4199999999999999e+00 2.8667102751224044e-01 
 4.4299999999999997e+00 2.8237157552803899e-01 
 4.4400000000000004e+00 2.7416642603470864e-01 
 4.4500000000000002e+00 2.6253469083188130e-01 
 4.4600000000000000e+00 2.4795548171918677e-01 
 4.4699999999999998e+00 2.3090791049625545e-01 
 4.4800000000000004e+00 2.1187108896271595e-01 
 4.4900000000000002e+00 1.9132412891820205e-01 
 4.5000000000000000e+00 1.6974614216234252e-01 
 4.5099999999999998e+00 1.4761624049476776e-01 
 4.5200000000000005e+00 1.2541353571510619e-01 
 4.5300000000000002e+00 1.0361713962299218e-01 
 4.5400000000000000e+00 8.2706164018054057e-02 
 4.5499999999999998e+00 6.3159720699922206e-02 
 4.5600000000000005e+00 4.5456921468225608e-02 
 4.5700000000000003e+00 3.0076878122597739e-02 
 4.5800000000000001e+00 1.7498702462667437e-02 
 4.5899999999999999e+00 8.2015062880648748e-03 
 4.6000000000000005e+00 2.6644013984203907e-03 
 4.6100000000000003e+00 -5.3969054937017587e-04 
 4.6200000000000001e+00 -3.1644959240872085e-03 
 4.6299999999999999e+00 -5.2208749646125343e-03 
 4.6399999999999997e+00 -6.7196879098279805e-03 
 4.6500000000000004e+00 -7.6717949986154360e-03 
 4.6600000000000001e+00 -8.0880564698565579e-03 
 4.6699999999999999e+00 -7.9793325624332827e-03 
 4.6799999999999997e+00 -7.3564835152274393e-03 
 4.6900000000000004e+00 -6.2303695671207318e-03 
 4.7000000000000002e+00 -4.6118509569951860e-03 
 4.7100000000000000e+00 -2.5117879237325511e-03 
 4.7199999999999998e+00 5.8959293785333655e-05 
 4.7300000000000004e+00 3.0895304566769506e-03 
 4.7400000000000002e+00 6.5690653260599124e-03 
 4.7500000000000000e+00 1.0486703663052654e-02 
 4.7599999999999998e+00 1.4831585228773357e-02 
 4.7700000000000005e+00 1.9592849784340605e-02 
 4.7800000000000002e+00 2.4759637090871756e-02 
 4.7900000000000000e+00 3.0321086909485376e-02 
 4.7999999999999998e+00 3.6266339001299636e-02 
 4.8100000000000005e+00 4.3836646575613585e-02 
 4.8200000000000003e+00 5.4048309919503414e-02 
 4.8300000000000001e+00 6.6553039410755993e-02 
 4.8399999999999999e+00 8.1002545427157652e-02 
 4.8500000000000005e+00 9.7048538346496210e-02 
 4.8600000000000003e+00 1.1434272854655517e-01 
 4.8700000000000001e+00 1.3253682640512221e-01 
 4.8799999999999999e+00 1.5128254229998361e-01 
 4.8899999999999997e+00 1.7023158660892582e-01 
 4.9000000000000004e+00 1.8903566970973673e-01 
 4.9100000000000001e+00 2.0734650198019938e-01 
 4.9199999999999999e+00 2.2481579379810174e-01 
 4.9299999999999997e+00 2.4109525554123024e-01 
 4.9400000000000004e+00 2.5583659758737232e-01 
 4.9500000000000002e+00 2.6869153031431181e-01 
 4.9600000000000000e+00 2.7931176409983627e-01 
 4.9699999999999998e+00 2.8734900932173224e-01 
 4.9800000000000004e+00 2.9245497635778622e-01 
 4.9900000000000002e+00 2.9428137558578366e-01 
 5.0000000000000000e+00 2.9247991738351165e-01 
 5.0099999999999998e+00 2.8796112554797448e-01 
 5.0200000000000005e+00 2.8196093636494979e-01 
 5.0300000000000002e+00 2.7461917894538501e-01 
 5.0400000000000000e+00 2.6607568240022617e-01 
 5.0499999999999998e+00 2.5647027584041981e-01 
 5.0600000000000005e+00 2.4594278837691130e-01 
 5.0700000000000003e+00 2.3463304912064906e-01 
 5.0800000000000001e+00 2.2268088718257864e-01 
 5.0899999999999999e+00 2.1022613167364651e-01 
 5.1000000000000005e+00 1.9740861170479793e-01 
 5.1100000000000003e+00 1.8436815638698173e-01 
 5.1200000000000001e+00 1.7124459483114318e-01 
 5.1299999999999999e+00 1.5817775614822877e-01 
 5.1399999999999997e+00 1.4530746944918499e-01 
 5.1500000000000004e+00 1.3277356384495714e-01 
 5.1600000000000001e+00 1.2071586844649398e-01 
 5.1699999999999999e+00 1.0927421236474083e-01 
 5.1799999999999997e+00 9.8588424710644135e-02 
 5.1900000000000004e+00 8.8798334595149575e-02 
 5.2000000000000002e+00 8.0043771129205243e-02 
 5.2100000000000000e+00 7.1869877629470266e-02 
 5.2199999999999998e+00 6.3748353553909176e-02 
 5.2300000000000004e+00 5.5708862225424774e-02 
 5.2400000000000002e+00 4.7781066966921977e-02 
 5.2500000000000000e+00 3.9994631101303579e-02 
 5.2599999999999998e+00 3.2379217951473069e-02 
 5.2700000000000005e+00 2.4964490840333295e-02 
 5.2800000000000002e+00 1.7780113090789092e-02 
 5.2900000000000000e+00 1.0855748025743267e-02 
 5.2999999999999998e+00 4.2210589680993504e-03 
 5.3100000000000005e+00 -2.0942907592397392e-03 
 5.3200000000000003e+00 -8.0606378333693551e-03 
 5.3300000000000001e+00 -1.3648318931386585e-02 
 5.3399999999999999e+00 -1.8827670730387921e-02 
 5.3500000000000005e+00 -2.3569029907470271e-02 
 5.3600000000000003e+00 -2.7842733139729292e-02 
 5.3700000000000001e+00 -3.1619117104261907e-02 
 5.3799999999999999e+00 -3.4868518478164648e-02 
 5.3899999999999997e+00 -3.7561273938533993e-02 
 5.4000000000000004e+00 -3.9667720162466669e-02 
 5.4100000000000001e+00 -3.9211004145767968e-02 
 5.4199999999999999e+00 -3.4530254709121307e-02 
 5.4299999999999997e+00 -2.6069781266939270e-02 
 5.4400000000000004e+00 -1.4273893233633261e-02 
 5.4500000000000002e+00 4.1309997638201007e-04 
 5.4600000000000000e+00 1.7546888948694862e-02 
 5.4699999999999998e+00 3.6683164268892690e-02 
 5.4800000000000004e+00 5.7377616522564859e-02 
 5.4900000000000002e+00 7.9185936295295023e-02 
 5.5000000000000000e+00 1.0166381417267242e-01 
 5.5099999999999998e+00 1.2436694074028443e-01 
 5.5200000000000005e+00 1.4685100658372044e-01 
 5.5300000000000002e+00 1.6867170228856385e-01 
 5.5400000000000000e+00 1.8938471844040408e-01 
 5.5499999999999998e+00 2.0854574562482858e-01 
 5.5600000000000005e+00 2.2571047442742620e-01 
 5.5700000000000003e+00 2.4043459543378115e-01 
 5.5800000000000001e+00 2.5227379922948268e-01 
 5.5899999999999999e+00 2.6078377640011796e-01 
 5.6000000000000005e+00 2.6552021753127475e-01 
 5.6100000000000003e+00 2.6781409697869329e-01 
 5.6200000000000001e+00 2.6931150393424569e-01 
 5.6299999999999999e+00 2.7004080123771501e-01 
 5.6399999999999997e+00 2.7003035172888445e-01 
 5.6500000000000004e+00 2.6930851824753704e-01 
 5.6600000000000001e+00 2.6790366363345602e-01 
 5.6699999999999999e+00 2.6584415072642448e-01 
 5.6799999999999997e+00 2.6315834236622559e-01 
 5.6900000000000004e+00 2.5987460139264212e-01 
 5.7000000000000002e+00 2.5602129064545787e-01 
 5.7100000000000000e+00 2.5162677296445563e-01 
 5.7199999999999998e+00 2.4671941118941854e-01 
 5.7300000000000004e+00 2.4132756816012926e-01 
 5.7400000000000002e+00 2.3547960671637186e-01 
 5.7500000000000000e+00 2.2920388969792904e-01 
 5.7599999999999998e+00 2.2252877994458395e-01 
 5.7700000000000005e+00 2.1548264029611902e-01 
 5.7800000000000002e+00 2.0809383359231867e-01 
 5.7900000000000000e+00 2.0039072267296543e-01 
 5.7999999999999998e+00 1.9240167037784245e-01 
 5.8100000000000005e+00 1.8275337161372987e-01 
 5.8200000000000003e+00 1.7030862126328949e-01 
 5.8300000000000001e+00 1.5544993213012276e-01 
 5.8399999999999999e+00 1.3855981701783182e-01 
 5.8500000000000005e+00 1.2002078873001719e-01 
 5.8600000000000003e+00 1.0021536007028435e-01 
 5.8700000000000001e+00 7.9526043842233871e-02 
 5.8799999999999999e+00 5.8335352849467947e-02 
 5.8899999999999997e+00 3.7025799895588712e-02 
 5.9000000000000004e+00 1.5979897784196562e-02 
 5.9100000000000001e+00 -4.4198406811026270e-03 
 5.9199999999999999e+00 -2.3790902696708471e-02 
 5.9299999999999997e+00 -4.1750775459018896e-02 
 5.9400000000000004e+00 -5.7916946164432992e-02 
 5.9500000000000002e+00 -7.1906902009345741e-02 
 5.9600000000000000e+00 -8.3338130190156512e-02 
 5.9699999999999998e+00 -9.1828117903263062e-02 
 5.9800000000000004e+00 -9.6994352345063539e-02 
 5.9900000000000002e+00 -9.8454320711954812e-02 
 6.0000000000000000e+00 -9.5825510200335362e-02 
 6.0099999999999998e+00 -9.0200902070920977e-02 
 6.0200000000000005e+00 -8.3023837532741368e-02 
 6.0300000000000002e+00 -7.4437343704667591e-02 
 6.0400000000000000e+00 -6.4584447705568773e-02 
 6.0499999999999998e+00 -5.3608176654314679e-02 
 6.0600000000000005e+00 -4.1651557669773930e-02 
 6.0700000000000003e+00 -2.8857617870818392e-02 
 6.0800000000000001e+00 -1.5369384376316797e-02 
 6.0899999999999999e+00 -1.3298843051388481e-03 
 6.1000000000000005e+00 1.3117855223846994e-02 
 6.1100000000000003e+00 2.7830807091768398e-02 
 6.1200000000000001e+00 4.2665944179756943e-02 
 6.1299999999999999e+00 5.7480239368942837e-02 
 6.1400000000000006e+00 7.2130665540457689e-02 
 6.1500000000000004e+00 8.6474195575429125e-02 
 6.1600000000000001e+00 1.0036780235498871e-01 
 6.1699999999999999e+00 1.1366845876026674e-01 
 6.1799999999999997e+00 1.2623313767239347e-01 
 6.1900000000000004e+00 1.3791881197250011e-01 
 6.2000000000000002e+00 1.4858245454171493e-01 
 6.2100000000000000e+00 1.5871207040123361e-01 
 6.2199999999999998e+00 1.6886436761618848e-01 
 6.2300000000000004e+00 1.7899937363361706e-01 
 6.2400000000000002e+00 1.8907711590055432e-01 
 6.2500000000000000e+00 1.9905762186403778e-01 
 6.2599999999999998e+00 2.0890091897110410e-01 
 6.2700000000000005e+00 2.1856703466879090e-01 
 6.2800000000000002e+00 2.2801599640413306e-01 
 6.2900000000000000e+00 2.3720783162416814e-01 
 6.2999999999999998e+00 2.4610256777593284e-01 
 6.3100000000000005e+00 2.5466023230646462e-01 
 6.3200000000000003e+00 2.6284085266279855e-01 
 6.3300000000000001e+00 2.7060445629197216e-01 
 6.3399999999999999e+00 2.7791107064102211e-01 
 6.3500000000000005e+00 2.8472072315698560e-01 
 6.3600000000000003e+00 2.9099344128689830e-01 
 6.3700000000000001e+00 2.9668925247779726e-01 
 6.3799999999999999e+00 3.0176818417671930e-01 
 6.3900000000000006e+00 3.0619026383070147e-01 
 6.4000000000000004e+00 3.0991551888677960e-01 
 6.4100000000000001e+00 3.1070147199747167e-01 
 6.4199999999999999e+00 3.0665433560983096e-01 
 6.4299999999999997e+00 2.9825717186269785e-01 
 6.4400000000000004e+00 2.8599304289491134e-01 
 6.4500000000000002e+00 2.7034501084531398e-01 
 6.4600000000000000e+00 2.5179613785274524e-01 
 6.4699999999999998e+00 2.3082948605604542e-01 
 6.4800000000000004e+00 2.0792811759405280e-01 
 6.4900000000000002e+00 1.8357509460561178e-01 
 6.5000000000000000e+00 1.5825347922956076e-01 
 6.5099999999999998e+00 1.3244633360474001e-01 
 6.5200000000000005e+00 1.0663671986998760e-01 
 6.5300000000000002e+00 8.1307700164148566e-02 
 6.5400000000000000e+00 5.6942336626060963e-02 
 6.5499999999999998e+00 3.4023691394564959e-02 
 6.5600000000000005e+00 1.3034826608499306e-02 
 6.5700000000000003e+00 -5.5411955932920254e-03 
 6.5800000000000001e+00 -2.1221313071970616e-02 
 6.5899999999999999e+00 -3.3522463688696102e-02 
 6.6000000000000005e+00 -4.1961585304628679e-02 
 6.6100000000000003e+00 -4.7919363128679449e-02 
 6.6200000000000001e+00 -5.3104036119903504e-02 
 6.6299999999999999e+00 -5.7523872764672995e-02 
 6.6400000000000006e+00 -6.1187141549360363e-02 
 6.6500000000000004e+00 -6.4102110960337105e-02 
 6.6600000000000001e+00 -6.6277049483975711e-02 
 6.6699999999999999e+00 -6.7720225606648352e-02 
 6.6799999999999997e+00 -6.8439907814727141e-02 
 6.6900000000000004e+00 -6.8444364594584223e-02 
 6.7000000000000002e+00 -6.7741864432591739e-02 
 6.7100000000000000e+00 -6.6340675815121861e-02 
 6.7199999999999998e+00 -6.4249067228546716e-02 
 6.7300000000000004e+00 -6.1475307159238199e-02 
 6.7400000000000002e+00 -5.8027664093568944e-02 
 6.7500000000000000e+00 -5.3914406517910879e-02 
 6.7599999999999998e+00 -4.9143802918636147e-02 
 6.7700000000000005e+00 -4.3724121782116390e-02 
 6.7800000000000002e+00 -3.7663631594724703e-02 
 6.7900000000000000e+00 -3.0970600842832798e-02 
 6.7999999999999998e+00 -2.3653298012812816e-02 
 6.8100000000000005e+00 -1.3971278179702491e-02 
 6.8200000000000003e+00 -5.0751005367280846e-04 
 6.8300000000000001e+00 1.6244617426208176e-02 
 6.8399999999999999e+00 3.5791715320871706e-02 
 6.8500000000000005e+00 5.7640394691251068e-02 
 6.8600000000000003e+00 8.1297266598273604e-02 
 6.8700000000000001e+00 1.0626894210287244e-01 
 6.8799999999999999e+00 1.3206203226597876e-01 
 6.8900000000000006e+00 1.5818314814852619e-01 
 6.9000000000000004e+00 1.8413890081144133e-01 
 6.9100000000000001e+00 2.0943590131565767e-01 
 6.9199999999999999e+00 2.3358076072210654e-01 
 6.9299999999999997e+00 2.5608009009171917e-01 
 6.9400000000000004e+00 2.7644050048542845e-01 
 6.9500000000000002e+00 2.9416860296416208e-01 
 6.9600000000000000e+00 3.0877100858885320e-01 
 6.9699999999999998e+00 3.1975432842043311e-01 
 6.9800000000000004e+00 3.2662517351983322e-01 
 6.9900000000000002e+00 3.2889015494798390e-01 
 7.0000000000000000e+00 3.2605588376581707e-01 
 7.0099999999999998e+00 3.2017168309891508e-01 
 7.0200000000000005e+00 3.1364275696270982e-01 
 7.0300000000000002e+00 3.0650953775290890e-01 
 7.0400000000000000e+00 2.9881245786521798e-01 
 7.0499999999999998e+00 2.9059194969534335e-01 
 7.0600000000000005e+00 2.8188844563899057e-01 
 7.0700000000000003e+00 2.7274237809186747e-01 
 7.0800000000000001e+00 2.6319417944967960e-01 
 7.0899999999999999e+00 2.5328428210813325e-01 
 7.1000000000000005e+00 2.4305311846293381e-01 
 7.1100000000000003e+00 2.3254112090978946e-01 
 7.1200000000000001e+00 2.2178872184440551e-01 
 7.1299999999999999e+00 2.1083635366248832e-01 
 7.1400000000000006e+00 1.9972444875974318e-01 
 7.1500000000000004e+00 1.8849343953187836e-01 
 7.1600000000000001e+00 1.7718375837459924e-01 
 7.1699999999999999e+00 1.6583583768361207e-01 
 7.1799999999999997e+00 1.5449010985462316e-01 
 7.1900000000000004e+00 1.4318700728333783e-01 
 7.2000000000000002e+00 1.3196696236546435e-01 
 7.2100000000000000e+00 1.2036293428235521e-01 
 7.2199999999999998e+00 1.0795724919266929e-01 
 7.2300000000000004e+00 9.4864389958069895e-02 
 7.2400000000000002e+00 8.1198839440223852e-02 
 7.2500000000000000e+00 6.7075080500794526e-02 
 7.2599999999999998e+00 5.2607596001446391e-02 
 7.2700000000000005e+00 3.7910868803842646e-02 
 7.2800000000000002e+00 2.3099381769650373e-02 
 7.2900000000000000e+00 8.2876177605328005e-03 
 7.2999999999999998e+00 -6.4099403618455841e-03 
 7.3100000000000005e+00 -2.0878809735821596e-02 
 7.3200000000000003e+00 -3.5004507499728110e-02 
 7.3300000000000001e+00 -4.8672550791901997e-02 
 7.3399999999999999e+00 -6.1768456750678713e-02 
 7.3500000000000005e+00 -7.4177742514394851e-02 
 7.3600000000000003e+00 -8.5785925221383674e-02 
 7.3700000000000001e+00 -9.6478522009981915e-02 
 7.3799999999999999e+00 -1.0614105001852497e-01 
 7.3900000000000006e+00 -1.1465902638534914e-01 
 7.4000000000000004e+00 -1.2191796824878831e-01 
 7.4100000000000001e+00 -1.2603775743560441e-01 
 7.4199999999999999e+00 -1.2549949501322946e-01 
 7.4299999999999997e+00 -1.2073052698100560e-01 
 7.4400000000000004e+00 -1.1215819933827398e-01 
 7.4500000000000002e+00 -1.0020985808437828e-01 
 7.4600000000000000e+00 -8.5312849218660017e-02 
 7.4699999999999998e+00 -6.7894518740461290e-02 
 7.4800000000000004e+00 -4.8382212649122375e-02 
 7.4900000000000002e+00 -2.7203276943988913e-02 
 7.5000000000000000e+00 -4.7850576244013038e-03 
 7.5099999999999998e+00 1.8445099310298224e-02 
 7.5200000000000005e+00 4.2059847860769828e-02 
 7.5300000000000002e+00 6.5631842027667059e-02 
 7.5400000000000000e+00 8.8733735811649866e-02 
 7.5499999999999998e+00 1.1093818321337631e-01 
 7.5600000000000005e+00 1.3181783823350590e-01 
 7.5700000000000003e+00 1.5094535487269289e-01 
 7.5800000000000001e+00 1.6789338713159702e-01 
 7.5899999999999999e+00 1.8223458901087625e-01 
 7.6000000000000005e+00 1.9354161451118912e-01 
 7.6100000000000003e+00 2.0308096499820955e-01 
 7.6200000000000001e+00 2.1237595703818379e-01 
 7.6299999999999999e+00 2.2138446743262402e-01 
 7.6400000000000006e+00 2.3006437298304325e-01 
 7.6500000000000004e+00 2.3837355049095216e-01 
 7.6600000000000001e+00 2.4626987675786377e-01 
 7.6699999999999999e+00 2.5371122858529027e-01 
 7.6799999999999997e+00 2.6065548277474393e-01 
 7.6900000000000004e+00 2.6706051612773751e-01 
 7.7000000000000002e+00 2.7288420544578207e-01 
 7.7100000000000000e+00 2.7808442753039042e-01 
 7.7199999999999998e+00 2.8261905918307489e-01 
 7.7300000000000004e+00 2.8644597720534792e-01 
 7.7400000000000002e+00 2.8952305839872106e-01 
 7.7500000000000000e+00 2.9180817956470689e-01 
 7.7599999999999998e+00 2.9325921750481776e-01 
 7.7700000000000005e+00 2.9383404902056576e-01 
 7.7800000000000002e+00 2.9349055091346310e-01 
 7.7900000000000000e+00 2.9218659998502200e-01 
 7.7999999999999998e+00 2.8988007303675484e-01 
 7.8100000000000005e+00 2.8494230778365964e-01 
 7.8200000000000003e+00 2.7606227871695282e-01 
 7.8300000000000001e+00 2.6367431780247225e-01 
 7.8399999999999999e+00 2.4821275700605611e-01 
 7.8500000000000005e+00 2.3011192829354077e-01 
 7.8600000000000003e+00 2.0980616363076759e-01 
 7.8700000000000001e+00 1.8772979498357331e-01 
 7.8799999999999999e+00 1.6431715431779600e-01 
 7.8900000000000006e+00 1.4000257359927157e-01 
 7.9000000000000004e+00 1.1522038479384256e-01 
 7.9100000000000001e+00 9.0404919867344974e-02 
 7.9199999999999999e+00 6.5990510785616907e-02 
 7.9300000000000006e+00 4.2411489514494499e-02 
 7.9400000000000004e+00 2.0102188019820111e-02 
 7.9500000000000002e+00 -5.0306173257030906e-04 
 7.9600000000000000e+00 -1.8969927776838591e-02 
 7.9699999999999998e+00 -3.4864078147146593e-02 
 7.9800000000000004e+00 -4.7751180877657229e-02 
 7.9900000000000002e+00 -5.7196904002529969e-02 
 8.0000000000000000e+00 -6.2766915555928060e-02 
 8.0099999999999998e+00 -6.5807348248360292e-02 
 8.0199999999999996e+00 -6.7973275426720700e-02 
 8.0299999999999994e+00 -6.9293776079748792e-02 
 8.0400000000000009e+00 -6.9797929196184133e-02 
 8.0500000000000007e+00 -6.9514813764766065e-02 
 8.0600000000000005e+00 -6.8473508774234290e-02 
 8.0700000000000003e+00 -6.6703093213328332e-02 
 8.0800000000000001e+00 -6.4232646070787727e-02 
 8.0899999999999999e+00 -6.1091246335351991e-02 
 8.0999999999999996e+00 -5.7307972995760660e-02 
 8.1099999999999994e+00 -5.2911905040753264e-02 
 8.1200000000000010e+00 -4.7932121459068396e-02 
 8.1300000000000008e+00 -4.2397701239447375e-02 
 8.1400000000000006e+00 -3.6337723370628863e-02 
 8.1500000000000004e+00 -2.9781266841352426e-02 
 8.1600000000000001e+00 -2.2757410640357571e-02 
 8.1699999999999999e+00 -1.5295233756383829e-02 
 8.1799999999999997e+00 -7.4238151781707493e-03 
 8.1899999999999995e+00 8.2776610554217978e-04 
 8.1999999999999993e+00 9.4304311060153939e-03 
 8.2100000000000009e+00 1.9873735135312612e-02 
 8.2200000000000006e+00 3.3378298266369254e-02 
 8.2300000000000004e+00 4.9511638651761967e-02 
 8.2400000000000002e+00 6.7841274444065874e-02 
 8.2500000000000000e+00 8.7934723795856068e-02 
 8.2599999999999998e+00 1.0935950485970768e-01 
 8.2699999999999996e+00 1.3168313578819582e-01 
 8.2799999999999994e+00 1.5447313473389560e-01 
 8.2900000000000009e+00 1.7729701984938617e-01 
 8.3000000000000007e+00 1.9972230928723445e-01 
 8.3100000000000005e+00 2.2131652120001966e-01 
 8.3200000000000003e+00 2.4164717374031686e-01 
 8.3300000000000001e+00 2.6028178506070121e-01 
 8.3399999999999999e+00 2.7678787331374782e-01 
 8.3499999999999996e+00 2.9073295665203169e-01 
 8.3599999999999994e+00 3.0168455322812815e-01 
 8.3700000000000010e+00 3.0921018119461313e-01 
 8.3800000000000008e+00 3.1287735870405914e-01 
 8.3900000000000006e+00 3.1225360390904278e-01 
 8.4000000000000004e+00 3.0690643496213943e-01 
 8.4100000000000001e+00 2.9878804943055182e-01 
 8.4199999999999999e+00 2.9016942437819537e-01 
 8.4299999999999997e+00 2.8109624720271348e-01 
 8.4399999999999995e+00 2.7161420530174979e-01 
 8.4499999999999993e+00 2.6176898607294768e-01 
 8.4600000000000009e+00 2.5160627691394893e-01 
 8.4700000000000006e+00 2.4117176522240064e-01 
 8.4800000000000004e+00 2.3051113839594445e-01 
 8.4900000000000002e+00 2.1967008383222397e-01 
 8.5000000000000000e+00 2.0869428892888270e-01 
 8.5099999999999998e+00 1.9762944108356406e-01 
 8.5199999999999996e+00 1.8652122769391166e-01 
 8.5299999999999994e+00 1.7541533615756896e-01 
 8.5400000000000009e+00 1.6435745387217748e-01 
 8.5500000000000007e+00 1.5339326823538471e-01 
 8.5600000000000005e+00 1.4256846664483219e-01 
 8.5700000000000003e+00 1.3192873649816336e-01 
 8.5800000000000001e+00 1.2151976519302179e-01 
 8.5899999999999999e+00 1.1138724012705098e-01 
 8.5999999999999996e+00 1.0157684869789441e-01 
 8.6099999999999994e+00 9.1893456388064246e-02 
 8.6200000000000010e+00 8.2127783145649058e-02 
 8.6300000000000008e+00 7.2304298066662998e-02 
 8.6400000000000006e+00 6.2447470247115056e-02 
 8.6500000000000004e+00 5.2581768783015972e-02 
 8.6600000000000001e+00 4.2731662770376447e-02 
 8.6699999999999999e+00 3.2921621305207205e-02 
 8.6799999999999997e+00 2.3176113483518945e-02 
 8.6899999999999995e+00 1.3519608401322408e-02 
 8.7000000000000011e+00 3.9765751546265993e-03 
 8.7100000000000009e+00 -5.4285171605543414e-03 
 8.7200000000000006e+00 -1.4671199448211422e-02 
 8.7300000000000004e+00 -2.3727002612333931e-02 
 8.7400000000000002e+00 -3.2571457556911154e-02 
 8.7500000000000000e+00 -4.1180095185932353e-02 
 8.7599999999999998e+00 -4.9528446403386828e-02 
 8.7699999999999996e+00 -5.7592042113263853e-02 
 8.7799999999999994e+00 -6.5346413219552729e-02 
 8.7900000000000009e+00 -7.2767090626244035e-02 
 8.8000000000000007e+00 -7.9829605237324408e-02 
 8.8100000000000005e+00 -8.4420786322793914e-02 
 8.8200000000000003e+00 -8.4711821134411128e-02 
 8.8300000000000001e+00 -8.1104777548805060e-02 
 8.8399999999999999e+00 -7.4001723442604722e-02 
 8.8499999999999996e+00 -6.3804726692439098e-02 
 8.8599999999999994e+00 -5.0915855174937213e-02 
 8.8700000000000010e+00 -3.5737176766725186e-02 
 8.8800000000000008e+00 -1.8670759344437494e-02 
 8.8900000000000006e+00 -1.1867078470058356e-04 
 8.9000000000000004e+00 1.9517021035856480e-02 
 8.9100000000000001e+00 3.9834248240604733e-02 
 8.9199999999999999e+00 6.0430942952915123e-02 
 8.9299999999999997e+00 8.0905037296158749e-02 
 8.9399999999999995e+00 1.0085446339370646e-01 
 8.9500000000000011e+00 1.1987715336893257e-01 
 8.9600000000000009e+00 1.3757103934520132e-01 
 8.9700000000000006e+00 1.5353405344588719e-01 
 8.9800000000000004e+00 1.6736412779436111e-01 
 8.9900000000000002e+00 1.7865919451399409e-01 
 9.0000000000000000e+00 1.8701718572815706e-01 
 9.0099999999999998e+00 1.9363137002130504e-01 
 9.0199999999999996e+00 1.9994616185172417e-01 
 9.0299999999999994e+00 2.0593621215353253e-01 
 9.0400000000000009e+00 2.1157617186084909e-01 
 9.0500000000000007e+00 2.1684069190778987e-01 
 9.0600000000000005e+00 2.2170442322847400e-01 
 9.0700000000000003e+00 2.2614201675701948e-01 
 9.0800000000000001e+00 2.3012812342754435e-01 
 9.0899999999999999e+00 2.3363739417416660e-01 
 9.0999999999999996e+00 2.3664447993100435e-01 
 9.1099999999999994e+00 2.3912403163217558e-01 
 9.1200000000000010e+00 2.4105070021179861e-01 
 9.1300000000000008e+00 2.4239913660399082e-01 
 9.1400000000000006e+00 2.4314399174287063e-01 
 9.1500000000000004e+00 2.4325991656255608e-01 
 9.1600000000000001e+00 2.4272156199716516e-01 
 9.1699999999999999e+00 2.4150357898081598e-01 
 9.1799999999999997e+00 2.3958061844762654e-01 
 9.1899999999999995e+00 2.3692733133171484e-01 
 9.2000000000000011e+00 2.3351836856719832e-01 
 9.2100000000000009e+00 2.2831121014655267e-01 
 9.2200000000000006e+00 2.2048322131502038e-01 
 9.2300000000000004e+00 2.1033888088587221e-01 
 9.2400000000000002e+00 1.9818266767237891e-01 
 9.2500000000000000e+00 1.8431906048781127e-01 
 9.2599999999999998e+00 1.6905253814543997e-01 
 9.2699999999999996e+00 1.5268757945853584e-01 
 9.2799999999999994e+00 1.3552866324036961e-01 
 9.2900000000000009e+00 1.1788026830420882e-01 
 9.3000000000000007e+00 1.0004687346333063e-01 
 9.3100000000000005e+00 8.2332957531002615e-02 
 9.3200000000000003e+00 6.5042999320495620e-02 
 9.3300000000000001e+00 4.8481477645080318e-02 
 9.3399999999999999e+00 3.2952871318027460e-02 
 9.3499999999999996e+00 1.8761659152607857e-02 
 9.3599999999999994e+00 6.2123199620922054e-03 
 9.3700000000000010e+00 -4.3906674402503787e-03 
 9.3800000000000008e+00 -1.2742824241145423e-02 
 9.3900000000000006e+00 -1.8539671627324061e-02 
 9.4000000000000004e+00 -2.1476730785515707e-02 
 9.4100000000000001e+00 -2.2566252256839961e-02 
 9.4199999999999999e+00 -2.3039766443757961e-02 
 9.4299999999999997e+00 -2.2921714325011167e-02 
 9.4399999999999995e+00 -2.2236536879341032e-02 
 9.4500000000000011e+00 -2.1008675085488746e-02 
 9.4600000000000009e+00 -1.9262569922196202e-02 
 9.4700000000000006e+00 -1.7022662368204679e-02 
 9.4800000000000004e+00 -1.4313393402255643e-02 
 9.4900000000000002e+00 -1.1159204003090541e-02 
 9.5000000000000000e+00 -7.5845351494508266e-03 
 9.5099999999999998e+00 -3.6138278200779569e-03 
 9.5199999999999996e+00 7.2847700628661180e-04 
 9.5299999999999994e+00 5.4179383509014266e-03 
 9.5400000000000009e+00 1.0430115235025968e-02 
 9.5500000000000007e+00 1.5740566679916961e-02 
 9.5600000000000005e+00 2.1324851706833833e-02 
 9.5700000000000003e+00 2.7158529337035144e-02 
 9.5800000000000001e+00 3.3217158591779421e-02 
 9.5899999999999999e+00 3.9476298492325215e-02 
 9.5999999999999996e+00 4.5911508059931064e-02 
 9.6099999999999994e+00 5.3388994075947313e-02 
 9.6200000000000010e+00 6.2622331091364697e-02 
 9.6300000000000008e+00 7.3358129781895709e-02 
 9.6400000000000006e+00 8.5343000823257575e-02 
 9.6500000000000004e+00 9.8323554891166065e-02 
 9.6600000000000001e+00 1.1204640266133691e-01 
 9.6699999999999999e+00 1.2625815480948588e-01 
 9.6799999999999997e+00 1.4070542201132868e-01 
 9.6899999999999995e+00 1.5513481494258111e-01 
 9.7000000000000011e+00 1.6929294427896135e-01 
 9.7100000000000009e+00 1.8292642069618015e-01 
 9.7200000000000006e+00 1.9578185486995572e-01 
 9.7300000000000004e+00 2.0760585747600388e-01 
 9.7400000000000002e+00 2.1814503919004033e-01 
 9.7500000000000000e+00 2.2714601068778087e-01 
 9.7599999999999998e+00 2.3435538264494121e-01 
 9.7699999999999996e+00 2.3951976573723707e-01 
 9.7799999999999994e+00 2.4238577064038430e-01 
 9.7900000000000009e+00 2.4270000803009839e-01 
 9.8000000000000007e+00 2.4020908858209489e-01 
 9.8100000000000005e+00 2.3593440843451199e-01 
 9.8200000000000003e+00 2.3110029895494441e-01 
 9.8300000000000001e+00 2.2575777366329333e-01 
 9.8399999999999999e+00 2.1995784607945990e-01 
 9.8499999999999996e+00 2.1375152972334532e-01 
 9.8599999999999994e+00 2.0718983811485078e-01 
 9.8700000000000010e+00 2.0032378477387616e-01 
 9.8800000000000008e+00 1.9320438322032513e-01 
 9.8900000000000006e+00 1.8588264697409765e-01 
 9.9000000000000004e+00 1.7840958955509492e-01 
 9.9100000000000001e+00 1.7083622448321809e-01 
 9.9199999999999999e+00 1.6321356527836833e-01 
 9.9299999999999997e+00 1.5559262546044683e-01 
 9.9399999999999995e+00 1.4802441854935480e-01 
 9.9500000000000011e+00 1.4055995806499205e-01 
 9.9600000000000009e+00 1.3325025752726244e-01 
 9.9700000000000006e+00 1.2614633045606580e-01 
 9.9800000000000004e+00 1.1929919037130332e-01 
 9.9900000000000002e+00 1.1275985079287615e-01 
 1.0000000000000000e+01 1.0657932524068547e-01 
 1.0010000000000000e+01 1.0054311438428135e-01 
 1.0020000000000000e+01 9.4419524799170443e-02 
 1.0029999999999999e+01 8.8233778864189011e-02 
 1.0039999999999999e+01 8.2011098958173240e-02 
 1.0049999999999999e+01 7.5776707459959361e-02 
 1.0060000000000000e+01 6.9555826748382482e-02 
 1.0070000000000000e+01 6.3373679202281055e-02 
 1.0080000000000000e+01 5.7255487200490174e-02 
 1.0090000000000000e+01 5.1226473121846063e-02 
 1.0100000000000000e+01 4.5311859345184932e-02 
 1.0109999999999999e+01 3.9536868249342993e-02 
 1.0119999999999999e+01 3.3926722213156485e-02 
 1.0129999999999999e+01 2.8506643615461610e-02 
 1.0140000000000001e+01 2.3301854835093699e-02 
 1.0150000000000000e+01 1.8337578250890801e-02 
 1.0160000000000000e+01 1.3639036241688204e-02 
 1.0170000000000000e+01 9.2314511863221260e-03 
 1.0180000000000000e+01 5.1400454636287701e-03 
 1.0190000000000000e+01 1.3900414524443544e-03 
 1.0199999999999999e+01 -1.9933384683948757e-03 
 1.0209999999999999e+01 -3.9512786565872003e-03 
 1.0220000000000001e+01 -3.5875799196104542e-03 
 1.0230000000000000e+01 -1.1209445532995041e-03 
 1.0240000000000000e+01 3.2299251465108163e-03 
 1.0250000000000000e+01 9.2463268839857986e-03 
 1.0260000000000000e+01 1.6709558363290754e-02 
 1.0270000000000000e+01 2.5400917288590962e-02 
 1.0279999999999999e+01 3.5101701364051746e-02 
 1.0289999999999999e+01 4.5593208293838394e-02 
 1.0299999999999999e+01 5.6656735782116177e-02 
 1.0310000000000000e+01 6.8073581533052485e-02 
 1.0320000000000000e+01 7.9625043250808519e-02 
 1.0330000000000000e+01 9.1092418639551545e-02 
 1.0340000000000000e+01 1.0225700540344689e-01 
 1.0350000000000000e+01 1.1290010124665989e-01 
 1.0359999999999999e+01 1.2280300387335576e-01 
 1.0369999999999999e+01 1.3174701098769984e-01 
 1.0379999999999999e+01 1.3951342029385747e-01 
 1.0390000000000001e+01 1.4588352949599487e-01 
 1.0400000000000000e+01 1.5063863629827512e-01 
 1.0410000000000000e+01 1.5445918570437947e-01 
 1.0420000000000000e+01 1.5815856372775608e-01 
 1.0430000000000000e+01 1.6171747958722238e-01 
 1.0440000000000000e+01 1.6511664250159569e-01 
 1.0449999999999999e+01 1.6833676168969344e-01 
 1.0459999999999999e+01 1.7135854637033304e-01 
 1.0470000000000001e+01 1.7416270576233234e-01 
 1.0480000000000000e+01 1.7672994908450770e-01 
 1.0490000000000000e+01 1.7904098555567710e-01 
 1.0500000000000000e+01 1.8107652439465785e-01 
 1.0510000000000000e+01 1.8281727482026741e-01 
 1.0520000000000000e+01 1.8424394605132313e-01 
 1.0529999999999999e+01 1.8533724730664242e-01 
 1.0539999999999999e+01 1.8607788780504267e-01 
 1.0549999999999999e+01 1.8644657676534124e-01 
 1.0560000000000000e+01 1.8642402340635553e-01 
 1.0570000000000000e+01 1.8599093694690289e-01 
 1.0580000000000000e+01 1.8512802660580080e-01 
 1.0590000000000000e+01 1.8381600160186659e-01 
 1.0600000000000000e+01 1.8203557115391769e-01 
 1.0609999999999999e+01 1.7932986151442473e-01 
 1.0619999999999999e+01 1.7535245281725084e-01 
 1.0629999999999999e+01 1.7024973510330255e-01 
 1.0640000000000001e+01 1.6416809841348529e-01 
 1.0650000000000000e+01 1.5725393278870778e-01 
 1.0660000000000000e+01 1.4965362826987560e-01 
 1.0670000000000000e+01 1.4151357489789529e-01 
 1.0680000000000000e+01 1.3298016271367341e-01 
 1.0690000000000000e+01 1.2419978175811652e-01 
 1.0699999999999999e+01 1.1531882207213121e-01 
 1.0709999999999999e+01 1.0648367369662400e-01 
 1.0720000000000001e+01 9.7840726672499961e-02 
 1.0730000000000000e+01 8.9536371040668750e-02 
 1.0740000000000000e+01 8.1716996842035344e-02 
 1.0750000000000000e+01 7.4528994117506339e-02 
 1.0760000000000000e+01 6.8118752907988259e-02 
 1.0770000000000000e+01 6.2632663254387669e-02 
 1.0779999999999999e+01 5.8217115197611150e-02 
 1.0789999999999999e+01 5.5018498778565239e-02 
 1.0799999999999999e+01 5.3183204038156517e-02 
 1.0810000000000000e+01 5.2201839940199765e-02 
 1.0820000000000000e+01 5.1463808457684571e-02 
 1.0830000000000000e+01 5.0963689145279573e-02 
 1.0840000000000000e+01 5.0696061557653577e-02 
 1.0850000000000000e+01 5.0655505249475395e-02 
 1.0859999999999999e+01 5.0836599775413827e-02 
 1.0869999999999999e+01 5.1233924690137683e-02 
 1.0879999999999999e+01 5.1842059548315771e-02 
 1.0890000000000001e+01 5.2655583904617054e-02 
 1.0900000000000000e+01 5.3669077313710047e-02 
 1.0910000000000000e+01 5.4877119330263686e-02 
 1.0920000000000000e+01 5.6274289508946779e-02 
 1.0930000000000000e+01 5.7855167404428136e-02 
 1.0940000000000000e+01 5.9614332571376549e-02 
 1.0949999999999999e+01 6.1546364564460838e-02 
 1.0959999999999999e+01 6.3645842938349809e-02 
 1.0970000000000001e+01 6.5907347247712675e-02 
 1.0980000000000000e+01 6.8325457047217431e-02 
 1.0990000000000000e+01 7.0894751891533297e-02 
 1.1000000000000000e+01 7.3609811335329067e-02 
 1.1010000000000000e+01 7.6790698614674510e-02 
 1.1020000000000000e+01 8.0693003305823963e-02 
 1.1029999999999999e+01 8.5214594473723052e-02 
 1.1039999999999999e+01 9.0253341183317376e-02 
 1.1049999999999999e+01 9.5707112499552591e-02 
 1.1060000000000000e+01 1.0147377748737535e-01 
 1.1070000000000000e+01 1.0745120521172921e-01 
 1.1080000000000000e+01 1.1353726473756079e-01 
 1.1090000000000000e+01 1.1962982512981574e-01 
 1.1100000000000000e+01 1.2562675545343963e-01 
 1.1109999999999999e+01 1.3142592477337814e-01 
 1.1119999999999999e+01 1.3692520215457685e-01 
 1.1129999999999999e+01 1.4202245666198141e-01 
 1.1140000000000001e+01 1.4661555736053819e-01 
 1.1150000000000000e+01 1.5060237331519116e-01 
 1.1160000000000000e+01 1.5388077359088684e-01 
 1.1170000000000000e+01 1.5634862725257082e-01 
 1.1180000000000000e+01 1.5790380336518872e-01 
 1.1190000000000000e+01 1.5844417099368618e-01 
 1.1199999999999999e+01 1.5786759920300886e-01 
 1.1209999999999999e+01 1.5664680177277734e-01 
 1.1220000000000001e+01 1.5532660080887503e-01 
 1.1230000000000000e+01 1.5391302786564173e-01 
 1.1240000000000000e+01 1.5241211449741660e-01 
 1.1250000000000000e+01 1.5082989225853902e-01 
 1.1260000000000000e+01 1.4917239270334834e-01 
 1.1270000000000000e+01 1.4744564738618399e-01 
 1.1279999999999999e+01 1.4565568786138530e-01 
 1.1289999999999999e+01 1.4380854568329166e-01 
 1.1299999999999999e+01 1.4191025240624244e-01 
 1.1310000000000000e+01 1.3996683958457667e-01 
 1.1320000000000000e+01 1.3798433877263441e-01 
 1.1330000000000000e+01 1.3596878152475472e-01 
 1.1340000000000000e+01 1.3392619939527695e-01 
 1.1350000000000000e+01 1.3186262393854048e-01 
 1.1359999999999999e+01 1.2978408670888469e-01 
 1.1369999999999999e+01 1.2769661926064896e-01 
 1.1379999999999999e+01 1.2560625314817264e-01 
 1.1390000000000001e+01 1.2351901992579478e-01 
 1.1400000000000000e+01 1.2144095114785547e-01 
 1.1410000000000000e+01 1.1920889229134207e-01 
 1.1420000000000000e+01 1.1668803633971839e-01 
 1.1430000000000000e+01 1.1392693610703787e-01 
 1.1440000000000000e+01 1.1097414440735397e-01 
 1.1449999999999999e+01 1.0787821405472013e-01 
 1.1459999999999999e+01 1.0468769786318982e-01 
 1.1470000000000001e+01 1.0145114864681590e-01 
 1.1480000000000000e+01 9.8217119219652982e-02 
 1.1490000000000000e+01 9.5034162395753949e-02 
 1.1500000000000000e+01 9.1950830989172255e-02 
 1.1510000000000000e+01 8.9015677813961344e-02 
 1.1520000000000000e+01 8.6277255684174686e-02 
 1.1529999999999999e+01 8.3784117413865711e-02 
 1.1539999999999999e+01 8.1584815817087875e-02 
 1.1550000000000001e+01 7.9727903707894343e-02 
 1.1560000000000000e+01 7.8261933900339226e-02 
 1.1570000000000000e+01 7.7235459208475632e-02 
 1.1580000000000000e+01 7.6697032446356991e-02 
 1.1590000000000000e+01 7.6695206428036761e-02 
 1.1600000000000000e+01 7.7278533967568397e-02 
 1.1609999999999999e+01 7.8190645679806672e-02 
 1.1619999999999999e+01 7.9140652214741911e-02 
 1.1629999999999999e+01 8.0125326439131297e-02 
 1.1640000000000001e+01 8.1141441219732158e-02 
 1.1650000000000000e+01 8.2185769423301275e-02 
 1.1660000000000000e+01 8.3255083916596001e-02 
 1.1670000000000000e+01 8.4346157566373467e-02 
 1.1680000000000000e+01 8.5455763239390831e-02 
 1.1690000000000000e+01 8.6580673802405250e-02 
 1.1699999999999999e+01 8.7717662122173898e-02 
 1.1709999999999999e+01 8.8863501065453890e-02 
 1.1720000000000001e+01 9.0014963499002620e-02 
 1.1730000000000000e+01 9.1168822289576804e-02 
 1.1740000000000000e+01 9.2321850303933820e-02 
 1.1750000000000000e+01 9.3470820408830813e-02 
 1.1760000000000000e+01 9.4612505471024927e-02 
 1.1770000000000000e+01 9.5743678357273335e-02 
 1.1779999999999999e+01 9.6861111934333180e-02 
 1.1789999999999999e+01 9.7961579068961607e-02 
 1.1800000000000001e+01 9.9041852627915983e-02 
 1.1810000000000000e+01 1.0011106140888050e-01 
 1.1820000000000000e+01 1.0118040613112303e-01 
 1.1830000000000000e+01 1.0224976754377539e-01 
 1.1840000000000000e+01 1.0331902639596935e-01 
 1.1850000000000000e+01 1.0438806343683672e-01 
 1.1859999999999999e+01 1.0545675941550929e-01 
 1.1869999999999999e+01 1.0652499508111886e-01 
 1.1879999999999999e+01 1.0759265118279721e-01 
 1.1890000000000001e+01 1.0865960846967633e-01 
 1.1900000000000000e+01 1.0972574769088764e-01 
 1.1910000000000000e+01 1.1079094959556311e-01 
 1.1920000000000000e+01 1.1185509493283456e-01 
 1.1930000000000000e+01 1.1291806445183375e-01 
 1.1940000000000000e+01 1.1397973890169251e-01 
 1.1949999999999999e+01 1.1503999903154261e-01 
 1.1959999999999999e+01 1.1609872559051584e-01 
 1.1970000000000001e+01 1.1715579932774421e-01 
 1.1980000000000000e+01 1.1821110099235911e-01 
 1.1990000000000000e+01 1.1926451133349254e-01 
 1.2000000000000000e+01 1.2031591110027628e-01 
 1.2010000000000000e+01 1.2133859492979020e-01 
 1.2020000000000000e+01 1.2230207839996969e-01 
 1.2030000000000001e+01 1.2320057367123005e-01 
 1.2039999999999999e+01 1.2402829290398598e-01 
 1.2050000000000001e+01 1.2477944825865321e-01 
 1.2059999999999999e+01 1.2544825189564632e-01 
 1.2070000000000000e+01 1.2602891597538096e-01 
 1.2080000000000000e+01 1.2651565265827192e-01 
 1.2090000000000000e+01 1.2690267410473446e-01 
 1.2100000000000000e+01 1.2718419247518373e-01 
 1.2109999999999999e+01 1.2735441993003485e-01 
 1.2120000000000001e+01 1.2740756862970296e-01 
 1.2129999999999999e+01 1.2733785073460324e-01 
 1.2140000000000001e+01 1.2713947840515077e-01 
 1.2149999999999999e+01 1.2680666380176081e-01 
 1.2160000000000000e+01 1.2633361908484830e-01 
 1.2170000000000000e+01 1.2571455641482857e-01 
 1.2180000000000000e+01 1.2494368795211669e-01 
 1.2190000000000000e+01 1.2401522585712782e-01 
 1.2199999999999999e+01 1.2292338229027709e-01 
 1.2210000000000001e+01 1.2170715552311004e-01 
 1.2219999999999999e+01 1.2041398203888681e-01 
 1.2230000000000000e+01 1.1905073131559225e-01 
 1.2240000000000000e+01 1.1762427283121279e-01 
 1.2250000000000000e+01 1.1614147606373394e-01 
 1.2260000000000000e+01 1.1460921049114144e-01 
 1.2270000000000000e+01 1.1303434559142100e-01 
 1.2280000000000001e+01 1.1142375084255809e-01 
 1.2289999999999999e+01 1.0978429572253931e-01 
 1.2300000000000001e+01 1.0812284970934923e-01 
 1.2309999999999999e+01 1.0644628228097477e-01 
 1.2320000000000000e+01 1.0476146291540046e-01 
 1.2330000000000000e+01 1.0307526109061296e-01 
 1.2340000000000000e+01 1.0139454628459769e-01 
 1.2350000000000000e+01 9.9726187975340400e-02 
 1.2359999999999999e+01 9.8077055640826805e-02 
 1.2370000000000001e+01 9.6454018759042387e-02 
 1.2379999999999999e+01 9.4863946807973692e-02 
 1.2390000000000001e+01 9.3313709265605380e-02 
 1.2399999999999999e+01 9.1810175609924258e-02 
 1.2410000000000000e+01 9.0327711789924894e-02 
 1.2420000000000000e+01 8.8839108425670457e-02 
 1.2430000000000000e+01 8.7348872001746486e-02 
 1.2440000000000000e+01 8.5861509002738798e-02 
 1.2449999999999999e+01 8.4381525913233224e-02 
 1.2460000000000001e+01 8.2913429217815318e-02 
 1.2469999999999999e+01 8.1461725401071675e-02 
 1.2480000000000000e+01 8.0030920947587070e-02 
 1.2490000000000000e+01 7.8625522341948112e-02 
 1.2500000000000000e+01 7.7250036068740369e-02 
 1.2510000000000000e+01 7.5908968612549629e-02 
 1.2520000000000000e+01 7.4606826457961725e-02 
 1.2530000000000001e+01 7.3348116089562265e-02 
 1.2539999999999999e+01 7.2137343991937719e-02 
 1.2550000000000001e+01 7.0979016649673043e-02 
 1.2559999999999999e+01 6.9877640547354875e-02 
 1.2570000000000000e+01 6.8837722169568266e-02 
 1.2580000000000000e+01 6.7863768000899605e-02 
 1.2590000000000000e+01 6.6960284525934499e-02 
 1.2600000000000000e+01 6.6131778229258781e-02 
 1.2609999999999999e+01 6.5745432206592180e-02 
 1.2620000000000001e+01 6.6119610002542781e-02 
 1.2629999999999999e+01 6.7185588775028032e-02 
 1.2640000000000001e+01 6.8874645681966468e-02 
 1.2649999999999999e+01 7.1118057881274718e-02 
 1.2660000000000000e+01 7.3847102530872177e-02 
 1.2670000000000000e+01 7.6993056788675310e-02 
 1.2680000000000000e+01 8.0487197812602385e-02 
 1.2690000000000000e+01 8.4260802760571199e-02 
 1.2699999999999999e+01 8.8245148790499578e-02 
 1.2710000000000001e+01 9.2371513060306054e-02 
 1.2719999999999999e+01 9.6571172727906218e-02 
 1.2730000000000000e+01 1.0077540495122086e-01 
 1.2740000000000000e+01 1.0491548688816553e-01 
 1.2750000000000000e+01 1.0892269569665880e-01 
 1.2760000000000000e+01 1.1272830853461846e-01 
 1.2770000000000000e+01 1.1626360255996233e-01 
 1.2780000000000001e+01 1.1945985493060876e-01 
 1.2789999999999999e+01 1.2224834280447397e-01 
 1.2800000000000001e+01 1.2456034333947774e-01 
 1.2809999999999999e+01 1.2657129164093567e-01 
 1.2820000000000000e+01 1.2849853219307616e-01 
 1.2830000000000000e+01 1.3033620622218037e-01 
 1.2840000000000000e+01 1.3207845495453080e-01 
 1.2850000000000000e+01 1.3371941961640962e-01 
 1.2859999999999999e+01 1.3525324143409903e-01 
 1.2870000000000001e+01 1.3667406163388138e-01 
 1.2879999999999999e+01 1.3797602144203816e-01 
 1.2890000000000001e+01 1.3915326208485246e-01 
 1.2899999999999999e+01 1.4019992478860557e-01 
 1.2910000000000000e+01 1.4111015077958045e-01 
 1.2920000000000000e+01 1.4187808128405871e-01 
 1.2930000000000000e+01 1.4249785752832272e-01 
 1.2940000000000000e+01 1.4296362073865462e-01 
 1.2949999999999999e+01 1.4326951214133662e-01 
 1.2960000000000001e+01 1.4340967296265086e-01 
 1.2969999999999999e+01 1.4337824442887948e-01 
 1.2980000000000000e+01 1.4316936776630465e-01 
 1.2990000000000000e+01 1.4277718420120858e-01 
 1.3000000000000000e+01 1.4219583495987342e-01 
 1.3010000000000000e+01 1.4098601253952475e-01 
 1.3020000000000000e+01 1.3878127498021112e-01 
 1.3030000000000001e+01 1.3568506182244855e-01 
 1.3039999999999999e+01 1.3180081260675550e-01 
 1.3050000000000001e+01 1.2723196687364591e-01 
 1.3059999999999999e+01 1.2208196416363963e-01 
 1.3070000000000000e+01 1.1645424401724963e-01 
 1.3080000000000000e+01 1.1045224597499546e-01 
 1.3090000000000000e+01 1.0417940957739277e-01 
 1.3100000000000000e+01 9.7739174364958215e-02 
 1.3109999999999999e+01 9.1234979878208389e-02 
 1.3120000000000001e+01 8.4770265657658814e-02 
 1.3129999999999999e+01 7.8448471243829532e-02 
 1.3140000000000001e+01 7.2373036177232716e-02 
 1.3149999999999999e+01 6.6647399998389284e-02 
 1.3160000000000000e+01 6.1375002247811838e-02 
 1.3170000000000000e+01 5.6659282466019936e-02 
 1.3180000000000000e+01 5.2603680193529220e-02 
 1.3190000000000000e+01 4.9311634970856333e-02 
 1.3199999999999999e+01 4.6886586338517944e-02 
 1.3210000000000001e+01 4.5086162517256098e-02 
 1.3219999999999999e+01 4.3592760742113837e-02 
 1.3230000000000000e+01 4.2396974075056798e-02 
 1.3240000000000000e+01 4.1489395578052396e-02 
 1.3250000000000000e+01 4.0860618313067087e-02 
 1.3260000000000000e+01 4.0501235342067565e-02 
 1.3270000000000000e+01 4.0401839727020515e-02 
 1.3280000000000001e+01 4.0553024529892685e-02 
 1.3289999999999999e+01 4.0945382812650623e-02 
 1.3300000000000001e+01 4.1569507637261298e-02 
 1.3309999999999999e+01 4.2415992065690966e-02 
 1.3320000000000000e+01 4.3475429159906910e-02 
 1.3330000000000000e+01 4.4738411981875330e-02 
 1.3340000000000000e+01 4.6195533593563071e-02 
 1.3350000000000000e+01 4.7837387056936839e-02 
 1.3359999999999999e+01 4.9654565433963328e-02 
 1.3370000000000001e+01 5.1637661786609584e-02 
 1.3379999999999999e+01 5.3777269176841218e-02 
 1.3390000000000001e+01 5.6063980666626434e-02 
 1.3399999999999999e+01 5.8488389317930309e-02 
 1.3410000000000000e+01 6.1585163457574039e-02 
 1.3420000000000000e+01 6.5801124291467339e-02 
 1.3430000000000000e+01 7.0995094200214784e-02 
 1.3440000000000000e+01 7.7025895564420466e-02 
 1.3449999999999999e+01 8.3752350764688524e-02 
 1.3460000000000001e+01 9.1033282181624375e-02 
 1.3469999999999999e+01 9.8727512195828149e-02 
 1.3480000000000000e+01 1.0669386318790935e-01 
 1.3490000000000000e+01 1.1479115753846794e-01 
 1.3500000000000000e+01 1.2287821762810941e-01 
 1.3510000000000000e+01 1.3081386583743787e-01 
 1.3520000000000000e+01 1.3845692454705744e-01 
 1.3530000000000001e+01 1.4566621613757344e-01 
 1.3539999999999999e+01 1.5230056298958627e-01 
 1.3550000000000001e+01 1.5821878748370477e-01 
 1.3559999999999999e+01 1.6327971200052885e-01 
 1.3570000000000000e+01 1.6734215892066617e-01 
 1.3580000000000000e+01 1.7026495062471839e-01 
 1.3590000000000000e+01 1.7190690949329046e-01 
 1.3600000000000000e+01 1.7212685790698651e-01 
 1.3609999999999999e+01 1.7137039830315565e-01 
 1.3620000000000001e+01 1.7019466314125783e-01 
 1.3629999999999999e+01 1.6862576983506408e-01 
 1.3640000000000001e+01 1.6668983579834346e-01 
 1.3649999999999999e+01 1.6441297844486755e-01 
 1.3660000000000000e+01 1.6182131518840498e-01 
 1.3670000000000000e+01 1.5894096344272726e-01 
 1.3680000000000000e+01 1.5579804062160418e-01 
 1.3690000000000000e+01 1.5241866413880595e-01 
 1.3699999999999999e+01 1.4882895140810276e-01 
 1.3710000000000001e+01 1.4505501984326419e-01 
 1.3719999999999999e+01 1.4112298685806243e-01 
 1.3730000000000000e+01 1.3705896986626501e-01 
 1.3740000000000000e+01 1.3288908628164420e-01 
 1.3750000000000000e+01 1.2863945351796954e-01 
 1.3760000000000000e+01 1.2433618898901125e-01 
 1.3770000000000000e+01 1.2000541010853950e-01 
 1.3780000000000001e+01 1.1567323429032378e-01 
 1.3789999999999999e+01 1.1136577894813661e-01 
 1.3800000000000001e+01 1.0710916149574512e-01 
 1.3809999999999999e+01 1.0251167682067053e-01 
 1.3820000000000000e+01 9.7229959421415393e-02 
 1.3830000000000000e+01 9.1362636128234531e-02 
 1.3840000000000000e+01 8.5008333771379202e-02 
 1.3850000000000000e+01 7.8265679181101597e-02 
 1.3859999999999999e+01 7.1233299187653851e-02 
 1.3870000000000001e+01 6.4009820621286836e-02 
 1.3879999999999999e+01 5.6693870312256610e-02 
 1.3890000000000001e+01 4.9384075090810144e-02 
 1.3899999999999999e+01 4.2179061787204777e-02 
 1.3910000000000000e+01 3.5177457231687553e-02 
 1.3920000000000000e+01 2.8477888254514458e-02 
 1.3930000000000000e+01 2.2178981685936378e-02 
 1.3940000000000000e+01 1.6379364356205475e-02 
 1.3949999999999999e+01 1.1177663095573900e-02 
 1.3960000000000001e+01 6.6725047342930804e-03 
 1.3969999999999999e+01 2.9625161026173713e-03 
 1.3980000000000000e+01 1.4632403079635481e-04 
 1.3990000000000000e+01 -1.6774446509160990e-03 
 1.4000000000000000e+01 -2.4101631122683820e-03 
 1.4010000000000000e+01 -1.8984989949665900e-03 
 1.4020000000000000e+01 -1.2978747163419971e-04 
 1.4030000000000001e+01 2.7835969916054273e-03 
 1.4039999999999999e+01 6.7292799286264790e-03 
 1.4050000000000001e+01 1.1594886873307760e-02 
 1.4059999999999999e+01 1.7268043359521860e-02 
 1.4070000000000000e+01 2.3636374921148812e-02 
 1.4080000000000000e+01 3.0587507092061421e-02 
 1.4090000000000000e+01 3.8009065406136792e-02 
 1.4100000000000000e+01 4.5788675397250948e-02 
 1.4109999999999999e+01 5.3813962599279903e-02 
 1.4120000000000001e+01 6.1972552546101137e-02 
 1.4129999999999999e+01 7.0152070771586347e-02 
 1.4140000000000001e+01 7.8240142809617289e-02 
 1.4149999999999999e+01 8.6124394194064327e-02 
 1.4160000000000000e+01 9.3692450458809015e-02 
 1.4170000000000000e+01 1.0083193713772329e-01 
 1.4180000000000000e+01 1.0743047976468452e-01 
 1.4190000000000000e+01 1.1337570387356874e-01 
 1.4199999999999999e+01 1.1855523499825198e-01 
 1.4210000000000001e+01 1.2332414353055099e-01 
 1.4219999999999999e+01 1.2809664758010164e-01 
 1.4230000000000000e+01 1.3284909425751654e-01 
 1.4240000000000000e+01 1.3755783067340238e-01 
 1.4250000000000000e+01 1.4219920393836930e-01 
 1.4260000000000000e+01 1.4674956116302651e-01 
 1.4270000000000000e+01 1.5118524945798331e-01 
 1.4280000000000001e+01 1.5548261593384965e-01 
 1.4289999999999999e+01 1.5961800770123255e-01 
 1.4300000000000001e+01 1.6356777187074420e-01 
 1.4309999999999999e+01 1.6730825555299103e-01 
 1.4320000000000000e+01 1.7081580585858494e-01 
 1.4330000000000000e+01 1.7406676989813327e-01 
 1.4340000000000000e+01 1.7703749478224590e-01 
 1.4350000000000000e+01 1.7970432762153207e-01 
 1.4359999999999999e+01 1.8204361552660106e-01 
 1.4370000000000001e+01 1.8403170560806242e-01 
 1.4379999999999999e+01 1.8564494497652440e-01 
 1.4390000000000001e+01 1.8685968074259746e-01 
 1.4399999999999999e+01 1.8765226001688995e-01 
 1.4410000000000000e+01 1.8715917793369122e-01 
 1.4420000000000000e+01 1.8466484460103122e-01 
 1.4430000000000000e+01 1.8036747959013158e-01 
 1.4440000000000000e+01 1.7446530247221381e-01 
 1.4449999999999999e+01 1.6715653281849943e-01 
 1.4460000000000001e+01 1.5863939020020834e-01 
 1.4469999999999999e+01 1.4911209418856686e-01 
 1.4480000000000000e+01 1.3877286435478978e-01 
 1.4490000000000000e+01 1.2781992027010391e-01 
 1.4500000000000000e+01 1.1645148150572905e-01 
 1.4510000000000000e+01 1.0486576763288666e-01 
 1.4520000000000000e+01 9.3260998222798264e-02 
 1.4530000000000001e+01 8.1835392846683369e-02 
 1.4539999999999999e+01 7.0787171075769512e-02 
 1.4550000000000001e+01 6.0314552481270378e-02 
 1.4559999999999999e+01 5.0615756634414866e-02 
 1.4570000000000000e+01 4.1889003106417660e-02 
 1.4580000000000000e+01 3.4332511468505189e-02 
 1.4590000000000000e+01 2.8144501291897328e-02 
 1.4600000000000000e+01 2.3523192147815591e-02 
 1.4609999999999999e+01 1.9918660123618630e-02 
 1.4620000000000001e+01 1.6650112443880153e-02 
 1.4629999999999999e+01 1.3719465385647663e-02 
 1.4640000000000001e+01 1.1128635225964903e-02 
 1.4649999999999999e+01 8.8795382418795366e-03 
 1.4660000000000000e+01 6.9740907104357888e-03 
 1.4670000000000000e+01 5.4142089086805824e-03 
 1.4680000000000000e+01 4.2018091136593813e-03 
 1.4690000000000000e+01 3.3388076024180001e-03 
 1.4699999999999999e+01 2.8271206520022671e-03 
 1.4710000000000001e+01 2.6686645394580003e-03 
 1.4719999999999999e+01 2.8653555418310210e-03 
 1.4730000000000000e+01 3.4191099361672896e-03 
 1.4740000000000000e+01 4.3318439995124226e-03 
 1.4750000000000000e+01 5.6054740089123145e-03 
 1.4760000000000000e+01 7.2419162414127901e-03 
 1.4770000000000000e+01 9.2430869740596673e-03 
 1.4780000000000001e+01 1.1610902483899219e-02 
 1.4789999999999999e+01 1.4347279047975919e-02 
 1.4800000000000001e+01 1.7454132943337530e-02 
 1.4809999999999999e+01 2.1678496646062102e-02 
 1.4820000000000000e+01 2.7628144976963084e-02 
 1.4830000000000000e+01 3.5096107730178072e-02 
 1.4840000000000000e+01 4.3875414699848313e-02 
 1.4850000000000000e+01 5.3759095680114138e-02 
 1.4859999999999999e+01 6.4540180465115865e-02 
 1.4870000000000001e+01 7.6011698848995918e-02 
 1.4879999999999999e+01 8.7966680625888360e-02 
 1.4890000000000001e+01 1.0019815558994198e-01 
 1.4899999999999999e+01 1.1249915353528844e-01 
 1.4910000000000000e+01 1.2466270425607681e-01 
 1.4920000000000000e+01 1.3648183754644083e-01 
 1.4930000000000000e+01 1.4774958320052300e-01 
 1.4940000000000000e+01 1.5825897101246372e-01 
 1.4949999999999999e+01 1.6780303077640324e-01 
 1.4960000000000001e+01 1.7617479228648333e-01 
 1.4969999999999999e+01 1.8316728533684021e-01 
 1.4980000000000000e+01 1.8857353972161905e-01 
 1.4990000000000000e+01 1.9218658523495688e-01 
 1.5000000000000000e+01 1.9379945167099522e-01 
 1.5010000000000000e+01 1.9405916024054096e-01 
 1.5020000000000000e+01 1.9376981005263089e-01 
 1.5030000000000001e+01 1.9296004774874986e-01 
 1.5039999999999999e+01 1.9165851997038350e-01 
 1.5050000000000001e+01 1.8989387335901589e-01 
 1.5059999999999999e+01 1.8769475455613333e-01 
 1.5070000000000000e+01 1.8508981020321927e-01 
 1.5080000000000000e+01 1.8210768694176005e-01 
 1.5090000000000000e+01 1.7877703141324025e-01 
 1.5100000000000000e+01 1.7512649025914495e-01 
 1.5109999999999999e+01 1.7118471012095915e-01 
 1.5120000000000001e+01 1.6698033764016712e-01 
 1.5129999999999999e+01 1.6254201945825619e-01 
 1.5140000000000001e+01 1.5789840221670826e-01 
 1.5149999999999999e+01 1.5307813255701164e-01 
 1.5160000000000000e+01 1.4810985712064795e-01 
 1.5170000000000000e+01 1.4302222254910485e-01 
 1.5180000000000000e+01 1.3784387548386648e-01 
 1.5190000000000000e+01 1.3260346256641789e-01 
 1.5199999999999999e+01 1.2732963043824413e-01 
 1.5210000000000001e+01 1.2132082081471819e-01 
 1.5219999999999999e+01 1.1398533063388674e-01 
 1.5230000000000000e+01 1.0551658937123366e-01 
 1.5240000000000000e+01 9.6108026502252281e-02 
 1.5250000000000000e+01 8.5953071502430242e-02 
 1.5260000000000000e+01 7.5245153847256635e-02 
 1.5270000000000000e+01 6.4177703012220519e-02 
 1.5280000000000001e+01 5.2944148472808969e-02 
 1.5289999999999999e+01 4.1737919704517054e-02 
 1.5300000000000001e+01 3.0752446182825938e-02 
 1.5309999999999999e+01 2.0181157383232451e-02 
 1.5320000000000000e+01 1.0217482781218201e-02 
 1.5330000000000000e+01 1.0548518522777439e-03 
 1.5340000000000000e+01 -7.1133059281016375e-03 
 1.5350000000000000e+01 -1.4093561084430967e-02 
 1.5359999999999999e+01 -1.9692484141221045e-02 
 1.5370000000000001e+01 -2.3716645622983451e-02 
 1.5379999999999999e+01 -2.5972616054227404e-02 
 1.5390000000000001e+01 -2.6266965959465344e-02 
 1.5399999999999999e+01 -2.4406265863208099e-02 
 1.5410000000000000e+01 -2.1005944757785232e-02 
 1.5420000000000000e+01 -1.6855025810812056e-02 
 1.5430000000000000e+01 -1.2020470809723256e-02 
 1.5440000000000000e+01 -6.5692415419540198e-03 
 1.5449999999999999e+01 -5.6829979493954255e-04 
 1.5460000000000001e+01 5.9153926438861824e-03 
 1.5469999999999999e+01 1.2814873987084391e-02 
 1.5480000000000000e+01 2.0063182447224784e-02 
 1.5490000000000000e+01 2.7593356236868399e-02 
 1.5500000000000000e+01 3.5338433568581296e-02 
 1.5510000000000000e+01 4.3231452654928282e-02 
 1.5520000000000000e+01 5.1205451708474195e-02 
 1.5530000000000001e+01 5.9193468941785232e-02 
 1.5539999999999999e+01 6.7128542567421970e-02 
 1.5550000000000001e+01 7.4943710797954824e-02 
 1.5559999999999999e+01 8.2572011845943094e-02 
 1.5570000000000000e+01 8.9946483923956988e-02 
 1.5580000000000000e+01 9.7000165244557304e-02 
 1.5590000000000000e+01 1.0366609402031021e-01 
 1.5600000000000000e+01 1.0987730846378044e-01 
 1.5609999999999999e+01 1.1588323592311363e-01 
 1.5620000000000001e+01 1.2196079331097395e-01 
 1.5629999999999999e+01 1.2808425318669917e-01 
 1.5640000000000001e+01 1.3422788810963460e-01 
 1.5649999999999999e+01 1.4036597063911685e-01 
 1.5660000000000000e+01 1.4647277333449130e-01 
 1.5670000000000000e+01 1.5252256875509565e-01 
 1.5680000000000000e+01 1.5848962946027195e-01 
 1.5690000000000000e+01 1.6434822800936122e-01 
 1.5699999999999999e+01 1.7007263696170441e-01 
 1.5710000000000001e+01 1.7563712887664351e-01 
 1.5719999999999999e+01 1.8101597631351654e-01 
 1.5730000000000000e+01 1.8618345183166835e-01 
 1.5740000000000000e+01 1.9111382799043708e-01 
 1.5750000000000000e+01 1.9578137734916462e-01 
 1.5760000000000000e+01 2.0016037246719204e-01 
 1.5770000000000000e+01 2.0422508590386024e-01 
 1.5780000000000001e+01 2.0794979021851087e-01 
 1.5789999999999999e+01 2.1130875797048304e-01 
 1.5800000000000001e+01 2.1427626171912006e-01 
 1.5809999999999999e+01 2.1571702080044791e-01 
 1.5820000000000000e+01 2.1466884863996591e-01 
 1.5830000000000000e+01 2.1136565893122147e-01 
 1.5840000000000000e+01 2.0604136536776213e-01 
 1.5850000000000000e+01 1.9892988164313541e-01 
 1.5859999999999999e+01 1.9026512145088878e-01 
 1.5870000000000001e+01 1.8028099848456791e-01 
 1.5879999999999999e+01 1.6921142643772596e-01 
 1.5890000000000001e+01 1.5729031900390258e-01 
 1.5900000000000000e+01 1.4475158987665143e-01 
 1.5910000000000000e+01 1.3182915274951801e-01 
 1.5920000000000000e+01 1.1875692131604981e-01 
 1.5930000000000000e+01 1.0576880926979434e-01 
 1.5940000000000000e+01 9.3098730304299118e-02 
 1.5949999999999999e+01 8.0980598113111618e-02 
 1.5960000000000001e+01 6.9648326389777443e-02 
 1.5969999999999999e+01 5.9335828827849907e-02 
 1.5980000000000000e+01 5.0277019120869265e-02 
 1.5990000000000000e+01 4.2705810962388124e-02 
 1.6000000000000000e+01 3.6856118045952346e-02 
 1.6009999999999998e+01 3.2042745751675150e-02 
 1.6020000000000000e+01 2.7436811817453863e-02 
 1.6030000000000001e+01 2.3056698473518902e-02 
 1.6039999999999999e+01 1.8920787950100354e-02 
 1.6050000000000001e+01 1.5047462477423945e-02 
 1.6059999999999999e+01 1.1455104285721079e-02 
 1.6070000000000000e+01 8.1620956052178596e-03 
 1.6079999999999998e+01 5.1868186661452875e-03 
 1.6090000000000000e+01 2.5476556987298962e-03 
 1.6100000000000001e+01 2.6298893320148009e-04 
 1.6109999999999999e+01 -1.6487994002106904e-03 
 1.6120000000000001e+01 -3.1693270712793084e-03 
 1.6129999999999999e+01 -4.2802118497746386e-03 
 1.6140000000000001e+01 -4.9630715054688121e-03 
 1.6149999999999999e+01 -5.1995238081327042e-03 
 1.6160000000000000e+01 -4.9711865275378075e-03 
 1.6170000000000002e+01 -4.2596774334552889e-03 
 1.6180000000000000e+01 -3.0466142956570019e-03 
 1.6190000000000001e+01 -1.3136148839134471e-03 
 1.6199999999999999e+01 9.5770303200282125e-04 
 1.6210000000000001e+01 4.4848369279263233e-03 
 1.6219999999999999e+01 9.8376152789319618e-03 
 1.6230000000000000e+01 1.6812916814119609e-02 
 1.6239999999999998e+01 2.5207620262580475e-02 
 1.6250000000000000e+01 3.4818604353416605e-02 
 1.6259999999999998e+01 4.5442747815717319e-02 
 1.6270000000000000e+01 5.6876929378586259e-02 
 1.6280000000000001e+01 6.8918027771115789e-02 
 1.6289999999999999e+01 8.1362921722397494e-02 
 1.6300000000000001e+01 9.4008489961536296e-02 
 1.6309999999999999e+01 1.0665161121761930e-01 
 1.6320000000000000e+01 1.1908916421975167e-01 
 1.6329999999999998e+01 1.3111802769702061e-01 
 1.6340000000000000e+01 1.4253508037853085e-01 
 1.6350000000000001e+01 1.5313720099337397e-01 
 1.6359999999999999e+01 1.6272126827064284e-01 
 1.6370000000000001e+01 1.7108416093944032e-01 
 1.6379999999999999e+01 1.7802275772885653e-01 
 1.6390000000000001e+01 1.8333393736799264e-01 
 1.6399999999999999e+01 1.8681457858594100e-01 
 1.6410000000000000e+01 1.8905243407653663e-01 
 1.6420000000000002e+01 1.9078115418366737e-01 
 1.6430000000000000e+01 1.9201646411151285e-01 
 1.6440000000000001e+01 1.9277408906425386e-01 
 1.6449999999999999e+01 1.9306975424606984e-01 
 1.6460000000000001e+01 1.9291918486114087e-01 
 1.6469999999999999e+01 1.9233810611364702e-01 
 1.6480000000000000e+01 1.9134224320776774e-01 
 1.6489999999999998e+01 1.8994732134768372e-01 
 1.6500000000000000e+01 1.8816906573757389e-01 
 1.6509999999999998e+01 1.8602320158161939e-01 
 1.6520000000000000e+01 1.8352545408399867e-01 
 1.6530000000000001e+01 1.8069154844889232e-01 
 1.6539999999999999e+01 1.7753720988048149e-01 
 1.6550000000000001e+01 1.7407816358294381e-01 
 1.6559999999999999e+01 1.7033013476046172e-01 
 1.6570000000000000e+01 1.6630884861721246e-01 
 1.6579999999999998e+01 1.6203003035737876e-01 
 1.6590000000000000e+01 1.5750940518513756e-01 
 1.6600000000000001e+01 1.5276269830467026e-01 
 1.6609999999999999e+01 1.4708206001358676e-01 
 1.6620000000000001e+01 1.3988411452228561e-01 
 1.6629999999999999e+01 1.3137129790414417e-01 
 1.6640000000000001e+01 1.2174604623252881e-01 
 1.6649999999999999e+01 1.1121079558081864e-01 
 1.6660000000000000e+01 9.9967982022378582e-02 
 1.6670000000000002e+01 8.8220041630584653e-02 
 1.6680000000000000e+01 7.6169410478813621e-02 
 1.6690000000000001e+01 6.4018524640429300e-02 
 1.6699999999999999e+01 5.1969820188812618e-02 
 1.6710000000000001e+01 4.0225733197327404e-02 
 1.6719999999999999e+01 2.8988699739354265e-02 
 1.6730000000000000e+01 1.8461155888257641e-02 
 1.6739999999999998e+01 8.8455377174172511e-03 
 1.6750000000000000e+01 3.4428130019870107e-04 
 1.6759999999999998e+01 -6.8401772900197055e-03 
 1.6770000000000000e+01 -1.2505401979870656e-02 
 1.6780000000000001e+01 -1.6448956695978983e-02 
 1.6789999999999999e+01 -1.8468405364971768e-02 
 1.6800000000000001e+01 -1.8361311913478229e-02 
 1.6809999999999999e+01 -1.6871467154956677e-02 
 1.6820000000000000e+01 -1.4897837410866971e-02 
 1.6829999999999998e+01 -1.2470749869841032e-02 
 1.6840000000000000e+01 -9.6205317205076708e-03 
 1.6850000000000001e+01 -6.3775101514982058e-03 
 1.6859999999999999e+01 -2.7720123514445201e-03 
 1.6870000000000001e+01 1.1656344910254100e-03 
 1.6879999999999999e+01 5.4051031872782672e-03 
 1.6890000000000001e+01 9.9160665486865418e-03 
 1.6899999999999999e+01 1.4668197386616504e-02 
 1.6910000000000000e+01 1.9631168512441004e-02 
 1.6920000000000002e+01 2.4774652737527846e-02 
 1.6930000000000000e+01 3.0068322873244582e-02 
 1.6940000000000001e+01 3.5481851730964450e-02 
 1.6949999999999999e+01 4.0984912122053081e-02 
 1.6960000000000001e+01 4.6547176857883857e-02 
 1.6969999999999999e+01 5.2138318749822318e-02 
 1.6980000000000000e+01 5.7728010609241889e-02 
 1.6989999999999998e+01 6.3285925247508090e-02 
 1.7000000000000000e+01 6.8781735475994310e-02 
 1.7009999999999998e+01 7.4653236627455460e-02 
 1.7020000000000000e+01 8.1282108135724701e-02 
 1.7030000000000001e+01 8.8553848963774301e-02 
 1.7039999999999999e+01 9.6353958074575696e-02 
 1.7050000000000001e+01 1.0456793443110866e-01 
 1.7059999999999999e+01 1.1308127699634171e-01 
 1.7070000000000000e+01 1.2177948473325519e-01 
 1.7079999999999998e+01 1.3054805660481722e-01 
 1.7090000000000000e+01 1.3927249157400834e-01 
 1.7100000000000001e+01 1.4783828860379963e-01 
 1.7109999999999999e+01 1.5613094665716248e-01 
 1.7120000000000001e+01 1.6403596469707710e-01 
 1.7129999999999999e+01 1.7143884168651213e-01 
 1.7140000000000001e+01 1.7822507658844716e-01 
 1.7149999999999999e+01 1.8428016836585170e-01 
 1.7160000000000000e+01 1.8948961598170427e-01 
 1.7170000000000002e+01 1.9373891839897692e-01 
 1.7180000000000000e+01 1.9691357458064288e-01 
 1.7190000000000001e+01 1.9889908348967872e-01 
 1.7199999999999999e+01 1.9958094408905735e-01 
 1.7210000000000001e+01 1.9891417648970808e-01 
 1.7219999999999999e+01 1.9700330168193597e-01 
 1.7230000000000000e+01 1.9395806994777784e-01 
 1.7239999999999998e+01 1.8988823156927390e-01 
 1.7250000000000000e+01 1.8490353682845939e-01 
 1.7259999999999998e+01 1.7911373600737596e-01 
 1.7270000000000000e+01 1.7262857938805756e-01 
 1.7280000000000001e+01 1.6555781725254434e-01 
 1.7289999999999999e+01 1.5801119988287718e-01 
 1.7300000000000001e+01 1.5009847756108882e-01 
 1.7309999999999999e+01 1.4192940056922301e-01 
 1.7320000000000000e+01 1.3361371918931206e-01 
 1.7329999999999998e+01 1.2526118370339992e-01 
 1.7340000000000000e+01 1.1698154439351884e-01 
 1.7350000000000001e+01 1.0888455154170991e-01 
 1.7359999999999999e+01 1.0107995543001400e-01 
 1.7370000000000001e+01 9.3677506340463707e-02 
 1.7379999999999999e+01 8.6786954555102352e-02 
 1.7390000000000001e+01 8.0518050355963183e-02 
 1.7399999999999999e+01 7.4980544025088733e-02 
 1.7410000000000000e+01 6.9794441638053567e-02 
 1.7420000000000002e+01 6.4527601794620068e-02 
 1.7430000000000000e+01 5.9211553563101940e-02 
 1.7440000000000001e+01 5.3877826011807226e-02 
 1.7449999999999999e+01 4.8557948209051481e-02 
 1.7460000000000001e+01 4.3283449223142735e-02 
 1.7469999999999999e+01 3.8085858122396531e-02 
 1.7480000000000000e+01 3.2996703975120951e-02 
 1.7489999999999998e+01 2.8047515849631423e-02 
 1.7500000000000000e+01 2.3269822814236209e-02 
 1.7509999999999998e+01 1.8695153937250512e-02 
 1.7520000000000000e+01 1.4355038286982875e-02 
 1.7530000000000001e+01 1.0281004931746759e-02 
 1.7539999999999999e+01 6.5045829398552718e-03 
 1.7550000000000001e+01 3.0573013796175302e-03 
 1.7559999999999999e+01 -2.9310680652219756e-05 
 1.7570000000000000e+01 -2.7237241726443956e-03 
 1.7579999999999998e+01 -4.9944100280452930e-03 
 1.7590000000000000e+01 -6.8098391785447049e-03 
 1.7600000000000001e+01 -8.1384825558299401e-03 
 1.7609999999999999e+01 -8.2471689628389726e-03 
 1.7620000000000001e+01 -6.5393235533028104e-03 
 1.7629999999999999e+01 -3.1883117851007154e-03 
 1.7640000000000001e+01 1.6325008838915592e-03 
 1.7649999999999999e+01 7.7497489957925395e-03 
 1.7660000000000000e+01 1.4990067092728442e-02 
 1.7670000000000002e+01 2.3180089716819126e-02 
 1.7680000000000000e+01 3.2146451410183109e-02 
 1.7690000000000001e+01 4.1715786714948640e-02 
 1.7699999999999999e+01 5.1714730173230840e-02 
 1.7710000000000001e+01 6.1969916327158717e-02 
 1.7719999999999999e+01 7.2307979718846893e-02 
 1.7730000000000000e+01 8.2555554890424626e-02 
 1.7739999999999998e+01 9.2539276384006566e-02 
 1.7750000000000000e+01 1.0208577874172166e-01 
 1.7759999999999998e+01 1.1102169650568511e-01 
 1.7770000000000000e+01 1.1917366421802508e-01 
 1.7780000000000001e+01 1.2636831642086013e-01 
 1.7789999999999999e+01 1.3243228765631015e-01 
 1.7800000000000001e+01 1.3719221246650126e-01 
 1.7809999999999999e+01 1.4117744453698347e-01 
 1.7820000000000000e+01 1.4502132761247558e-01 
 1.7829999999999998e+01 1.4870648132384010e-01 
 1.7840000000000000e+01 1.5221552530194488e-01 
 1.7850000000000001e+01 1.5553107917765388e-01 
 1.7859999999999999e+01 1.5863576258183124e-01 
 1.7870000000000001e+01 1.6151219514534443e-01 
 1.7879999999999999e+01 1.6414299649905667e-01 
 1.7890000000000001e+01 1.6651078627383509e-01 
 1.7899999999999999e+01 1.6859818410054325e-01 
 1.7910000000000000e+01 1.7038780961004790e-01 
 1.7920000000000002e+01 1.7186228243321347e-01 
 1.7930000000000000e+01 1.7300422220090489e-01 
 1.7940000000000001e+01 1.7379624854398823e-01 
 1.7949999999999999e+01 1.7422098109332818e-01 
 1.7960000000000001e+01 1.7426103947979024e-01 
 1.7969999999999999e+01 1.7389904333423972e-01 
 1.7980000000000000e+01 1.7311761228754158e-01 
 1.7989999999999998e+01 1.7189936597056166e-01 
 1.8000000000000000e+01 1.7022692401416428e-01 
 1.8010000000000002e+01 1.6760953326425326e-01 
 1.8020000000000000e+01 1.6366572069129656e-01 
 1.8030000000000001e+01 1.5854202611300100e-01 
 1.8039999999999999e+01 1.5238498934707981e-01 
 1.8050000000000001e+01 1.4534115021123822e-01 
 1.8059999999999999e+01 1.3755704852319084e-01 
 1.8070000000000000e+01 1.2917922410064175e-01 
 1.8079999999999998e+01 1.2035421676130650e-01 
 1.8090000000000000e+01 1.1122856632288847e-01 
 1.8100000000000001e+01 1.0194881260310032e-01 
 1.8109999999999999e+01 9.2661495419655099e-02 
 1.8120000000000001e+01 8.3513154590255809e-02 
 1.8129999999999999e+01 7.4650329932618539e-02 
 1.8140000000000001e+01 6.6219561264446614e-02 
 1.8149999999999999e+01 5.8367388403455595e-02 
 1.8160000000000000e+01 5.1240351167349554e-02 
 1.8170000000000002e+01 4.4984989373841044e-02 
 1.8180000000000000e+01 3.9747842840641423e-02 
 1.8190000000000001e+01 3.5675451385456636e-02 
 1.8199999999999999e+01 3.2914354825999137e-02 
 1.8210000000000001e+01 3.1032186089084431e-02 
 1.8219999999999999e+01 2.9493959388186133e-02 
 1.8230000000000000e+01 2.8292286470994337e-02 
 1.8239999999999998e+01 2.7419779085201084e-02 
 1.8250000000000000e+01 2.6869048978496936e-02 
 1.8260000000000002e+01 2.6632707898573447e-02 
 1.8270000000000000e+01 2.6703367593121717e-02 
 1.8280000000000001e+01 2.7073639809832985e-02 
 1.8289999999999999e+01 2.7736136296398175e-02 
 1.8300000000000001e+01 2.8683468800508941e-02 
 1.8309999999999999e+01 2.9908249069855793e-02 
 1.8320000000000000e+01 3.1403088852130799e-02 
 1.8329999999999998e+01 3.3160599895024075e-02 
 1.8340000000000000e+01 3.5173393946228051e-02 
 1.8350000000000001e+01 3.7434082753433337e-02 
 1.8359999999999999e+01 3.9935278064330185e-02 
 1.8370000000000001e+01 4.2669591626611561e-02 
 1.8379999999999999e+01 4.5629635187966706e-02 
 1.8390000000000001e+01 4.8808020496088900e-02 
 1.8399999999999999e+01 5.2197359298667062e-02 
 1.8410000000000000e+01 5.6246441351822392e-02 
 1.8420000000000002e+01 6.1321480114959623e-02 
 1.8430000000000000e+01 6.7291222890697430e-02 
 1.8440000000000001e+01 7.4024416981661026e-02 
 1.8449999999999999e+01 8.1389809690466677e-02 
 1.8460000000000001e+01 8.9256148319740575e-02 
 1.8469999999999999e+01 9.7492180172098208e-02 
 1.8480000000000000e+01 1.0596665255016632e-01 
 1.8489999999999998e+01 1.1454831275656002e-01 
 1.8500000000000000e+01 1.2310590809390633e-01 
 1.8510000000000002e+01 1.3150818586482316e-01 
 1.8520000000000000e+01 1.3962389337192863e-01 
 1.8530000000000001e+01 1.4732177791784951e-01 
 1.8539999999999999e+01 1.5447058680520132e-01 
 1.8550000000000001e+01 1.6093906733661012e-01 
 1.8559999999999999e+01 1.6659596681469235e-01 
 1.8570000000000000e+01 1.7131003254207305e-01 
 1.8579999999999998e+01 1.7495001182136988e-01 
 1.8590000000000000e+01 1.7738465195520639e-01 
 1.8600000000000001e+01 1.7848270024620205e-01 
 1.8609999999999999e+01 1.7865522275106183e-01 
 1.8620000000000001e+01 1.7841613941600915e-01 
 1.8629999999999999e+01 1.7778847837794273e-01 
 1.8640000000000001e+01 1.7679526777376064e-01 
 1.8649999999999999e+01 1.7545953574036210e-01 
 1.8660000000000000e+01 1.7380431041464464e-01 
 1.8670000000000002e+01 1.7185261993350723e-01 
 1.8680000000000000e+01 1.6962749243384923e-01 
 1.8690000000000001e+01 1.6715195605256755e-01 
 1.8699999999999999e+01 1.6444903892656251e-01 
 1.8710000000000001e+01 1.6154176919273064e-01 
 1.8719999999999999e+01 1.5845317498797257e-01 
 1.8730000000000000e+01 1.5520628444918458e-01 
 1.8739999999999998e+01 1.5182412571326750e-01 
 1.8750000000000000e+01 1.4832972691711743e-01 
 1.8760000000000002e+01 1.4474611619763411e-01 
 1.8770000000000000e+01 1.4109632169171735e-01 
 1.8780000000000001e+01 1.3740337153626306e-01 
 1.8789999999999999e+01 1.3369029386817238e-01 
 1.8800000000000001e+01 1.2998011682434119e-01 
 1.8809999999999999e+01 1.2578988083857970e-01 
 1.8820000000000000e+01 1.2071098635708497e-01 
 1.8829999999999998e+01 1.1487800153534820e-01 
 1.8840000000000000e+01 1.0842549452885299e-01 
 1.8850000000000001e+01 1.0148803349308899e-01 
 1.8859999999999999e+01 9.4200186583546577e-02 
 1.8870000000000001e+01 8.6696521955708289e-02 
 1.8879999999999999e+01 7.9111607765067080e-02 
 1.8890000000000001e+01 7.1580012167105245e-02 
 1.8899999999999999e+01 6.4236303317315807e-02 
 1.8910000000000000e+01 5.7215049371181215e-02 
 1.8920000000000002e+01 5.0650818484191854e-02 
 1.8930000000000000e+01 4.4678178811837471e-02 
 1.8940000000000001e+01 3.9431698509601529e-02 
 1.8949999999999999e+01 3.5045945732975384e-02 
 1.8960000000000001e+01 3.1655488637443607e-02 
 1.8969999999999999e+01 2.9394895378496266e-02 
 1.8980000000000000e+01 2.8398734111619445e-02 
 1.8989999999999998e+01 2.8801572992301461e-02 
 1.9000000000000000e+01 3.0737980176030355e-02 
 1.9010000000000002e+01 3.3569120580543982e-02 
 1.9020000000000000e+01 3.6558716089778058e-02 
 1.9030000000000001e+01 3.9695170308520891e-02 
 1.9039999999999999e+01 4.2966886841556445e-02 
 1.9050000000000001e+01 4.6362269293673222e-02 
 1.9059999999999999e+01 4.9869721269654999e-02 
 1.9070000000000000e+01 5.3477646374290450e-02 
 1.9079999999999998e+01 5.7174448212363199e-02 
 1.9090000000000000e+01 6.0948530388662062e-02 
 1.9100000000000001e+01 6.4788296507971910e-02 
 1.9109999999999999e+01 6.8682150175077505e-02 
 1.9120000000000001e+01 7.2618494994767857e-02 
 1.9129999999999999e+01 7.6585734571826311e-02 
 1.9140000000000001e+01 8.0572272511041876e-02 
 1.9149999999999999e+01 8.4566512417197925e-02 
 1.9160000000000000e+01 8.8556857895083441e-02 
 1.9170000000000002e+01 9.2531712549483225e-02 
 1.9180000000000000e+01 9.6479479985182040e-02 
 1.9190000000000001e+01 1.0038856380696888e-01 
 1.9199999999999999e+01 1.0424736761962715e-01 
 1.9210000000000001e+01 1.0815500814059582e-01 
 1.9219999999999999e+01 1.1220353291040301e-01 
 1.9230000000000000e+01 1.1637074176847949e-01 
 1.9239999999999998e+01 1.2063443455425024e-01 
 1.9250000000000000e+01 1.2497241110714621e-01 
 1.9260000000000002e+01 1.2936247126659384e-01 
 1.9270000000000000e+01 1.3378241487201947e-01 
 1.9280000000000001e+01 1.3821004176285417e-01 
 1.9289999999999999e+01 1.4262315177852269e-01 
 1.9300000000000001e+01 1.4699954475845617e-01 
 1.9309999999999999e+01 1.5131702054207941e-01 
 1.9320000000000000e+01 1.5555337896882335e-01 
 1.9329999999999998e+01 1.5968641987811300e-01 
 1.9340000000000000e+01 1.6369394310937915e-01 
 1.9350000000000001e+01 1.6755374850204829e-01 
 1.9359999999999999e+01 1.7124363589554703e-01 
 1.9370000000000001e+01 1.7474140512930597e-01 
 1.9379999999999999e+01 1.7802485604275048e-01 
 1.9390000000000001e+01 1.8107178847531086e-01 
 1.9399999999999999e+01 1.8386000226641291e-01 
 1.9410000000000000e+01 1.8577809664372785e-01 
 1.9420000000000002e+01 1.8630899141250484e-01 
 1.9430000000000000e+01 1.8557196727854494e-01 
 1.9440000000000001e+01 1.8368630494764823e-01 
 1.9449999999999999e+01 1.8077128512561655e-01 
 1.9460000000000001e+01 1.7694618851824837e-01 
 1.9469999999999999e+01 1.7233029583134696e-01 
 1.9480000000000000e+01 1.6704288777070961e-01 
 1.9489999999999998e+01 1.6120324504214054e-01 
 1.9500000000000000e+01 1.5493064835143625e-01 
 1.9510000000000002e+01 1.4834437840439926e-01 
 1.9520000000000000e+01 1.4156371590683267e-01 
 1.9530000000000001e+01 1.3470794156453214e-01 
 1.9539999999999999e+01 1.2789633608330317e-01 
 1.9550000000000001e+01 1.2124818016894139e-01 
 1.9559999999999999e+01 1.1488275452725212e-01 
 1.9570000000000000e+01 1.0891933986403132e-01 
 1.9579999999999998e+01 1.0347721688508381e-01 
 1.9590000000000000e+01 9.8675666296206291e-02 
 1.9600000000000001e+01 9.4633968803201407e-02 
 1.9609999999999999e+01 9.0970369721140920e-02 
 1.9620000000000001e+01 8.7240704164441324e-02 
 1.9629999999999999e+01 8.3470637537928688e-02 
 1.9640000000000001e+01 7.9685835246423781e-02 
 1.9649999999999999e+01 7.5911962694752713e-02 
 1.9660000000000000e+01 7.2174685287736240e-02 
 1.9670000000000002e+01 6.8499668430199168e-02 
 1.9680000000000000e+01 6.4912577526966164e-02 
 1.9690000000000001e+01 6.1439077982858137e-02 
 1.9699999999999999e+01 5.8104835202700982e-02 
 1.9710000000000001e+01 5.4935514591315772e-02 
 1.9719999999999999e+01 5.1956781553528168e-02 
 1.9730000000000000e+01 4.9194301494159508e-02 
 1.9739999999999998e+01 4.6673739818035173e-02 
 1.9750000000000000e+01 4.4420761929976814e-02 
 1.9760000000000002e+01 4.2461033234808807e-02 
 1.9770000000000000e+01 4.0820219137355125e-02 
 1.9780000000000001e+01 3.9523985042438051e-02 
 1.9789999999999999e+01 3.8597996354881925e-02 
 1.9800000000000001e+01 3.8067918479509522e-02 
 1.9809999999999999e+01 3.8369604908310921e-02 
 1.9820000000000000e+01 3.9847837102668808e-02 
 1.9829999999999998e+01 4.2391672421494296e-02 
 1.9840000000000000e+01 4.5890168223701316e-02 
 1.9850000000000001e+01 5.0232381868201226e-02 
 1.9859999999999999e+01 5.5307370713904194e-02 
 1.9870000000000001e+01 6.1004192119725957e-02 
 1.9879999999999999e+01 6.7211903444574617e-02 
 1.9890000000000001e+01 7.3819562047366713e-02 
 1.9899999999999999e+01 8.0716225287009724e-02 
 1.9910000000000000e+01 8.7790950522420655e-02 
 1.9920000000000002e+01 9.4932795112509197e-02 
 1.9930000000000000e+01 1.0203081641618493e-01 
 1.9940000000000001e+01 1.0897407179236503e-01 
 1.9949999999999999e+01 1.1565161859995671e-01 
 1.9960000000000001e+01 1.2195251419787682e-01 
 1.9969999999999999e+01 1.2776581594503311e-01 
 1.9980000000000000e+01 1.3298058120034179e-01 
 1.9989999999999998e+01 1.3748586732271134e-01 
 2.0000000000000000e+01 1.4117073167105709e-01 
 