0.0000000000000000e+00 -1.0011364741804081e+00 
 1.0000000000000000e-02 -9.8310341390332534e-01 
 2.0000000000000000e-02 -9.6372814594029221e-01 
 2.9999999999999999e-02 -9.4304830907161319e-01 
 4.0000000000000001e-02 -9.2110154207759332e-01 
 5.0000000000000003e-02 -8.9792548373853731e-01 
 5.9999999999999998e-02 -8.7355777283474989e-01 
 7.0000000000000007e-02 -8.4803604814653588e-01 
 8.0000000000000002e-02 -8.2139794845420022e-01 
 8.9999999999999997e-02 -7.9368111253804741e-01 
 1.0000000000000001e-01 -7.6492317917838248e-01 
 1.1000000000000000e-01 -7.3516178715551006e-01 
 1.2000000000000000e-01 -7.0443457524973496e-01 
 1.3000000000000000e-01 -6.7277918224136202e-01 
 1.4000000000000001e-01 -6.4023324691069594e-01 
 1.4999999999999999e-01 -6.0683440803804167e-01 
 1.6000000000000000e-01 -5.7262030440370393e-01 
 1.7000000000000001e-01 -5.3762857478798742e-01 
 1.7999999999999999e-01 -5.0189685797119710e-01 
 1.9000000000000000e-01 -4.6546279273363744e-01 
 2.0000000000000001e-01 -4.2836401785561340e-01 
 2.0999999999999999e-01 -3.8903354174533339e-01 
 2.2000000000000000e-01 -3.4613653701480163e-01 
 2.3000000000000001e-01 -3.0005888875001774e-01 
 2.3999999999999999e-01 -2.5118648203698096e-01 
 2.5000000000000000e-01 -1.9990520196169057e-01 
 2.6000000000000001e-01 -1.4660093361014598e-01 
 2.7000000000000002e-01 -9.1659562068346523e-02 
 2.8000000000000003e-01 -3.5466972422291521e-02 
 2.8999999999999998e-01 2.1590950242019347e-02 
 2.9999999999999999e-01 7.9128320838587340e-02 
 3.1000000000000000e-01 1.3675925428141278e-01 
 3.2000000000000001e-01 1.9409786548449637e-01 
 3.3000000000000002e-01 2.5075826936183876e-01 
 3.4000000000000002e-01 3.0635458082744049e-01 
 3.5000000000000003e-01 3.6050091479530244e-01 
 3.5999999999999999e-01 4.1281138617942481e-01 
 3.7000000000000000e-01 4.6290010989380892e-01 
 3.8000000000000000e-01 5.1038120085245509e-01 
 3.9000000000000001e-01 5.5486877396936396e-01 
 4.0000000000000002e-01 5.9597694415853630e-01 
 4.1000000000000003e-01 6.3499602645556663e-01 
 4.1999999999999998e-01 6.7328262870644007e-01 
 4.2999999999999999e-01 7.1055030504074324e-01 
 4.4000000000000000e-01 7.4651260958806220e-01 
 4.5000000000000001e-01 7.8088309647798337e-01 
 4.6000000000000002e-01 8.1337531984009281e-01 
 4.7000000000000003e-01 8.4370283380397693e-01 
 4.7999999999999998e-01 8.7157919249922200e-01 
 4.8999999999999999e-01 8.9671795005541444e-01 
 5.0000000000000000e-01 9.1883266060214042e-01 
 5.1000000000000001e-01 9.3763687826898634e-01 
 5.2000000000000002e-01 9.5284415718553817e-01 
 5.3000000000000003e-01 9.6416805148138263e-01 
 5.4000000000000004e-01 9.7132211528610568e-01 
 5.5000000000000004e-01 9.7401990272929373e-01 
 5.6000000000000005e-01 9.7197496794053306e-01 
 5.7000000000000006e-01 9.6490086504940997e-01 
 5.7999999999999996e-01 9.5251114818551086e-01 
 5.8999999999999997e-01 9.3451937147842168e-01 
 5.9999999999999998e-01 9.1063908905772917e-01 
 6.0999999999999999e-01 8.8357412232742338e-01 
 6.2000000000000000e-01 8.5622934904771464e-01 
 6.3000000000000000e-01 8.2861990788251771e-01 
 6.4000000000000001e-01 8.0076093749574773e-01 
 6.5000000000000002e-01 7.7266757655131968e-01 
 6.6000000000000003e-01 7.4435496371314847e-01 
 6.7000000000000004e-01 7.1583823764514909e-01 
 6.8000000000000005e-01 6.8713253701123678e-01 
 6.9000000000000006e-01 6.5825300047532631e-01 
 7.0000000000000007e-01 6.2921476670133281e-01 
 7.0999999999999996e-01 6.0003297435317149e-01 
 7.1999999999999997e-01 5.7072276209475681e-01 
 7.2999999999999998e-01 5.4129926859000421e-01 
 7.3999999999999999e-01 5.1177763250282826e-01 
 7.5000000000000000e-01 4.8217299249714451e-01 
 7.6000000000000001e-01 4.5250048723686770e-01 
 7.7000000000000002e-01 4.2277525538591282e-01 
 7.8000000000000003e-01 3.9301243560819499e-01 
 7.9000000000000004e-01 3.6322716656762899e-01 
 8.0000000000000004e-01 3.3343458692813011e-01 
 8.1000000000000005e-01 3.0346595929917447e-01 
 8.2000000000000006e-01 2.7317261854465458e-01 
 8.3000000000000007e-01 2.4259981171010958e-01 
 8.3999999999999997e-01 2.1179278584107900e-01 
 8.4999999999999998e-01 1.8079678798310139e-01 
 8.5999999999999999e-01 1.4965706518171626e-01 
 8.7000000000000000e-01 1.1841886448246283e-01 
 8.8000000000000000e-01 8.7127432930880294e-02 
 8.9000000000000001e-01 5.5828017572507826e-02 
 9.0000000000000002e-01 2.4565865452884583e-02 
 9.1000000000000003e-01 -6.6137763824501983e-03 
 9.2000000000000004e-01 -3.7665660887957253e-02 
 9.3000000000000005e-01 -6.8544541018097482e-02 
 9.4000000000000006e-01 -9.9205169727331732e-02 
 9.5000000000000007e-01 -1.2960229997012068e-01 
 9.5999999999999996e-01 -1.5969068470092485e-01 
 9.6999999999999997e-01 -1.8942507687420573e-01 
 9.7999999999999998e-01 -2.1876022944442386e-01 
 9.8999999999999999e-01 -2.4765089536603990e-01 
 1.0000000000000000e+00 -2.7605182759351465e-01 
 1.0100000000000000e+00 -3.0200494805575523e-01 
 1.0200000000000000e+00 -3.2372306377021742e-01 
 1.0300000000000000e+00 -3.4141725532418571e-01 
 1.0400000000000000e+00 -3.5529860330494445e-01 
 1.0500000000000000e+00 -3.6557818829977790e-01 
 1.0600000000000001e+00 -3.7246709089597052e-01 
 1.0700000000000001e+00 -3.7617639168080669e-01 
 1.0800000000000001e+00 -3.7691717124157070e-01 
 1.0900000000000001e+00 -3.7490051016554693e-01 
 1.1000000000000001e+00 -3.7033748904001984e-01 
 1.1100000000000001e+00 -3.6343918845227374e-01 
 1.1200000000000001e+00 -3.5441668898959294e-01 
 1.1300000000000001e+00 -3.4348107123926186e-01 
 1.1400000000000001e+00 -3.3084341578856485e-01 
 1.1500000000000001e+00 -3.1671480322478640e-01 
 1.1599999999999999e+00 -3.0130631413521103e-01 
 1.1699999999999999e+00 -2.8482902910712249e-01 
 1.1799999999999999e+00 -2.6749402872780553e-01 
 1.1899999999999999e+00 -2.4951239358454444e-01 
 1.2000000000000000e+00 -2.3109520426462368e-01 
 1.2100000000000000e+00 -2.1182841821362722e-01 
 1.2200000000000000e+00 -1.9125557552634156e-01 
 1.2300000000000000e+00 -1.6952413076385489e-01 
 1.2400000000000000e+00 -1.4678153848725528e-01 
 1.2500000000000000e+00 -1.2317525325763093e-01 
 1.2600000000000000e+00 -9.8852729636069919e-02 
 1.2700000000000000e+00 -7.3961422183660447e-02 
 1.2800000000000000e+00 -4.8648785461490623e-02 
 1.2900000000000000e+00 -2.3062274030648561e-02 
 1.3000000000000000e+00 2.6506575477775463e-03 
 1.3100000000000001e+00 2.8342554712699641e-02 
 1.3200000000000001e+00 5.3865962903029474e-02 
 1.3300000000000001e+00 7.9073427557678988e-02 
 1.3400000000000001e+00 1.0381749411556013e-01 
 1.3500000000000001e+00 1.2795070801558456e-01 
 1.3600000000000001e+00 1.5132561469666422e-01 
 1.3700000000000001e+00 1.7379475959771107e-01 
 1.3800000000000001e+00 1.9521068815763687e-01 
 1.3900000000000001e+00 2.1542594581535340e-01 
 1.4000000000000001e+00 2.3429307800977273e-01 
 1.4099999999999999e+00 2.5258061769580864e-01 
 1.4199999999999999e+00 2.7107979979432029e-01 
 1.4299999999999999e+00 2.8967722269313489e-01 
 1.4399999999999999e+00 3.0825948478008025e-01 
 1.4500000000000000e+00 3.2671318444298408e-01 
 1.4600000000000000e+00 3.4492492006967407e-01 
 1.4700000000000000e+00 3.6278129004797799e-01 
 1.4800000000000000e+00 3.8016889276572347e-01 
 1.4900000000000000e+00 3.9697432661073834e-01 
 1.5000000000000000e+00 4.1308418997085028e-01 
 1.5100000000000000e+00 4.2838508123388697e-01 
 1.5200000000000000e+00 4.4276359878767624e-01 
 1.5300000000000000e+00 4.5610634102004566e-01 
 1.5400000000000000e+00 4.6829990631882312e-01 
 1.5500000000000000e+00 4.7923089307183631e-01 
 1.5600000000000001e+00 4.8878589966691277e-01 
 1.5700000000000001e+00 4.9685152449188047e-01 
 1.5800000000000001e+00 5.0331436593456702e-01 
 1.5900000000000001e+00 5.0806102238280015e-01 
 1.6000000000000001e+00 5.1097809222440749e-01 
 1.6100000000000001e+00 5.1256091524644054e-01 
 1.6200000000000001e+00 5.1339966675210480e-01 
 1.6300000000000001e+00 5.1352319840345884e-01 
 1.6400000000000001e+00 5.1296036186256155e-01 
 1.6500000000000001e+00 5.1174000879147175e-01 
 1.6600000000000001e+00 5.0989099085224798e-01 
 1.6699999999999999e+00 5.0744215970694939e-01 
 1.6799999999999999e+00 5.0442236701763443e-01 
 1.6899999999999999e+00 5.0086046444636190e-01 
 1.7000000000000000e+00 4.9678530365519075e-01 
 1.7100000000000000e+00 4.9222573630617961e-01 
 1.7200000000000000e+00 4.8721061406138733e-01 
 1.7300000000000000e+00 4.8176878858287259e-01 
 1.7400000000000000e+00 4.7592911153269424e-01 
 1.7500000000000000e+00 4.6972043457291107e-01 
 1.7600000000000000e+00 4.6317160936558177e-01 
 1.7700000000000000e+00 4.5631148757276518e-01 
 1.7800000000000000e+00 4.4916892085652010e-01 
 1.7900000000000000e+00 4.4177276087890521e-01 
 1.8000000000000000e+00 4.3415185930197930e-01 
 1.8100000000000001e+00 4.2620554347577455e-01 
 1.8200000000000001e+00 4.1785307046959819e-01 
 1.8300000000000001e+00 4.0915318652442156e-01 
 1.8400000000000001e+00 4.0016463788121620e-01 
 1.8500000000000001e+00 3.9094617078095339e-01 
 1.8600000000000001e+00 3.8155653146460466e-01 
 1.8700000000000001e+00 3.7205446617314142e-01 
 1.8800000000000001e+00 3.6249872114753501e-01 
 1.8900000000000001e+00 3.5294804262875695e-01 
 1.9000000000000001e+00 3.4346117685777861e-01 
 1.9100000000000001e+00 3.3409687007557137e-01 
 1.9199999999999999e+00 3.2491386852310694e-01 
 1.9299999999999999e+00 3.1597091844135627e-01 
 1.9399999999999999e+00 3.0732676607129095e-01 
 1.9500000000000000e+00 2.9904015765388253e-01 
 1.9600000000000000e+00 2.9116983943010233e-01 
 1.9700000000000000e+00 2.8377455764092174e-01 
 1.9800000000000000e+00 2.7691305852731229e-01 
 1.9900000000000000e+00 2.7064408833024534e-01 
 2.0000000000000000e+00 2.6502639329069233e-01 
 2.0100000000000002e+00 2.5976107828955852e-01 
 2.0200000000000000e+00 2.5451017313996233e-01 
 2.0300000000000002e+00 2.4927381148119351e-01 
 2.0400000000000000e+00 2.4405212695254283e-01 
 2.0499999999999998e+00 2.3884525319330024e-01 
 2.0600000000000001e+00 2.3365332384275586e-01 
 2.0699999999999998e+00 2.2847647254020034e-01 
 2.0800000000000001e+00 2.2331483292492352e-01 
 2.0899999999999999e+00 2.1816853863621608e-01 
 2.1000000000000001e+00 2.1303772331336784e-01 
 2.1099999999999999e+00 2.0792252059566951e-01 
 2.1200000000000001e+00 2.0282306412241091e-01 
 2.1299999999999999e+00 1.9773948753288273e-01 
 2.1400000000000001e+00 1.9267192446637482e-01 
 2.1499999999999999e+00 1.8762050856217782e-01 
 2.1600000000000001e+00 1.8258537345958159e-01 
 2.1699999999999999e+00 1.7756665279787681e-01 
 2.1800000000000002e+00 1.7256448021635329e-01 
 2.1899999999999999e+00 1.6757898935430174e-01 
 2.2000000000000002e+00 1.6261031385101199e-01 
 2.2100000000000000e+00 1.5765438941789639e-01 
 2.2200000000000002e+00 1.5270678154027811e-01 
 2.2300000000000000e+00 1.4776706851831553e-01 
 2.2400000000000002e+00 1.4283482865216607e-01 
 2.2500000000000000e+00 1.3790964024198807e-01 
 2.2600000000000002e+00 1.3299108158793893e-01 
 2.2700000000000000e+00 1.2807873099017703e-01 
 2.2800000000000002e+00 1.2317216674885978e-01 
 2.2900000000000000e+00 1.1827096716414549e-01 
 2.3000000000000003e+00 1.1337471053619164e-01 
 2.3100000000000001e+00 1.0848297516515654e-01 
 2.3199999999999998e+00 1.0359533935119784e-01 
 2.3300000000000001e+00 9.8711381394473233e-02 
 2.3399999999999999e+00 9.3830679595141020e-02 
 2.3500000000000001e+00 8.8952812253358646e-02 
 2.3599999999999999e+00 8.4077357669284439e-02 
 2.3700000000000001e+00 7.9203894143075840e-02 
 2.3799999999999999e+00 7.4331999974891191e-02 
 2.3900000000000001e+00 6.9461253464887907e-02 
 2.3999999999999999e+00 6.4591232913224328e-02 
 2.4100000000000001e+00 5.9770874234374369e-02 
 2.4199999999999999e+00 5.5051617146460466e-02 
 2.4300000000000002e+00 5.0436795655111506e-02 
 2.4399999999999999e+00 4.5929743765957230e-02 
 2.4500000000000002e+00 4.1533795484626546e-02 
 2.4600000000000000e+00 3.7252284816749165e-02 
 2.4700000000000002e+00 3.3088545767954038e-02 
 2.4800000000000000e+00 2.9045912343870856e-02 
 2.4900000000000002e+00 2.5127718550128561e-02 
 2.5000000000000000e+00 2.1337298392356832e-02 
 2.5100000000000002e+00 1.7677985876184660e-02 
 2.5200000000000000e+00 1.4153115007241673e-02 
 2.5300000000000002e+00 1.0766019791156899e-02 
 2.5400000000000000e+00 7.5200342335599440e-03 
 2.5500000000000003e+00 4.4184923400798423e-03 
 2.5600000000000001e+00 1.4647281163461950e-03 
 2.5699999999999998e+00 -1.3379244320118333e-03 
 2.5800000000000001e+00 -3.9861312993650089e-03 
 2.5899999999999999e+00 -6.4765584800838133e-03 
 2.6000000000000001e+00 -8.8058719685391029e-03 
 2.6099999999999999e+00 -1.0511385610900819e-02 
 2.6200000000000001e+00 -1.1172609746255830e-02 
 2.6299999999999999e+00 -1.0849505108349760e-02 
 2.6400000000000001e+00 -9.6020324309282635e-03 
 2.6499999999999999e+00 -7.4901524477371268e-03 
 2.6600000000000001e+00 -4.5738258925218508e-03 
 2.6699999999999999e+00 -9.1301349902837489e-04 
 2.6800000000000002e+00 3.4323239989979427e-03 
 2.6899999999999999e+00 8.4022258678110411e-03 
 2.7000000000000002e+00 1.3936731373665672e-02 
 2.7100000000000000e+00 1.9975879782815658e-02 
 2.7200000000000002e+00 2.6459710361515863e-02 
 2.7300000000000000e+00 3.3328262376020053e-02 
 2.7400000000000002e+00 4.0521575092583098e-02 
 2.7500000000000000e+00 4.7979687777458743e-02 
 2.7600000000000002e+00 5.5642639696901891e-02 
 2.7700000000000000e+00 6.3450470117166258e-02 
 2.7800000000000002e+00 7.1343218304506795e-02 
 2.7900000000000000e+00 7.9260923525177177e-02 
 2.8000000000000003e+00 8.7143625045432382e-02 
 2.8100000000000001e+00 9.5405622922587793e-02 
 2.8199999999999998e+00 1.0444555928455700e-01 
 2.8300000000000001e+00 1.1417998650349051e-01 
 2.8399999999999999e+00 1.2452545695153751e-01 
 2.8500000000000001e+00 1.3539852300084898e-01 
 2.8599999999999999e+00 1.4671573702357399e-01 
 2.8700000000000001e+00 1.5839365139186362e-01 
 2.8799999999999999e+00 1.7034881847786687e-01 
 2.8900000000000001e+00 1.8249779065373484e-01 
 2.8999999999999999e+00 1.9475712029161657e-01 
 2.9100000000000001e+00 2.0704335976366312e-01 
 2.9199999999999999e+00 2.1927306144202349e-01 
 2.9300000000000002e+00 2.3136277769884883e-01 
 2.9399999999999999e+00 2.4322906090628812e-01 
 2.9500000000000002e+00 2.5478846343649242e-01 
 2.9600000000000000e+00 2.6595753766161079e-01 
 2.9700000000000002e+00 2.7665283595379436e-01 
 2.9800000000000000e+00 2.8679091068519208e-01 
 2.9900000000000002e+00 2.9628831422795499e-01 
 3.0000000000000000e+00 3.0506159895423224e-01 
 3.0100000000000002e+00 3.1354984918541395e-01 
 3.0200000000000000e+00 3.2216294050070987e-01 
 3.0300000000000002e+00 3.3077361215900275e-01 
 3.0400000000000000e+00 3.3925460341917385e-01 
 3.0500000000000003e+00 3.4747865354010599e-01 
 3.0600000000000001e+00 3.5531850178068042e-01 
 3.0700000000000003e+00 3.6264688739977979e-01 
 3.0800000000000001e+00 3.6933654965628560e-01 
 3.0899999999999999e+00 3.7526022780908008e-01 
 3.1000000000000001e+00 3.8029066111704557e-01 
 3.1099999999999999e+00 3.8430058883906359e-01 
 3.1200000000000001e+00 3.8716275023401647e-01 
 3.1299999999999999e+00 3.8874988456078607e-01 
 3.1400000000000001e+00 3.8893473107825449e-01 
 3.1499999999999999e+00 3.8759002904530371e-01 
 3.1600000000000001e+00 3.8458851772081570e-01 
 3.1699999999999999e+00 3.7980293636367268e-01 
 3.1800000000000002e+00 3.7310602423275629e-01 
 3.1899999999999999e+00 3.6437052058694908e-01 
 3.2000000000000002e+00 3.5346916468513234e-01 
 3.2100000000000000e+00 3.4143951329517075e-01 
 3.2200000000000002e+00 3.2940430402325921e-01 
 3.2300000000000000e+00 3.1736404738577889e-01 
 3.2400000000000002e+00 3.0531925389910874e-01 
 3.2500000000000000e+00 2.9327043407963005e-01 
 3.2600000000000002e+00 2.8121809844372175e-01 
 3.2700000000000000e+00 2.6916275750776508e-01 
 3.2800000000000002e+00 2.5710492178813910e-01 
 3.2900000000000000e+00 2.4504510180122491e-01 
 3.3000000000000003e+00 2.3298380806340158e-01 
 3.3100000000000001e+00 2.2092155109105024e-01 
 3.3200000000000003e+00 2.0885884140055000e-01 
 3.3300000000000001e+00 1.9679618950828198e-01 
 3.3399999999999999e+00 1.8473410593062578e-01 
 3.3500000000000001e+00 1.7267310118396098e-01 
 3.3599999999999999e+00 1.6061368578466872e-01 
 3.3700000000000001e+00 1.4855637024912804e-01 
 3.3799999999999999e+00 1.3650166509372016e-01 
 3.3900000000000001e+00 1.2445008083482401e-01 
 3.3999999999999999e+00 1.1240212798882088e-01 
 3.4100000000000001e+00 1.0035585131285502e-01 
 3.4199999999999999e+00 8.8309107256933667e-02 
 3.4300000000000002e+00 7.6262123876726901e-02 
 3.4399999999999999e+00 6.4215129227906897e-02 
 3.4500000000000002e+00 5.2168351366143763e-02 
 3.4600000000000000e+00 4.0122018347109725e-02 
 3.4700000000000002e+00 2.8076358226474848e-02 
 3.4800000000000000e+00 1.6031599059911347e-02 
 3.4900000000000002e+00 3.9879689030892923e-03 
 3.5000000000000000e+00 -8.0543041883190669e-03 
 3.5100000000000002e+00 -2.0094992158643660e-02 
 3.5200000000000000e+00 -3.2133866952212292e-02 
 3.5300000000000002e+00 -4.4170700513354838e-02 
 3.5400000000000000e+00 -5.6205264786399117e-02 
 3.5500000000000003e+00 -6.8237331715675059e-02 
 3.5600000000000001e+00 -8.0266673245510400e-02 
 3.5700000000000003e+00 -9.2293061320235070e-02 
 3.5800000000000001e+00 -1.0431626788417694e-01 
 3.5899999999999999e+00 -1.1633606488166523e-01 
 3.6000000000000001e+00 -1.2835222425702941e-01 
 3.6099999999999999e+00 -1.3912268629852026e-01 
 3.6200000000000001e+00 -1.4749745331505221e-01 
 3.6299999999999999e+00 -1.5361439028194604e-01 
 3.6400000000000001e+00 -1.5761136217452382e-01 
 3.6499999999999999e+00 -1.5962623396810680e-01 
 3.6600000000000001e+00 -1.5979687063801667e-01 
 3.6699999999999999e+00 -1.5826113715957496e-01 
 3.6800000000000002e+00 -1.5515689850810310e-01 
 3.6899999999999999e+00 -1.5062201965892291e-01 
 3.7000000000000002e+00 -1.4479436558735553e-01 
 3.7100000000000000e+00 -1.3781180126872306e-01 
 3.7200000000000002e+00 -1.2981219167834634e-01 
 3.7300000000000000e+00 -1.2093340179154777e-01 
 3.7400000000000002e+00 -1.1131329658364797e-01 
 3.7500000000000000e+00 -1.0108974102996938e-01 
 3.7600000000000002e+00 -9.0400600105832715e-02 
 3.7700000000000000e+00 -7.9383738786560382e-02 
 3.7800000000000002e+00 -6.8177022047473002e-02 
 3.7900000000000000e+00 -5.6918314863893149e-02 
 3.8000000000000003e+00 -4.5745482211141386e-02 
 3.8100000000000001e+00 -3.4113982203002310e-02 
 3.8200000000000003e+00 -2.1462547422112635e-02 
 3.8300000000000001e+00 -7.9039545470759587e-03 
 3.8399999999999999e+00 6.4490197435057711e-03 
 3.8500000000000001e+00 2.1483598771030760e-02 
 3.8599999999999999e+00 3.7087005856895214e-02 
 3.8700000000000001e+00 5.3146464322497991e-02 
 3.8799999999999999e+00 6.9549197489235215e-02 
 3.8900000000000001e+00 8.6182428678505840e-02 
 3.8999999999999999e+00 1.0293338121170592e-01 
 3.9100000000000001e+00 1.1968927841023444e-01 
 3.9199999999999999e+00 1.3633734359548741e-01 
 3.9300000000000002e+00 1.5276480008886389e-01 
 3.9399999999999999e+00 1.6885887121175988e-01 
 3.9500000000000002e+00 1.8450678028557430e-01 
 3.9600000000000000e+00 1.9959575063170337e-01 
 3.9700000000000002e+00 2.1401300557154584e-01 
 3.9800000000000000e+00 2.2764576842649809e-01 
 3.9900000000000002e+00 2.4038126251795860e-01 
 4.0000000000000000e+00 2.5210671116732408e-01 
 4.0099999999999998e+00 2.6347026767767423e-01 
 4.0200000000000005e+00 2.7510305565678556e-01 
 4.0300000000000002e+00 2.8686675388309757e-01 
 4.0400000000000000e+00 2.9862304113505289e-01 
 4.0499999999999998e+00 3.1023359619109314e-01 
 4.0600000000000005e+00 3.2156009782966088e-01 
 4.0700000000000003e+00 3.3246422482919563e-01 
 4.0800000000000001e+00 3.4280765596814006e-01 
 4.0899999999999999e+00 3.5245207002493573e-01 
 4.0999999999999996e+00 3.6125914577802420e-01 
 4.1100000000000003e+00 3.6909056200584783e-01 
 4.1200000000000001e+00 3.7580799748684668e-01 
 4.1299999999999999e+00 3.8127313099946308e-01 
 4.1399999999999997e+00 3.8534764132213872e-01 
 4.1500000000000004e+00 3.8789320723331522e-01 
 4.1600000000000001e+00 3.8877150751143374e-01 
 4.1699999999999999e+00 3.8784422093493631e-01 
 4.1799999999999997e+00 3.8497302628226432e-01 
 4.1900000000000004e+00 3.8001960233185894e-01 
 4.2000000000000002e+00 3.7284562786216258e-01 
 4.2100000000000000e+00 3.6446951267590944e-01 
 4.2199999999999998e+00 3.5600560656408636e-01 
 4.2300000000000004e+00 3.4745949828751260e-01 
 4.2400000000000002e+00 3.3883677660700956e-01 
 4.2500000000000000e+00 3.3014303028339648e-01 
 4.2599999999999998e+00 3.2138384807749343e-01 
 4.2700000000000005e+00 3.1256481875011943e-01 
 4.2800000000000002e+00 3.0369153106209618e-01 
 4.2900000000000000e+00 2.9476957377424284e-01 
 4.2999999999999998e+00 2.8580453564737929e-01 
 4.3100000000000005e+00 2.7680200544232481e-01 
 4.3200000000000003e+00 2.6776757191990092e-01 
 4.3300000000000001e+00 2.5870682384092680e-01 
 4.3399999999999999e+00 2.4962534996622249e-01 
 4.3500000000000005e+00 2.4052873905660707e-01 
 4.3600000000000003e+00 2.3142257987290218e-01 
 4.3700000000000001e+00 2.2231246117592696e-01 
 4.3799999999999999e+00 2.1320397172650141e-01 
 4.3899999999999997e+00 2.0410270028544547e-01 
 4.4000000000000004e+00 1.9501423561357834e-01 
 4.4100000000000001e+00 1.8588588187455657e-01 
 4.4199999999999999e+00 1.7666969968579818e-01 
 4.4299999999999997e+00 1.6737841248876895e-01 
 4.4400000000000004e+00 1.5802474372493375e-01 
 4.4500000000000002e+00 1.4862141683576005e-01 
 4.4600000000000000e+00 1.3918115526271280e-01 
 4.4699999999999998e+00 1.2971668244725773e-01 
 4.4800000000000004e+00 1.2024072183085979e-01 
 4.4900000000000002e+00 1.1076599685498642e-01 
 4.5000000000000000e+00 1.0130523096110253e-01 
 4.5099999999999998e+00 9.1871147590673913e-02 
 4.5200000000000005e+00 8.2476470185165476e-02 
 4.5300000000000002e+00 7.3133922186044656e-02 
 4.5400000000000000e+00 6.3856227034776419e-02 
 4.5499999999999998e+00 5.4656108172826484e-02 
 4.5600000000000005e+00 4.5546289041659832e-02 
 4.5700000000000003e+00 3.6539493082743846e-02 
 4.5800000000000001e+00 2.7648443737543466e-02 
 4.5899999999999999e+00 1.8885864447524464e-02 
 4.6000000000000005e+00 1.0264478654151921e-02 
 4.6100000000000003e+00 2.6943825116087210e-03 
 4.6200000000000001e+00 -3.0046177215929341e-03 
 4.6299999999999999e+00 -6.9552334474901265e-03 
 4.6399999999999997e+00 -9.2801760681199309e-03 
 4.6500000000000004e+00 -1.0102156985519441e-02 
 4.6600000000000001e+00 -9.5438876017256008e-03 
 4.6699999999999999e+00 -7.7280793187756262e-03 
 4.6799999999999997e+00 -4.7774435387065908e-03 
 4.6900000000000004e+00 -8.1469166355518929e-04 
 4.7000000000000002e+00 4.0374649046407860e-03 
 4.7100000000000000e+00 9.6563147638445770e-03 
 4.7199999999999998e+00 1.5919146512019082e-02 
 4.7300000000000004e+00 2.2703248747127869e-02 
 4.7400000000000002e+00 2.9885910067132621e-02 
 4.7500000000000000e+00 3.7344419069996859e-02 
 4.7599999999999998e+00 4.4956064353683489e-02 
 4.7700000000000005e+00 5.2598134516156123e-02 
 4.7800000000000002e+00 6.0147918155376269e-02 
 4.7900000000000000e+00 6.7482703869307589e-02 
 4.7999999999999998e+00 7.4479780255912995e-02 
 4.8100000000000005e+00 8.1650677394578694e-02 
 4.8200000000000003e+00 8.9532292409209319e-02 
 4.8300000000000001e+00 9.8039964464548005e-02 
 4.8399999999999999e+00 1.0708903272533740e-01 
 4.8500000000000005e+00 1.1659483635632098e-01 
 4.8600000000000003e+00 1.2647271452223974e-01 
 4.8700000000000001e+00 1.3663800638783707e-01 
 4.8799999999999999e+00 1.4700605111785564e-01 
 4.8899999999999997e+00 1.5749218787703811e-01 
 4.9000000000000004e+00 1.6801175583012801e-01 
 4.9100000000000001e+00 1.7848009414186611e-01 
 4.9199999999999999e+00 1.8881254197699598e-01 
 4.9299999999999997e+00 1.9892443850026026e-01 
 4.9400000000000004e+00 2.0873112287640247e-01 
 4.9500000000000002e+00 2.1814793427016341e-01 
 4.9600000000000000e+00 2.2709021184628672e-01 
 4.9699999999999998e+00 2.3547329476951492e-01 
 4.9800000000000004e+00 2.4321252220459139e-01 
 4.9900000000000002e+00 2.5022323331625734e-01 
 5.0000000000000000e+00 2.5642076726925611e-01 
 5.0099999999999998e+00 2.6199617358472493e-01 
 5.0200000000000005e+00 2.6718685434458855e-01 
 5.0300000000000002e+00 2.7197767755476954e-01 
 5.0400000000000000e+00 2.7635351122119162e-01 
 5.0499999999999998e+00 2.8029922334977825e-01 
 5.0600000000000005e+00 2.8379968194645311e-01 
 5.0700000000000003e+00 2.8683975501713893e-01 
 5.0800000000000001e+00 2.8940431056775945e-01 
 5.0899999999999999e+00 2.9147821660423806e-01 
 5.1000000000000005e+00 2.9304634113249828e-01 
 5.1100000000000003e+00 2.9409355215846322e-01 
 5.1200000000000001e+00 2.9460471768805641e-01 
 5.1299999999999999e+00 2.9456470572720117e-01 
 5.1399999999999997e+00 2.9395838428182097e-01 
 5.1500000000000004e+00 2.9277062135783904e-01 
 5.1600000000000001e+00 2.9098628496117906e-01 
 5.1699999999999999e+00 2.8859024309776421e-01 
 5.1799999999999997e+00 2.8556736377351788e-01 
 5.1900000000000004e+00 2.8190251499436320e-01 
 5.2000000000000002e+00 2.7758056476622417e-01 
 5.2100000000000000e+00 2.7258706625856560e-01 
 5.2199999999999998e+00 2.6696152434569298e-01 
 5.2300000000000004e+00 2.6076973459078967e-01 
 5.2400000000000002e+00 2.5407749255704071e-01 
 5.2500000000000000e+00 2.4695059380762946e-01 
 5.2599999999999998e+00 2.3945483390573982e-01 
 5.2700000000000005e+00 2.3165600841455500e-01 
 5.2800000000000002e+00 2.2361991289726033e-01 
 5.2900000000000000e+00 2.1541234291703901e-01 
 5.2999999999999998e+00 2.0709909403707497e-01 
 5.3100000000000005e+00 1.9874596182055138e-01 
 5.3200000000000003e+00 1.9041874183065360e-01 
 5.3300000000000001e+00 1.8218322963056488e-01 
 5.3399999999999999e+00 1.7410522078346907e-01 
 5.3500000000000005e+00 1.6625051085254944e-01 
 5.3600000000000003e+00 1.5868489540099126e-01 
 5.3700000000000001e+00 1.5147416999197774e-01 
 5.3799999999999999e+00 1.4468413018869286e-01 
 5.3899999999999997e+00 1.3838057155432043e-01 
 5.4000000000000004e+00 1.3262928965204390e-01 
 5.4100000000000001e+00 1.2697974449682581e-01 
 5.4199999999999999e+00 1.2099836755764502e-01 
 5.4299999999999997e+00 1.1477641157871248e-01 
 5.4400000000000004e+00 1.0840512930423853e-01 
 5.4500000000000002e+00 1.0197577347843523e-01 
 5.4600000000000000e+00 9.5579596845512954e-02 
 5.4699999999999998e+00 8.9307852149682607e-02 
 5.4800000000000004e+00 8.3251792135154601e-02 
 5.4900000000000002e+00 7.7502669546140920e-02 
 5.5000000000000000e+00 7.2151737126851967e-02 
 5.5099999999999998e+00 6.7290247621498628e-02 
 5.5200000000000005e+00 6.3009453774291513e-02 
 5.5300000000000002e+00 5.9400608329442273e-02 
 5.5400000000000000e+00 5.6554964031161462e-02 
 5.5499999999999998e+00 5.4563773623659967e-02 
 5.5600000000000005e+00 5.3518289851148676e-02 
 5.5700000000000003e+00 5.3509765457838712e-02 
 5.5800000000000001e+00 5.4629453187940852e-02 
 5.5899999999999999e+00 5.6968605785666024e-02 
 5.6000000000000005e+00 6.0618475995225518e-02 
 5.6100000000000003e+00 6.5023538953498800e-02 
 5.6200000000000001e+00 6.9559550225166897e-02 
 5.6299999999999999e+00 7.4214683196141773e-02 
 5.6399999999999997e+00 7.8977111252335350e-02 
 5.6500000000000004e+00 8.3835007779660034e-02 
 5.6600000000000001e+00 8.8776546164026915e-02 
 5.6699999999999999e+00 9.3789899791348358e-02 
 5.6799999999999997e+00 9.8863242047536326e-02 
 5.6900000000000004e+00 1.0398474631850320e-01 
 5.7000000000000002e+00 1.0914258599016005e-01 
 5.7100000000000000e+00 1.1432493444841926e-01 
 5.7199999999999998e+00 1.1951996507919278e-01 
 5.7300000000000004e+00 1.2471585126839303e-01 
 5.7400000000000002e+00 1.2990076640193104e-01 
 5.7500000000000000e+00 1.3506288386571919e-01 
 5.7599999999999998e+00 1.4019037704566950e-01 
 5.7700000000000005e+00 1.4527141932769427e-01 
 5.7800000000000002e+00 1.5029418409770462e-01 
 5.7900000000000000e+00 1.5524684474161293e-01 
 5.7999999999999998e+00 1.6011757464533116e-01 
 5.8100000000000005e+00 1.6496106361241511e-01 
 5.8200000000000003e+00 1.6983464385441061e-01 
 5.8300000000000001e+00 1.7473045236921717e-01 
 5.8399999999999999e+00 1.7964062615473381e-01 
 5.8500000000000005e+00 1.8455730220885999e-01 
 5.8600000000000003e+00 1.8947261752949385e-01 
 5.8700000000000001e+00 1.9437870911453489e-01 
 5.8799999999999999e+00 1.9926771396188211e-01 
 5.8899999999999997e+00 2.0413176906943459e-01 
 5.9000000000000004e+00 2.0896301143509172e-01 
 5.9100000000000001e+00 2.1375357805675169e-01 
 5.9199999999999999e+00 2.1849560593231396e-01 
 5.9299999999999997e+00 2.2318123205967758e-01 
 5.9400000000000004e+00 2.2780259343674197e-01 
 5.9500000000000002e+00 2.3235182706140534e-01 
 5.9600000000000000e+00 2.3682106993156712e-01 
 5.9699999999999998e+00 2.4120245904512636e-01 
 5.9800000000000004e+00 2.4548813139998246e-01 
 5.9900000000000002e+00 2.4967022399403366e-01 
 6.0000000000000000e+00 2.5374087382517940e-01 
 6.0099999999999998e+00 2.5709730689557553e-01 
 6.0200000000000005e+00 2.5919955106700476e-01 
 6.0300000000000002e+00 2.6013394612680585e-01 
 6.0400000000000000e+00 2.5998683186231819e-01 
 6.0499999999999998e+00 2.5884454806088092e-01 
 6.0600000000000005e+00 2.5679343450983294e-01 
 6.0700000000000003e+00 2.5391983099651377e-01 
 6.0800000000000001e+00 2.5031007730826238e-01 
 6.0899999999999999e+00 2.4605051323241800e-01 
 6.1000000000000005e+00 2.4122747855631924e-01 
 6.1100000000000003e+00 2.3592731306730610e-01 
 6.1200000000000001e+00 2.3023635655271735e-01 
 6.1299999999999999e+00 2.2424094879989212e-01 
 6.1400000000000006e+00 2.1802742959616897e-01 
 6.1500000000000004e+00 2.1168213872888819e-01 
 6.1600000000000001e+00 2.0529141598538830e-01 
 6.1699999999999999e+00 1.9894160115300855e-01 
 6.1799999999999997e+00 1.9271903401908796e-01 
 6.1900000000000004e+00 1.8671005437096527e-01 
 6.2000000000000002e+00 1.8100100199598057e-01 
 6.2100000000000000e+00 1.7522510873969269e-01 
 6.2199999999999998e+00 1.6899431094441139e-01 
 6.2300000000000004e+00 1.6236300514260105e-01 
 6.2400000000000002e+00 1.5538558786672782e-01 
 6.2500000000000000e+00 1.4811645564925607e-01 
 6.2599999999999998e+00 1.4061000502265081e-01 
 6.2700000000000005e+00 1.3292063251937627e-01 
 6.2800000000000002e+00 1.2510273467189881e-01 
 6.2900000000000000e+00 1.1721070801268269e-01 
 6.2999999999999998e+00 1.0929894907419288e-01 
 6.3100000000000005e+00 1.0142185438889367e-01 
 6.3200000000000003e+00 9.3633820489251410e-02 
 6.3300000000000001e+00 8.5989243907730384e-02 
 6.3399999999999999e+00 7.8542521176795513e-02 
 6.3500000000000005e+00 7.1348048828911159e-02 
 6.3600000000000003e+00 6.4460223396543559e-02 
 6.3700000000000001e+00 5.7933441412157047e-02 
 6.3799999999999999e+00 5.1822099408216554e-02 
 6.3900000000000006e+00 4.6180593917186624e-02 
 6.4000000000000004e+00 4.1063321471533132e-02 
 6.4100000000000001e+00 3.6407126562348520e-02 
 6.4199999999999999e+00 3.2119608976443691e-02 
 6.4299999999999997e+00 2.8211298189860692e-02 
 6.4400000000000004e+00 2.4692723678641251e-02 
 6.4500000000000002e+00 2.1574414918828031e-02 
 6.4600000000000000e+00 1.8866901386462735e-02 
 6.4699999999999998e+00 1.6580712557587408e-02 
 6.4800000000000004e+00 1.4726377908243923e-02 
 6.4900000000000002e+00 1.3314426914474653e-02 
 6.5000000000000000e+00 1.2355389052321454e-02 
 6.5099999999999998e+00 1.1859793797826344e-02 
 6.5200000000000005e+00 1.1838170627031394e-02 
 6.5300000000000002e+00 1.2301049015978630e-02 
 6.5400000000000000e+00 1.3258958440710077e-02 
 6.5499999999999998e+00 1.4722428377267754e-02 
 6.5600000000000005e+00 1.6701988301693910e-02 
 6.5700000000000003e+00 1.9208167690030205e-02 
 6.5800000000000001e+00 2.2251496018318846e-02 
 6.5899999999999999e+00 2.5842502762601863e-02 
 6.6000000000000005e+00 2.9991717398921702e-02 
 6.6100000000000003e+00 3.4637751505074685e-02 
 6.6200000000000001e+00 3.9684763592997274e-02 
 6.6299999999999999e+00 4.5091603539940024e-02 
 6.6400000000000006e+00 5.0817121223154002e-02 
 6.6500000000000004e+00 5.6820166519888742e-02 
 6.6600000000000001e+00 6.3059589307395289e-02 
 6.6699999999999999e+00 6.9494239462924184e-02 
 6.6799999999999997e+00 7.6082966863726009e-02 
 6.6900000000000004e+00 8.2784621387051865e-02 
 6.7000000000000002e+00 8.9558052910151148e-02 
 6.7100000000000000e+00 9.6362111310274987e-02 
 6.7199999999999998e+00 1.0315564646467394e-01 
 6.7300000000000004e+00 1.0989750825059913e-01 
 6.7400000000000002e+00 1.1654654654529993e-01 
 6.7500000000000000e+00 1.2306161122602749e-01 
 6.7599999999999998e+00 1.2940155217003235e-01 
 6.7700000000000005e+00 1.3552521925456559e-01 
 6.7800000000000002e+00 1.4139146235687672e-01 
 6.7900000000000000e+00 1.4695913135421673e-01 
 6.7999999999999998e+00 1.5218707612383631e-01 
 6.8100000000000005e+00 1.5729956089132713e-01 
 6.8200000000000003e+00 1.6252232963555618e-01 
 6.8300000000000001e+00 1.6781645186368921e-01 
 6.8399999999999999e+00 1.7314299708289155e-01 
 6.8500000000000005e+00 1.7846303480032896e-01 
 6.8600000000000003e+00 1.8373763452316577e-01 
 6.8700000000000001e+00 1.8892786575856776e-01 
 6.8799999999999999e+00 1.9399479801370029e-01 
 6.8900000000000006e+00 1.9889950079572899e-01 
 6.9000000000000004e+00 2.0360304361181836e-01 
 6.9100000000000001e+00 2.0806649596913410e-01 
 6.9199999999999999e+00 2.1225092737484152e-01 
 6.9299999999999997e+00 2.1611740733610596e-01 
 6.9400000000000004e+00 2.1962700536009300e-01 
 6.9500000000000002e+00 2.2274079095396726e-01 
 6.9600000000000000e+00 2.2541983362489443e-01 
 6.9699999999999998e+00 2.2762520288003982e-01 
 6.9800000000000004e+00 2.2931796822656880e-01 
 6.9900000000000002e+00 2.3045919917164642e-01 
 7.0000000000000000e+00 2.3100996522243811e-01 
 7.0099999999999998e+00 2.3099523137489048e-01 
 7.0200000000000005e+00 2.3048638488954420e-01 
 7.0300000000000002e+00 2.2951412867045587e-01 
 7.0400000000000000e+00 2.2810916562168201e-01 
 7.0499999999999998e+00 2.2630219864727916e-01 
 7.0600000000000005e+00 2.2412393065130359e-01 
 7.0700000000000003e+00 2.2160506453781231e-01 
 7.0800000000000001e+00 2.1877630321086161e-01 
 7.0899999999999999e+00 2.1566834957450801e-01 
 7.1000000000000005e+00 2.1231190653280779e-01 
 7.1100000000000003e+00 2.0873767698981802e-01 
 7.1200000000000001e+00 2.0497636384959497e-01 
 7.1299999999999999e+00 2.0105867001619518e-01 
 7.1400000000000006e+00 1.9701529839367482e-01 
 7.1500000000000004e+00 1.9287695188609111e-01 
 7.1600000000000001e+00 1.8867433339750023e-01 
 7.1699999999999999e+00 1.8443814583195872e-01 
 7.1799999999999997e+00 1.8019909209352314e-01 
 7.1900000000000004e+00 1.7598787508624961e-01 
 7.2000000000000002e+00 1.7183519771419542e-01 
 7.2100000000000000e+00 1.6758166053081758e-01 
 7.2199999999999998e+00 1.6306933939890361e-01 
 7.2300000000000004e+00 1.5833115018650501e-01 
 7.2400000000000002e+00 1.5340000876167448e-01 
 7.2500000000000000e+00 1.4830883099246342e-01 
 7.2599999999999998e+00 1.4309053274692374e-01 
 7.2700000000000005e+00 1.3777802989310681e-01 
 7.2800000000000002e+00 1.3240423829906545e-01 
 7.2900000000000000e+00 1.2700207383285100e-01 
 7.2999999999999998e+00 1.2160445236251541e-01 
 7.3100000000000005e+00 1.1624428975611004e-01 
 7.3200000000000003e+00 1.1095450188168766e-01 
 7.3300000000000001e+00 1.0576800460729971e-01 
 7.3399999999999999e+00 1.0071771380099805e-01 
 7.3500000000000005e+00 9.5836545330834064e-02 
 7.3600000000000003e+00 9.1157415064860553e-02 
 7.3700000000000001e+00 8.6713238871128889e-02 
 7.3799999999999999e+00 8.2536932617690947e-02 
 7.3900000000000006e+00 7.8661412172598269e-02 
 7.4000000000000004e+00 7.5119593403903395e-02 
 7.4100000000000001e+00 7.1884607512220491e-02 
 7.4199999999999999e+00 6.8910451541208437e-02 
 7.4299999999999997e+00 6.6201340123485733e-02 
 7.4400000000000004e+00 6.3761487891670646e-02 
 7.4500000000000002e+00 6.1595109478382079e-02 
 7.4600000000000000e+00 5.9706419516238285e-02 
 7.4699999999999998e+00 5.8099632637857737e-02 
 7.4800000000000004e+00 5.6778963475858812e-02 
 7.4900000000000002e+00 5.5748626662860221e-02 
 7.5000000000000000e+00 5.5012836831480311e-02 
 7.5099999999999998e+00 5.4575808614337570e-02 
 7.5200000000000005e+00 5.4441756644050453e-02 
 7.5300000000000002e+00 5.4614895553237480e-02 
 7.5400000000000000e+00 5.5099439974517092e-02 
 7.5499999999999998e+00 5.5899604540507776e-02 
 7.5600000000000005e+00 5.7019603883828117e-02 
 7.5700000000000003e+00 5.8463652637096394e-02 
 7.5800000000000001e+00 6.0235965432931166e-02 
 7.5899999999999999e+00 6.2340756903950911e-02 
 7.6000000000000005e+00 6.4782241682774355e-02 
 7.6100000000000003e+00 6.7463593749627876e-02 
 7.6200000000000001e+00 7.0275710694503501e-02 
 7.6299999999999999e+00 7.3204392564667167e-02 
 7.6400000000000006e+00 7.6235439407385128e-02 
 7.6500000000000004e+00 7.9354651269922777e-02 
 7.6600000000000001e+00 8.2547828199546341e-02 
 7.6699999999999999e+00 8.5800770243521784e-02 
 7.6799999999999997e+00 8.9099277449115055e-02 
 7.6900000000000004e+00 9.2429149863592380e-02 
 7.7000000000000002e+00 9.5776187534219154e-02 
 7.7100000000000000e+00 9.9126190508261602e-02 
 7.7199999999999998e+00 1.0246495883298570e-01 
 7.7300000000000004e+00 1.0577829255565768e-01 
 7.7400000000000002e+00 1.0905199172354291e-01 
 7.7500000000000000e+00 1.1227185638390763e-01 
 7.7599999999999998e+00 1.1542368658401782e-01 
 7.7700000000000005e+00 1.1849328237113968e-01 
 7.7800000000000002e+00 1.2146644379253863e-01 
 7.7900000000000000e+00 1.2432897089548087e-01 
 7.7999999999999998e+00 1.2706666372723241e-01 
 7.8100000000000005e+00 1.2975743535410175e-01 
 7.8200000000000003e+00 1.3248176687093030e-01 
 7.8300000000000001e+00 1.3522931036778446e-01 
 7.8399999999999999e+00 1.3798971793473047e-01 
 7.8500000000000005e+00 1.4075264166183468e-01 
 7.8600000000000003e+00 1.4350773363916283e-01 
 7.8700000000000001e+00 1.4624464595678136e-01 
 7.8799999999999999e+00 1.4895303070475641e-01 
 7.8900000000000006e+00 1.5162253997315445e-01 
 7.9000000000000004e+00 1.5424282585204113e-01 
 7.9100000000000001e+00 1.5680354043148295e-01 
 7.9199999999999999e+00 1.5929433580154606e-01 
 7.9300000000000006e+00 1.6170486405229684e-01 
 7.9400000000000004e+00 1.6402477727380105e-01 
 7.9500000000000002e+00 1.6624372755612510e-01 
 7.9600000000000000e+00 1.6835136698933520e-01 
 7.9699999999999998e+00 1.7033734766349751e-01 
 7.9800000000000004e+00 1.7219132166867837e-01 
 7.9900000000000002e+00 1.7390294109494364e-01 
 8.0000000000000000e+00 1.7546185803235970e-01 
 8.0099999999999998e+00 1.7686370370224172e-01 
 8.0199999999999996e+00 1.7811557256370480e-01 
 8.0299999999999994e+00 1.7922431156351504e-01 
 8.0400000000000009e+00 1.8019676764843862e-01 
 8.0500000000000007e+00 1.8103978776524129e-01 
 8.0600000000000005e+00 1.8176021886068927e-01 
 8.0700000000000003e+00 1.8236490788154866e-01 
 8.0800000000000001e+00 1.8286070177458549e-01 
 8.0899999999999999e+00 1.8325444748656580e-01 
 8.0999999999999996e+00 1.8355299196425570e-01 
 8.1099999999999994e+00 1.8376318215442122e-01 
 8.1200000000000010e+00 1.8389186500382843e-01 
 8.1300000000000008e+00 1.8394588745924337e-01 
 8.1400000000000006e+00 1.8393209646743211e-01 
 8.1500000000000004e+00 1.8385733897516071e-01 
 8.1600000000000001e+00 1.8372846192919526e-01 
 8.1699999999999999e+00 1.8355231227630178e-01 
 8.1799999999999997e+00 1.8333573696324634e-01 
 8.1899999999999995e+00 1.8308558293679503e-01 
 8.1999999999999993e+00 1.8280869714371389e-01 
 8.2100000000000009e+00 1.8251528497824029e-01 
 8.2200000000000006e+00 1.8221039102195882e-01 
 8.2300000000000004e+00 1.8189312100265614e-01 
 8.2400000000000002e+00 1.8156258064811889e-01 
 8.2500000000000000e+00 1.8121787568613376e-01 
 8.2599999999999998e+00 1.8085811184448744e-01 
 8.2699999999999996e+00 1.8048239485096657e-01 
 8.2799999999999994e+00 1.8008983043335783e-01 
 8.2900000000000009e+00 1.7967952431944784e-01 
 8.3000000000000007e+00 1.7925058223702339e-01 
 8.3100000000000005e+00 1.7880210991387110e-01 
 8.3200000000000003e+00 1.7833321307777766e-01 
 8.3300000000000001e+00 1.7784299745652973e-01 
 8.3399999999999999e+00 1.7733056877791398e-01 
 8.3499999999999996e+00 1.7679503276971709e-01 
 8.3599999999999994e+00 1.7623549515972570e-01 
 8.3700000000000010e+00 1.7565106167572642e-01 
 8.3800000000000008e+00 1.7504083804550613e-01 
 8.3900000000000006e+00 1.7440392999685139e-01 
 8.4000000000000004e+00 1.7373944325754886e-01 
 8.4100000000000001e+00 1.7305423184793631e-01 
 8.4199999999999999e+00 1.7235405686888200e-01 
 8.4299999999999997e+00 1.7163638466896844e-01 
 8.4399999999999995e+00 1.7089868159677807e-01 
 8.4499999999999993e+00 1.7013841400089344e-01 
 8.4600000000000009e+00 1.6935304822989689e-01 
 8.4700000000000006e+00 1.6854005063237112e-01 
 8.4800000000000004e+00 1.6769688755689857e-01 
 8.4900000000000002e+00 1.6682102535206167e-01 
 8.5000000000000000e+00 1.6590993036644291e-01 
 8.5099999999999998e+00 1.6496106894862483e-01 
 8.5199999999999996e+00 1.6397190744718987e-01 
 8.5299999999999994e+00 1.6293991221072052e-01 
 8.5400000000000009e+00 1.6186254958779908e-01 
 8.5500000000000007e+00 1.6073728592700845e-01 
 8.5600000000000005e+00 1.5956158757693090e-01 
 8.5700000000000003e+00 1.5833292088614892e-01 
 8.5800000000000001e+00 1.5704875220324499e-01 
 8.5899999999999999e+00 1.5570654787680163e-01 
 8.5999999999999996e+00 1.5430377425540132e-01 
 8.6099999999999994e+00 1.5280302004174939e-01 
 8.6200000000000010e+00 1.5117624770762011e-01 
 8.6300000000000008e+00 1.4943498425520046e-01 
 8.6400000000000006e+00 1.4759075668667651e-01 
 8.6500000000000004e+00 1.4565509200423454e-01 
 8.6600000000000001e+00 1.4363951721006096e-01 
 8.6699999999999999e+00 1.4155555930634209e-01 
 8.6799999999999997e+00 1.3941474529526429e-01 
 8.6899999999999995e+00 1.3722860217901389e-01 
 8.7000000000000011e+00 1.3500865695977687e-01 
 8.7100000000000009e+00 1.3276643663974033e-01 
 8.7200000000000006e+00 1.3051346822109028e-01 
 8.7300000000000004e+00 1.2826127870601300e-01 
 8.7400000000000002e+00 1.2602139509669491e-01 
 8.7500000000000000e+00 1.2380534439532230e-01 
 8.7599999999999998e+00 1.2162465360408155e-01 
 8.7699999999999996e+00 1.1949084972515900e-01 
 8.7799999999999994e+00 1.1741545976074097e-01 
 8.7900000000000009e+00 1.1541001071301352e-01 
 8.8000000000000007e+00 1.1348602958416365e-01 
 8.8100000000000005e+00 1.1161580781016836e-01 
 8.8200000000000003e+00 1.0976748542382526e-01 
 8.8300000000000001e+00 1.0794636232255107e-01 
 8.8399999999999999e+00 1.0615773840376254e-01 
 8.8499999999999996e+00 1.0440691356487641e-01 
 8.8599999999999994e+00 1.0269918770330942e-01 
 8.8700000000000010e+00 1.0103986071647802e-01 
 8.8800000000000008e+00 9.9434232501799530e-02 
 8.8900000000000006e+00 9.7887602956690412e-02 
 8.9000000000000004e+00 9.6405271978567394e-02 
 8.9100000000000001e+00 9.4992539464847203e-02 
 8.9199999999999999e+00 9.3654705312946618e-02 
 8.9299999999999997e+00 9.2397069420282335e-02 
 8.9399999999999995e+00 9.1224931684271121e-02 
 8.9500000000000011e+00 9.0143592002329520e-02 
 8.9600000000000009e+00 8.9158350271874687e-02 
 8.9700000000000006e+00 8.8274506390323110e-02 
 8.9800000000000004e+00 8.7497360255091569e-02 
 8.9900000000000002e+00 8.6832211763596789e-02 
 9.0000000000000000e+00 8.6284360813255523e-02 
 9.0099999999999998e+00 8.6000293783548551e-02 
 9.0199999999999996e+00 8.6107155155630721e-02 
 9.0299999999999994e+00 8.6581231979429851e-02 
 9.0400000000000009e+00 8.7398811304873925e-02 
 9.0500000000000007e+00 8.8536180181890453e-02 
 9.0600000000000005e+00 8.9969625660407379e-02 
 9.0700000000000003e+00 9.1675434790352506e-02 
 9.0800000000000001e+00 9.3629894621653650e-02 
 9.0899999999999999e+00 9.5809292204238630e-02 
 9.0999999999999996e+00 9.8189914588035249e-02 
 9.1099999999999994e+00 1.0074804882297134e-01 
 9.1200000000000010e+00 1.0345998195897517e-01 
 9.1300000000000008e+00 1.0630200104597362e-01 
 9.1400000000000006e+00 1.0925039313389497e-01 
 9.1500000000000004e+00 1.1228144527266701e-01 
 9.1600000000000001e+00 1.1537144451221758e-01 
 9.1699999999999999e+00 1.1849667790247448e-01 
 9.1799999999999997e+00 1.2163343249336551e-01 
 9.1899999999999995e+00 1.2475799533481852e-01 
 9.2000000000000011e+00 1.2784665347676183e-01 
 9.2100000000000009e+00 1.3105227284219029e-01 
 9.2200000000000006e+00 1.3452416474019183e-01 
 9.2300000000000004e+00 1.3823328429983134e-01 
 9.2400000000000002e+00 1.4215058665017383e-01 
 9.2500000000000000e+00 1.4624702692028421e-01 
 9.2599999999999998e+00 1.5049356023922741e-01 
 9.2699999999999996e+00 1.5486114173606844e-01 
 9.2799999999999994e+00 1.5932072653987220e-01 
 9.2900000000000009e+00 1.6384326977970443e-01 
 9.3000000000000007e+00 1.6839972658462848e-01 
 9.3100000000000005e+00 1.7296105208371015e-01 
 9.3200000000000003e+00 1.7749820140601430e-01 
 9.3300000000000001e+00 1.8198212968060593e-01 
 9.3399999999999999e+00 1.8638379203654995e-01 
 9.3499999999999996e+00 1.9067414360291135e-01 
 9.3599999999999994e+00 1.9482413950875505e-01 
 9.3700000000000010e+00 1.9880473488314665e-01 
 9.3800000000000008e+00 2.0258688485514975e-01 
 9.3900000000000006e+00 2.0614154455382999e-01 
 9.4000000000000004e+00 2.0943966910825229e-01 
 9.4100000000000001e+00 2.1260514716694168e-01 
 9.4199999999999999e+00 2.1575241928626854e-01 
 9.4299999999999997e+00 2.1883826845706589e-01 
 9.4399999999999995e+00 2.2181947767016677e-01 
 9.4500000000000011e+00 2.2465282991640467e-01 
 9.4600000000000009e+00 2.2729510818661161e-01 
 9.4700000000000006e+00 2.2970309547162115e-01 
 9.4800000000000004e+00 2.3183357476226635e-01 
 9.4900000000000002e+00 2.3364332904938018e-01 
 9.5000000000000000e+00 2.3508914132379566e-01 
 9.5099999999999998e+00 2.3612779457634589e-01 
 9.5199999999999996e+00 2.3671607179786383e-01 
 9.5299999999999994e+00 2.3681075597918252e-01 
 9.5400000000000009e+00 2.3636863011113490e-01 
 9.5500000000000007e+00 2.3534647718455409e-01 
 9.5600000000000005e+00 2.3370108019027314e-01 
 9.5700000000000003e+00 2.3138922211912505e-01 
 9.5800000000000001e+00 2.2836768596194285e-01 
 9.5899999999999999e+00 2.2459325470955957e-01 
 9.5999999999999996e+00 2.2002271135280824e-01 
 9.6099999999999994e+00 2.1501575536402295e-01 
 9.6200000000000010e+00 2.0996367545921601e-01 
 9.6300000000000008e+00 2.0487063849474071e-01 
 9.6400000000000006e+00 1.9974081132694757e-01 
 9.6500000000000004e+00 1.9457836081218807e-01 
 9.6600000000000001e+00 1.8938745380681363e-01 
 9.6699999999999999e+00 1.8417225716717567e-01 
 9.6799999999999997e+00 1.7893693774962569e-01 
 9.6899999999999995e+00 1.7368566241051508e-01 
 9.7000000000000011e+00 1.6842259800619439e-01 
 9.7100000000000009e+00 1.6315191139301691e-01 
 9.7200000000000006e+00 1.5787776942733314e-01 
 9.7300000000000004e+00 1.5260433896549455e-01 
 9.7400000000000002e+00 1.4733578686385257e-01 
 9.7500000000000000e+00 1.4207627997875863e-01 
 9.7599999999999998e+00 1.3682998516656419e-01 
 9.7699999999999996e+00 1.3160106928362070e-01 
 9.7799999999999994e+00 1.2639369918627963e-01 
 9.7900000000000009e+00 1.2121204173089141e-01 
 9.8000000000000007e+00 1.1606026377380940e-01 
 9.8100000000000005e+00 1.1092327410558039e-01 
 9.8200000000000003e+00 1.0578432673664491e-01 
 9.8300000000000001e+00 1.0064510635319354e-01 
 9.8399999999999999e+00 9.5507297641416897e-02 
 9.8499999999999996e+00 9.0372585287505608e-02 
 9.8599999999999994e+00 8.5242653977650268e-02 
 9.8700000000000010e+00 8.0119188398040567e-02 
 9.8800000000000008e+00 7.5003873234868956e-02 
 9.8900000000000006e+00 6.9898393174325113e-02 
 9.9000000000000004e+00 6.4804432902599685e-02 
 9.9100000000000001e+00 5.9723677105883229e-02 
 9.9199999999999999e+00 5.4657810470366372e-02 
 9.9299999999999997e+00 4.9608517682239756e-02 
 9.9399999999999995e+00 4.4577483427693951e-02 
 9.9500000000000011e+00 3.9566392392918703e-02 
 9.9600000000000009e+00 3.4576929264106382e-02 
 9.9700000000000006e+00 2.9610778727446718e-02 
 9.9800000000000004e+00 2.4669625469130305e-02 
 9.9900000000000002e+00 1.9755154175347761e-02 
 1.0000000000000000e+01 1.4869049532289735e-02 
 1.0010000000000000e+01 1.0504262181029851e-02 
 1.0020000000000000e+01 7.1169911511755118e-03 
 1.0029999999999999e+01 4.6537937117178563e-03 
 1.0039999999999999e+01 3.0612271316480307e-03 
 1.0049999999999999e+01 2.2858486799571739e-03 
 1.0060000000000000e+01 2.2742156256364953e-03 
 1.0070000000000000e+01 2.9728852376771295e-03 
 1.0080000000000000e+01 4.3284147850701556e-03 
 1.0090000000000000e+01 6.2873615368067137e-03 
 1.0100000000000000e+01 8.7962827618779434e-03 
 1.0109999999999999e+01 1.1801735729274990e-02 
 1.0119999999999999e+01 1.5250277707989006e-02 
 1.0129999999999999e+01 1.9088465967011112e-02 
 1.0140000000000001e+01 2.3262857775333240e-02 
 1.0150000000000000e+01 2.7720010401945026e-02 
 1.0160000000000000e+01 3.2406481115838354e-02 
 1.0170000000000000e+01 3.7268827186004327e-02 
 1.0180000000000000e+01 4.2253605881434106e-02 
 1.0190000000000000e+01 4.7307374471118845e-02 
 1.0199999999999999e+01 5.2376690224049671e-02 
 1.0209999999999999e+01 5.7681611424175369e-02 
 1.0220000000000001e+01 6.3444881971771949e-02 
 1.0230000000000000e+01 6.9617087560317398e-02 
 1.0240000000000000e+01 7.6148813883292754e-02 
 1.0250000000000000e+01 8.2990646634178072e-02 
 1.0260000000000000e+01 9.0093171506453421e-02 
 1.0270000000000000e+01 9.7406974193598853e-02 
 1.0279999999999999e+01 1.0488264038909442e-01 
 1.0289999999999999e+01 1.1247075578642017e-01 
 1.0299999999999999e+01 1.2012190607905619e-01 
 1.0310000000000000e+01 1.2778667696048385e-01 
 1.0320000000000000e+01 1.3541565412418055e-01 
 1.0330000000000000e+01 1.4295942326362762e-01 
 1.0340000000000000e+01 1.5036857007230517e-01 
 1.0350000000000000e+01 1.5759368024369325e-01 
 1.0359999999999999e+01 1.6458533947127191e-01 
 1.0369999999999999e+01 1.7129413344852118e-01 
 1.0379999999999999e+01 1.7767064786892117e-01 
 1.0390000000000001e+01 1.8366546842595294e-01 
 1.0400000000000000e+01 1.8922918081309437e-01 
 1.0410000000000000e+01 1.9459661546964341e-01 
 1.0420000000000000e+01 2.0000303633205757e-01 
 1.0430000000000000e+01 2.0539967933955811e-01 
 1.0440000000000000e+01 2.1073778043136621e-01 
 1.0449999999999999e+01 2.1596857554670318e-01 
 1.0459999999999999e+01 2.2104330062479019e-01 
 1.0470000000000001e+01 2.2591319160484935e-01 
 1.0480000000000000e+01 2.3052948442610013e-01 
 1.0490000000000000e+01 2.3484341502776465e-01 
 1.0500000000000000e+01 2.3880621934906415e-01 
 1.0510000000000000e+01 2.4236913332921989e-01 
 1.0520000000000000e+01 2.4548339290745305e-01 
 1.0529999999999999e+01 2.4810023402298489e-01 
 1.0539999999999999e+01 2.5017089261503667e-01 
 1.0549999999999999e+01 2.5164660462282956e-01 
 1.0560000000000000e+01 2.5247860598558491e-01 
 1.0570000000000000e+01 2.5261813264252364e-01 
 1.0580000000000000e+01 2.5201642053286721e-01 
 1.0590000000000000e+01 2.5062470559583688e-01 
 1.0600000000000000e+01 2.4839422377065382e-01 
 1.0609999999999999e+01 2.4555430703214967e-01 
 1.0619999999999999e+01 2.4238045553159143e-01 
 1.0629999999999999e+01 2.3889315747285297e-01 
 1.0640000000000001e+01 2.3511290105980759e-01 
 1.0650000000000000e+01 2.3106017449633051e-01 
 1.0660000000000000e+01 2.2675546598629506e-01 
 1.0670000000000000e+01 2.2221926373357515e-01 
 1.0680000000000000e+01 2.1747205594204469e-01 
 1.0690000000000000e+01 2.1253433081557765e-01 
 1.0699999999999999e+01 2.0742657655804794e-01 
 1.0709999999999999e+01 2.0216928137332951e-01 
 1.0720000000000001e+01 1.9678293346529530e-01 
 1.0730000000000000e+01 1.9128802103782117e-01 
 1.0740000000000000e+01 1.8570503229478014e-01 
 1.0750000000000000e+01 1.8005445544004606e-01 
 1.0760000000000000e+01 1.7435677867749289e-01 
 1.0770000000000000e+01 1.6863249021099463e-01 
 1.0779999999999999e+01 1.6290207824442515e-01 
 1.0789999999999999e+01 1.5718603098165834e-01 
 1.0799999999999999e+01 1.5150483662656825e-01 
 1.0810000000000000e+01 1.4571762029383226e-01 
 1.0820000000000000e+01 1.3968999132288634e-01 
 1.0830000000000000e+01 1.3345216425473655e-01 
 1.0840000000000000e+01 1.2703435363038995e-01 
 1.0850000000000000e+01 1.2046677399085359e-01 
 1.0859999999999999e+01 1.1377963987713458e-01 
 1.0869999999999999e+01 1.0700316583023992e-01 
 1.0879999999999999e+01 1.0016756639117672e-01 
 1.0890000000000001e+01 9.3303056100950812e-02 
 1.0900000000000000e+01 8.6439849500571694e-02 
 1.0910000000000000e+01 7.9608161131045227e-02 
 1.0920000000000000e+01 7.2838205533378469e-02 
 1.0930000000000000e+01 6.6160197248578495e-02 
 1.0940000000000000e+01 5.9604350817652349e-02 
 1.0949999999999999e+01 5.3200880781607118e-02 
 1.0959999999999999e+01 4.6980001681449848e-02 
 1.0970000000000001e+01 4.0971928058186571e-02 
 1.0980000000000000e+01 3.5206874452826484e-02 
 1.0990000000000000e+01 2.9715055406375576e-02 
 1.1000000000000000e+01 2.4526685459840825e-02 
 1.1010000000000000e+01 1.9797650834206666e-02 
 1.1020000000000000e+01 1.5657087926314699e-02 
 1.1029999999999999e+01 1.2095086540958025e-02 
 1.1039999999999999e+01 9.1017364829297526e-03 
 1.1049999999999999e+01 6.6671275570229817e-03 
 1.1060000000000000e+01 4.7813495680305330e-03 
 1.1070000000000000e+01 3.4344923207461804e-03 
 1.1080000000000000e+01 2.6166456199626410e-03 
 1.1090000000000000e+01 2.3178992704730207e-03 
 1.1100000000000000e+01 2.5283430770704288e-03 
 1.1109999999999999e+01 3.2380668445479571e-03 
 1.1119999999999999e+01 4.4371603776987290e-03 
 1.1129999999999999e+01 6.1157134813158258e-03 
 1.1140000000000001e+01 8.2638159601927975e-03 
 1.1150000000000000e+01 1.0871557619121978e-02 
 1.1160000000000000e+01 1.3929028262896791e-02 
 1.1170000000000000e+01 1.7426317696310371e-02 
 1.1180000000000000e+01 2.1353515724155798e-02 
 1.1190000000000000e+01 2.5700712151226192e-02 
 1.1199999999999999e+01 3.0457996782314645e-02 
 1.1209999999999999e+01 3.5597050187162083e-02 
 1.1220000000000001e+01 4.1072930172148921e-02 
 1.1230000000000000e+01 4.6850792397024131e-02 
 1.1240000000000000e+01 5.2895792521539572e-02 
 1.1250000000000000e+01 5.9173086205446146e-02 
 1.1260000000000000e+01 6.5647829108494773e-02 
 1.1270000000000000e+01 7.2285176890436370e-02 
 1.1279999999999999e+01 7.9050285211021837e-02 
 1.1289999999999999e+01 8.5908309730002103e-02 
 1.1299999999999999e+01 9.2824406107128068e-02 
 1.1310000000000000e+01 9.9763730002151885e-02 
 1.1320000000000000e+01 1.0669143707482200e-01 
 1.1330000000000000e+01 1.1357268298489055e-01 
 1.1340000000000000e+01 1.2037262339210844e-01 
 1.1350000000000000e+01 1.2705641395622660e-01 
 1.1359999999999999e+01 1.3358921033699594e-01 
 1.1369999999999999e+01 1.3993616819416738e-01 
 1.1379999999999999e+01 1.4606244318749179e-01 
 1.1390000000000001e+01 1.5193319097672117e-01 
 1.1400000000000000e+01 1.5751356722160426e-01 
 1.1410000000000000e+01 1.6296249008215016e-01 
 1.1420000000000000e+01 1.6844564119813568e-01 
 1.1430000000000000e+01 1.7393832144896487e-01 
 1.1440000000000000e+01 1.7941583171404185e-01 
 1.1449999999999999e+01 1.8485347287277074e-01 
 1.1459999999999999e+01 1.9022654580455564e-01 
 1.1470000000000001e+01 1.9551035138880160e-01 
 1.1480000000000000e+01 2.0068019050491084e-01 
 1.1490000000000000e+01 2.0571136403228840e-01 
 1.1500000000000000e+01 2.1057917285033839e-01 
 1.1510000000000000e+01 2.1525891783846496e-01 
 1.1520000000000000e+01 2.1972589987607216e-01 
 1.1529999999999999e+01 2.2395541984256412e-01 
 1.1539999999999999e+01 2.2792277861734497e-01 
 1.1550000000000001e+01 2.3160327707981943e-01 
 1.1560000000000000e+01 2.3497221610939029e-01 
 1.1570000000000000e+01 2.3800489658546231e-01 
 1.1580000000000000e+01 2.4067661938743964e-01 
 1.1590000000000000e+01 2.4296268539472637e-01 
 1.1600000000000000e+01 2.4483839548672665e-01 
 1.1609999999999999e+01 2.4618595939718033e-01 
 1.1619999999999999e+01 2.4692623523391671e-01 
 1.1629999999999999e+01 2.4709249643747397e-01 
 1.1640000000000001e+01 2.4671801644839017e-01 
 1.1650000000000000e+01 2.4583606870720365e-01 
 1.1660000000000000e+01 2.4447992665445256e-01 
 1.1670000000000000e+01 2.4268286373067507e-01 
 1.1680000000000000e+01 2.4047815337640940e-01 
 1.1690000000000000e+01 2.3789906903219374e-01 
 1.1699999999999999e+01 2.3497888413856621e-01 
 1.1709999999999999e+01 2.3175087213606507e-01 
 1.1720000000000001e+01 2.2824830646522781e-01 
 1.1730000000000000e+01 2.2450446056659390e-01 
 1.1740000000000000e+01 2.2055260788070091e-01 
 1.1750000000000000e+01 2.1642602184808701e-01 
 1.1760000000000000e+01 2.1215797590929042e-01 
 1.1770000000000000e+01 2.0778174350484926e-01 
 1.1779999999999999e+01 2.0333059807530179e-01 
 1.1789999999999999e+01 1.9883781306118617e-01 
 1.1800000000000001e+01 1.9433666190303978e-01 
 1.1810000000000000e+01 1.8966736961453978e-01 
 1.1820000000000000e+01 1.8467317622669616e-01 
 1.1830000000000000e+01 1.7939187770604970e-01 
 1.1840000000000000e+01 1.7386127001914137e-01 
 1.1850000000000000e+01 1.6811914913251197e-01 
 1.1859999999999999e+01 1.6220331101270247e-01 
 1.1869999999999999e+01 1.5615155162625366e-01 
 1.1879999999999999e+01 1.5000166693970646e-01 
 1.1890000000000001e+01 1.4379145291960063e-01 
 1.1900000000000000e+01 1.3755870553247926e-01 
 1.1910000000000000e+01 1.3134122074488216e-01 
 1.1920000000000000e+01 1.2517679452335018e-01 
 1.1930000000000000e+01 1.1910322283442418e-01 
 1.1940000000000000e+01 1.1315830164464508e-01 
 1.1949999999999999e+01 1.0737982692055373e-01 
 1.1959999999999999e+01 1.0180559462869103e-01 
 1.1970000000000001e+01 9.6473400735596918e-02 
 1.1980000000000000e+01 9.1421041207814163e-02 
 1.1990000000000000e+01 8.6686312011882705e-02 
 1.2000000000000000e+01 8.2307009114343410e-02 
 1.2010000000000000e+01 7.8134291522368615e-02 
 1.2020000000000000e+01 7.4016615378568615e-02 
 1.2030000000000001e+01 6.9987722352640488e-02 
 1.2039999999999999e+01 6.6081354114284133e-02 
 1.2050000000000001e+01 6.2331252333194573e-02 
 1.2059999999999999e+01 5.8771158679072233e-02 
 1.2070000000000000e+01 5.5434814821612402e-02 
 1.2080000000000000e+01 5.2355962430514671e-02 
 1.2090000000000000e+01 4.9568343175476239e-02 
 1.2100000000000000e+01 4.7105698726194883e-02 
 1.2109999999999999e+01 4.5001770752368379e-02 
 1.2120000000000001e+01 4.3290300923694243e-02 
 1.2129999999999999e+01 4.2005030909871073e-02 
 1.2140000000000001e+01 4.1179702380595734e-02 
 1.2149999999999999e+01 4.0848057005566589e-02 
 1.2160000000000000e+01 4.1043836454481210e-02 
 1.2170000000000000e+01 4.1800782397037398e-02 
 1.2180000000000000e+01 4.3152636502932946e-02 
 1.2190000000000000e+01 4.5133140441865623e-02 
 1.2199999999999999e+01 4.7776035883533220e-02 
 1.2210000000000001e+01 5.0810494401884523e-02 
 1.2219999999999999e+01 5.3939707776688085e-02 
 1.2230000000000000e+01 5.7158447986377113e-02 
 1.2240000000000000e+01 6.0461487009380900e-02 
 1.2250000000000000e+01 6.3843596824131002e-02 
 1.2260000000000000e+01 6.7299549409058412e-02 
 1.2270000000000000e+01 7.0824116742594104e-02 
 1.2280000000000001e+01 7.4412070803169722e-02 
 1.2289999999999999e+01 7.8058183569214332e-02 
 1.2300000000000001e+01 8.1757227019161494e-02 
 1.2309999999999999e+01 8.5503973131439592e-02 
 1.2320000000000000e+01 8.9293193884482258e-02 
 1.2330000000000000e+01 9.3119661256718472e-02 
 1.2340000000000000e+01 9.6978147226579908e-02 
 1.2350000000000000e+01 1.0086342377249755e-01 
 1.2359999999999999e+01 1.0477026287290238e-01 
 1.2370000000000001e+01 1.0869343650622609e-01 
 1.2379999999999999e+01 1.1262771665089757e-01 
 1.2390000000000001e+01 1.1656787528535061e-01 
 1.2399999999999999e+01 1.2050868438801339e-01 
 1.2410000000000000e+01 1.2449624146970870e-01 
 1.2420000000000000e+01 1.2857244033341542e-01 
 1.2430000000000000e+01 1.3272574739580678e-01 
 1.2440000000000000e+01 1.3694462907355534e-01 
 1.2449999999999999e+01 1.4121755178333362e-01 
 1.2460000000000001e+01 1.4553298194181497e-01 
 1.2469999999999999e+01 1.4987938596566958e-01 
 1.2480000000000000e+01 1.5424523027157311e-01 
 1.2490000000000000e+01 1.5861898127619575e-01 
 1.2500000000000000e+01 1.6298910539621084e-01 
 1.2510000000000000e+01 1.6734406904829091e-01 
 1.2520000000000000e+01 1.7167233864910852e-01 
 1.2530000000000001e+01 1.7596238061533692e-01 
 1.2539999999999999e+01 1.8020266136364643e-01 
 1.2550000000000001e+01 1.8438164731071255e-01 
 1.2559999999999999e+01 1.8848780487320493e-01 
 1.2570000000000000e+01 1.9250960046779897e-01 
 1.2580000000000000e+01 1.9643550051116504e-01 
 1.2590000000000000e+01 2.0025397141997642e-01 
 1.2600000000000000e+01 2.0395347961090565e-01 
 1.2609999999999999e+01 2.0738892766993761e-01 
 1.2620000000000001e+01 2.1042739135652128e-01 
 1.2629999999999999e+01 2.1307559684752303e-01 
 1.2640000000000001e+01 2.1534027031981268e-01 
 1.2649999999999999e+01 2.1722813795025658e-01 
 1.2660000000000000e+01 2.1874592591572400e-01 
 1.2670000000000000e+01 2.1990036039308197e-01 
 1.2680000000000000e+01 2.2069816755919872e-01 
 1.2690000000000000e+01 2.2114607359094218e-01 
 1.2699999999999999e+01 2.2125080466518027e-01 
 1.2710000000000001e+01 2.2101908695878089e-01 
 1.2719999999999999e+01 2.2045764664861217e-01 
 1.2730000000000000e+01 2.1957320991154164e-01 
 1.2740000000000000e+01 2.1837250292443766e-01 
 1.2750000000000000e+01 2.1686225186416797e-01 
 1.2760000000000000e+01 2.1504918290760056e-01 
 1.2770000000000000e+01 2.1294002223160333e-01 
 1.2780000000000001e+01 2.1054149601304378e-01 
 1.2789999999999999e+01 2.0786033042879121e-01 
 1.2800000000000001e+01 2.0490325165571166e-01 
 1.2809999999999999e+01 2.0175277446891998e-01 
 1.2820000000000000e+01 1.9849438509568795e-01 
 1.2830000000000000e+01 1.9513926689112709e-01 
 1.2840000000000000e+01 1.9169860321034649e-01 
 1.2850000000000000e+01 1.8818357740845593e-01 
 1.2859999999999999e+01 1.8460537284056511e-01 
 1.2870000000000001e+01 1.8097517286178313e-01 
 1.2879999999999999e+01 1.7730416082722167e-01 
 1.2890000000000001e+01 1.7360352009198787e-01 
 1.2899999999999999e+01 1.6988443401119407e-01 
 1.2910000000000000e+01 1.6615808593994738e-01 
 1.2920000000000000e+01 1.6243565923335951e-01 
 1.2930000000000000e+01 1.5872833724653951e-01 
 1.2940000000000000e+01 1.5504730333459715e-01 
 1.2949999999999999e+01 1.5140374085264216e-01 
 1.2960000000000001e+01 1.4780883315578364e-01 
 1.2969999999999999e+01 1.4427376359913319e-01 
 1.2980000000000000e+01 1.4080971553779803e-01 
 1.2990000000000000e+01 1.3742787232688985e-01 
 1.3000000000000000e+01 1.3413941732151768e-01 
 1.3010000000000000e+01 1.3089811080671923e-01 
 1.3020000000000000e+01 1.2765394527492785e-01 
 1.3030000000000001e+01 1.2441245239234625e-01 
 1.3039999999999999e+01 1.2117916382517943e-01 
 1.3050000000000001e+01 1.1795961123962835e-01 
 1.3059999999999999e+01 1.1475932630189858e-01 
 1.3070000000000000e+01 1.1158384067819110e-01 
 1.3080000000000000e+01 1.0843868603471088e-01 
 1.3090000000000000e+01 1.0532939403766062e-01 
 1.3100000000000000e+01 1.0226149635324359e-01 
 1.3109999999999999e+01 9.9240524647663059e-02 
 1.3120000000000001e+01 9.6272010587121787e-02 
 1.3129999999999999e+01 9.3361485837824582e-02 
 1.3140000000000001e+01 9.0514482065972651e-02 
 1.3149999999999999e+01 8.7736530937771284e-02 
 1.3160000000000000e+01 8.5033164119421786e-02 
 1.3170000000000000e+01 8.2409913277128877e-02 
 1.3180000000000000e+01 7.9872310077095332e-02 
 1.3190000000000000e+01 7.7425886185524442e-02 
 1.3199999999999999e+01 7.5076173268619456e-02 
 1.3210000000000001e+01 7.2947701414542945e-02 
 1.3219999999999999e+01 7.1154245270567865e-02 
 1.3230000000000000e+01 6.9685203341559490e-02 
 1.3240000000000000e+01 6.8529974132385249e-02 
 1.3250000000000000e+01 6.7677956147911431e-02 
 1.3260000000000000e+01 6.7118547893004588e-02 
 1.3270000000000000e+01 6.6841147872531301e-02 
 1.3280000000000001e+01 6.6835154591358151e-02 
 1.3289999999999999e+01 6.7089966554351621e-02 
 1.3300000000000001e+01 6.7594982266378487e-02 
 1.3309999999999999e+01 6.8339600232304926e-02 
 1.3320000000000000e+01 6.9313218956998060e-02 
 1.3330000000000000e+01 7.0505236945323971e-02 
 1.3340000000000000e+01 7.1905052702149391e-02 
 1.3350000000000000e+01 7.3502064732340874e-02 
 1.3359999999999999e+01 7.5285671540765001e-02 
 1.3370000000000001e+01 7.7245271632288698e-02 
 1.3379999999999999e+01 7.9370263511777422e-02 
 1.3390000000000001e+01 8.1650045684099268e-02 
 1.3399999999999999e+01 8.4074016654119177e-02 
 1.3410000000000000e+01 8.6622476155144928e-02 
 1.3420000000000000e+01 8.9275418722765093e-02 
 1.3430000000000000e+01 9.2021785065272491e-02 
 1.3440000000000000e+01 9.4850515890959441e-02 
 1.3449999999999999e+01 9.7750551908118322e-02 
 1.3460000000000001e+01 1.0071083382504198e-01 
 1.3469999999999999e+01 1.0372030235002121e-01 
 1.3480000000000000e+01 1.0676789819135046e-01 
 1.3490000000000000e+01 1.0984256205732051e-01 
 1.3500000000000000e+01 1.1293323465622421e-01 
 1.3510000000000000e+01 1.1602885669635393e-01 
 1.3520000000000000e+01 1.1911836888600201e-01 
 1.3530000000000001e+01 1.2219071193346134e-01 
 1.3539999999999999e+01 1.2523482654702267e-01 
 1.3550000000000001e+01 1.2823965343498045e-01 
 1.3559999999999999e+01 1.3119413330562496e-01 
 1.3570000000000000e+01 1.3408720686725059e-01 
 1.3580000000000000e+01 1.3690781482814821e-01 
 1.3590000000000000e+01 1.3964489789661058e-01 
 1.3600000000000000e+01 1.4228739678093016e-01 
 1.3609999999999999e+01 1.4487436913856347e-01 
 1.3620000000000001e+01 1.4744922957425408e-01 
 1.3629999999999999e+01 1.5000745421722272e-01 
 1.3640000000000001e+01 1.5254451919669329e-01 
 1.3649999999999999e+01 1.5505590064188601e-01 
 1.3660000000000000e+01 1.5753707468202477e-01 
 1.3670000000000000e+01 1.5998351744633027e-01 
 1.3680000000000000e+01 1.6239070506402509e-01 
 1.3690000000000000e+01 1.6475411366433124e-01 
 1.3699999999999999e+01 1.6706921937647082e-01 
 1.3710000000000001e+01 1.6933149832966626e-01 
 1.3719999999999999e+01 1.7153642665313851e-01 
 1.3730000000000000e+01 1.7367948047611115e-01 
 1.3740000000000000e+01 1.7575613592780512e-01 
 1.3750000000000000e+01 1.7776186913744285e-01 
 1.3760000000000000e+01 1.7969215623424645e-01 
 1.3770000000000000e+01 1.8154247334743792e-01 
 1.3780000000000001e+01 1.8330829660623971e-01 
 1.3789999999999999e+01 1.8498510213987296e-01 
 1.3800000000000001e+01 1.8656836607756089e-01 
 1.3809999999999999e+01 1.8797492684832981e-01 
 1.3820000000000000e+01 1.8912818697066802e-01 
 1.3830000000000000e+01 1.9003346870798668e-01 
 1.3840000000000000e+01 1.9069609432369800e-01 
 1.3850000000000000e+01 1.9112138608121385e-01 
 1.3859999999999999e+01 1.9131466624394616e-01 
 1.3870000000000001e+01 1.9128125707530683e-01 
 1.3879999999999999e+01 1.9102648083870785e-01 
 1.3890000000000001e+01 1.9055565979756095e-01 
 1.3899999999999999e+01 1.8987411621527842e-01 
 1.3910000000000000e+01 1.8898717235527163e-01 
 1.3920000000000000e+01 1.8790015048095296e-01 
 1.3930000000000000e+01 1.8661837285573415e-01 
 1.3940000000000000e+01 1.8514716174302717e-01 
 1.3949999999999999e+01 1.8349183940624392e-01 
 1.3960000000000001e+01 1.8165772810879594e-01 
 1.3969999999999999e+01 1.7965015011409619e-01 
 1.3980000000000000e+01 1.7747442768555516e-01 
 1.3990000000000000e+01 1.7513588308658590e-01 
 1.4000000000000000e+01 1.7263983858059995e-01 
 1.4010000000000000e+01 1.7001422541879291e-01 
 1.4020000000000000e+01 1.6729015662241969e-01 
 1.4030000000000001e+01 1.6447772710998076e-01 
 1.4039999999999999e+01 1.6158703179997858e-01 
 1.4050000000000001e+01 1.5862816561091200e-01 
 1.4059999999999999e+01 1.5561122346128409e-01 
 1.4070000000000000e+01 1.5254630026959362e-01 
 1.4080000000000000e+01 1.4944349095434317e-01 
 1.4090000000000000e+01 1.4631289043403312e-01 
 1.4100000000000000e+01 1.4316459362716441e-01 
 1.4109999999999999e+01 1.4000869545223796e-01 
 1.4120000000000001e+01 1.3685529082775416e-01 
 1.4129999999999999e+01 1.3371447467221564e-01 
 1.4140000000000001e+01 1.3059634190412109e-01 
 1.4149999999999999e+01 1.2751098744197364e-01 
 1.4160000000000000e+01 1.2446850620427208e-01 
 1.4170000000000000e+01 1.2147899310951896e-01 
 1.4180000000000000e+01 1.1855254307621466e-01 
 1.4190000000000000e+01 1.1569925102286012e-01 
 1.4199999999999999e+01 1.1292921186795629e-01 
 1.4210000000000001e+01 1.1021031313759014e-01 
 1.4219999999999999e+01 1.0750641045361482e-01 
 1.4230000000000000e+01 1.0482155087817575e-01 
 1.4240000000000000e+01 1.0215978147342167e-01 
 1.4250000000000000e+01 9.9525149301499416e-02 
 1.4260000000000000e+01 9.6921701424556306e-02 
 1.4270000000000000e+01 9.4353484904739660e-02 
 1.4280000000000001e+01 9.1824546804196355e-02 
 1.4289999999999999e+01 8.9338934185075047e-02 
 1.4300000000000001e+01 8.6900694109521281e-02 
 1.4309999999999999e+01 8.4513873639684101e-02 
 1.4320000000000000e+01 8.2182519837709134e-02 
 1.4330000000000000e+01 7.9910679765744980e-02 
 1.4340000000000000e+01 7.7702400485938516e-02 
 1.4350000000000000e+01 7.5561729060437066e-02 
 1.4359999999999999e+01 7.3492712551387923e-02 
 1.4370000000000001e+01 7.1499398020938104e-02 
 1.4379999999999999e+01 6.9585832531235930e-02 
 1.4390000000000001e+01 6.7756063144427392e-02 
 1.4399999999999999e+01 6.6014136922661060e-02 
 1.4410000000000000e+01 6.4491727702486470e-02 
 1.4420000000000000e+01 6.3309381522530836e-02 
 1.4430000000000000e+01 6.2454453748054715e-02 
 1.4440000000000000e+01 6.1914299744318932e-02 
 1.4449999999999999e+01 6.1676274876584336e-02 
 1.4460000000000001e+01 6.1727734510111786e-02 
 1.4469999999999999e+01 6.2056034010162020e-02 
 1.4480000000000000e+01 6.2648528741996098e-02 
 1.4490000000000000e+01 6.3492574070874608e-02 
 1.4500000000000000e+01 6.4575525362058461e-02 
 1.4510000000000000e+01 6.5884737980808517e-02 
 1.4520000000000000e+01 6.7407567292385576e-02 
 1.4530000000000001e+01 6.9131368662050816e-02 
 1.4539999999999999e+01 7.1043497455064095e-02 
 1.4550000000000001e+01 7.3131309036687603e-02 
 1.4559999999999999e+01 7.5382158772180699e-02 
 1.4570000000000000e+01 7.7783402026805809e-02 
 1.4580000000000000e+01 8.0322394165822528e-02 
 1.4590000000000000e+01 8.2986490554492115e-02 
 1.4600000000000000e+01 8.5763046558075387e-02 
 1.4609999999999999e+01 8.8696025768418743e-02 
 1.4620000000000001e+01 9.1824308570812307e-02 
 1.4629999999999999e+01 9.5127625520679729e-02 
 1.4640000000000001e+01 9.8585707173448750e-02 
 1.4649999999999999e+01 1.0217828408454233e-01 
 1.4660000000000000e+01 1.0588508680938842e-01 
 1.4670000000000000e+01 1.0968584590341046e-01 
 1.4680000000000000e+01 1.1356029192203450e-01 
 1.4690000000000000e+01 1.1748815542068596e-01 
 1.4699999999999999e+01 1.2144916695479020e-01 
 1.4710000000000001e+01 1.2542305707977336e-01 
 1.4719999999999999e+01 1.2938955635105873e-01 
 1.4730000000000000e+01 1.3332839532407451e-01 
 1.4740000000000000e+01 1.3721930455424397e-01 
 1.4750000000000000e+01 1.4104201459699323e-01 
 1.4760000000000000e+01 1.4477625600774768e-01 
 1.4770000000000000e+01 1.4840175934193273e-01 
 1.4780000000000001e+01 1.5189825515497440e-01 
 1.4789999999999999e+01 1.5524547400229627e-01 
 1.4800000000000001e+01 1.5842314643932609e-01 
 1.4809999999999999e+01 1.6150743083001418e-01 
 1.4820000000000000e+01 1.6457881608850322e-01 
 1.4830000000000000e+01 1.6762352859549887e-01 
 1.4840000000000000e+01 1.7062779473170891e-01 
 1.4850000000000000e+01 1.7357784087784064e-01 
 1.4859999999999999e+01 1.7645989341460133e-01 
 1.4870000000000001e+01 1.7926017872269870e-01 
 1.4879999999999999e+01 1.8196492318283855e-01 
 1.4890000000000001e+01 1.8456035317573008e-01 
 1.4899999999999999e+01 1.8703269508207870e-01 
 1.4910000000000000e+01 1.8936817528259345e-01 
 1.4920000000000000e+01 1.9155302015798029e-01 
 1.4930000000000000e+01 1.9357345608894691e-01 
 1.4940000000000000e+01 1.9541570945620057e-01 
 1.4949999999999999e+01 1.9706600664044857e-01 
 1.4960000000000001e+01 1.9851057402239838e-01 
 1.4969999999999999e+01 1.9973563798275654e-01 
 1.4980000000000000e+01 2.0072742490223122e-01 
 1.4990000000000000e+01 2.0147216116152905e-01 
 1.5000000000000000e+01 2.0195607314135755e-01 
 1.5010000000000000e+01 2.0211135409678846e-01 
 1.5020000000000000e+01 2.0189306826150044e-01 
 1.5030000000000001e+01 2.0132174848411094e-01 
 1.5039999999999999e+01 2.0041792761323793e-01 
 1.5050000000000001e+01 1.9920213849749832e-01 
 1.5059999999999999e+01 1.9769491398551059e-01 
 1.5070000000000000e+01 1.9591678692589123e-01 
 1.5080000000000000e+01 1.9388829016725867e-01 
 1.5090000000000000e+01 1.9162995655823023e-01 
 1.5100000000000000e+01 1.8916231894742344e-01 
 1.5109999999999999e+01 1.8650591018345589e-01 
 1.5120000000000001e+01 1.8368126311494465e-01 
 1.5129999999999999e+01 1.8070891059050881e-01 
 1.5140000000000001e+01 1.7760938545876387e-01 
 1.5149999999999999e+01 1.7440322056832960e-01 
 1.5160000000000000e+01 1.7111094876782129e-01 
 1.5170000000000000e+01 1.6775310290585821e-01 
 1.5180000000000000e+01 1.6435021583105744e-01 
 1.5190000000000000e+01 1.6092282039203648e-01 
 1.5199999999999999e+01 1.5749144943741294e-01 
 1.5210000000000001e+01 1.5393823136462656e-01 
 1.5219999999999999e+01 1.5014937285604682e-01 
 1.5230000000000000e+01 1.4615152418767952e-01 
 1.5240000000000000e+01 1.4197133563553513e-01 
 1.5250000000000000e+01 1.3763545747562148e-01 
 1.5260000000000000e+01 1.3317053998394696e-01 
 1.5270000000000000e+01 1.2860323343652005e-01 
 1.5280000000000001e+01 1.2396018810934833e-01 
 1.5289999999999999e+01 1.1926805427844279e-01 
 1.5300000000000001e+01 1.1455348221980852e-01 
 1.5309999999999999e+01 1.0984312220945730e-01 
 1.5320000000000000e+01 1.0516362452339424e-01 
 1.5330000000000000e+01 1.0054163943763031e-01 
 1.5340000000000000e+01 9.6003817228173111e-02 
 1.5350000000000000e+01 9.1576808171031088e-02 
 1.5359999999999999e+01 8.7287262542212696e-02 
 1.5370000000000001e+01 8.3161830617725668e-02 
 1.5379999999999999e+01 7.9227162673580584e-02 
 1.5390000000000001e+01 7.5509908985783122e-02 
 1.5399999999999999e+01 7.2036719830344348e-02 
 1.5410000000000000e+01 6.8714505162420947e-02 
 1.5420000000000000e+01 6.5450962011388794e-02 
 1.5430000000000000e+01 6.2273921264578321e-02 
 1.5440000000000000e+01 5.9211213809320498e-02 
 1.5449999999999999e+01 5.6290670532946320e-02 
 1.5460000000000001e+01 5.3540122322786293e-02 
 1.5469999999999999e+01 5.0987400066172819e-02 
 1.5480000000000000e+01 4.8660334650435080e-02 
 1.5490000000000000e+01 4.6586756962905360e-02 
 1.5500000000000000e+01 4.4794497890914227e-02 
 1.5510000000000000e+01 4.3311388321792654e-02 
 1.5520000000000000e+01 4.2165259142871621e-02 
 1.5530000000000001e+01 4.1383941241482022e-02 
 1.5539999999999999e+01 4.0995265504955150e-02 
 1.5550000000000001e+01 4.1027062820621726e-02 
 1.5559999999999999e+01 4.1507164075812716e-02 
 1.5570000000000000e+01 4.2463400157859432e-02 
 1.5580000000000000e+01 4.3923601954092492e-02 
 1.5590000000000000e+01 4.5915600351843014e-02 
 1.5600000000000000e+01 4.8467226238441970e-02 
 1.5609999999999999e+01 5.1367055305610740e-02 
 1.5620000000000001e+01 5.4380527207791927e-02 
 1.5629999999999999e+01 5.7500768776396087e-02 
 1.5640000000000001e+01 6.0720906842837638e-02 
 1.5649999999999999e+01 6.4034068238526504e-02 
 1.5660000000000000e+01 6.7433379794877249e-02 
 1.5670000000000000e+01 7.0911968343300269e-02 
 1.5680000000000000e+01 7.4462960715208387e-02 
 1.5690000000000000e+01 7.8079483742013803e-02 
 1.5699999999999999e+01 8.1754664255128701e-02 
 1.5710000000000001e+01 8.5481629085965988e-02 
 1.5719999999999999e+01 8.9253505065935851e-02 
 1.5730000000000000e+01 9.3063419026453181e-02 
 1.5740000000000000e+01 9.6904497798928152e-02 
 1.5750000000000000e+01 1.0076986821477366e-01 
 1.5760000000000000e+01 1.0465265710540189e-01 
 1.5770000000000000e+01 1.0854599130222506e-01 
 1.5780000000000001e+01 1.1244299763665605e-01 
 1.5789999999999999e+01 1.1633680294010504e-01 
 1.5800000000000001e+01 1.2022053404398692e-01 
 1.5809999999999999e+01 1.2415100326242592e-01 
 1.5820000000000000e+01 1.2818123651463395e-01 
 1.5830000000000000e+01 1.3229868103964429e-01 
 1.5840000000000000e+01 1.3649078407649312e-01 
 1.5850000000000000e+01 1.4074499286421588e-01 
 1.5859999999999999e+01 1.4504875464184802e-01 
 1.5870000000000001e+01 1.4938951664842570e-01 
 1.5879999999999999e+01 1.5375472612298208e-01 
 1.5890000000000001e+01 1.5813183030455569e-01 
 1.5900000000000000e+01 1.6250827643217966e-01 
 1.5910000000000000e+01 1.6687151174489018e-01 
 1.5920000000000000e+01 1.7120898348172270e-01 
 1.5930000000000000e+01 1.7550813888171263e-01 
 1.5940000000000000e+01 1.7975642518389545e-01 
 1.5949999999999999e+01 1.8394128962730658e-01 
 1.5960000000000001e+01 1.8805017945098218e-01 
 1.5969999999999999e+01 1.9207054189395556e-01 
 1.5980000000000000e+01 1.9598982419526495e-01 
 1.5990000000000000e+01 1.9979547359394373e-01 
 1.6000000000000000e+01 2.0347493732902799e-01 
 1.6009999999999998e+01 2.0683398792827495e-01 
 1.6020000000000000e+01 2.0969610396991217e-01 
 1.6030000000000001e+01 2.1207529176867604e-01 
 1.6039999999999999e+01 2.1398555763930371e-01 
 1.6050000000000001e+01 2.1544090789653428e-01 
 1.6059999999999999e+01 2.1645534885510437e-01 
 1.6070000000000000e+01 2.1704288682975245e-01 
 1.6079999999999998e+01 2.1721752813521578e-01 
 1.6090000000000000e+01 2.1699327908623223e-01 
 1.6100000000000001e+01 2.1638414599753936e-01 
 1.6109999999999999e+01 2.1540413518387530e-01 
 1.6120000000000001e+01 2.1406725295997708e-01 
 1.6129999999999999e+01 2.1238750564058334e-01 
 1.6140000000000001e+01 2.1037889954043060e-01 
 1.6149999999999999e+01 2.0805544097425802e-01 
 1.6160000000000000e+01 2.0543113625680162e-01 
 1.6170000000000002e+01 2.0251999170279994e-01 
 1.6180000000000000e+01 1.9933601362699185e-01 
 1.6190000000000001e+01 1.9589320834411278e-01 
 1.6199999999999999e+01 1.9220558216890293e-01 
 1.6210000000000001e+01 1.8825748231320791e-01 
 1.6219999999999999e+01 1.8404218053401605e-01 
 1.6230000000000000e+01 1.7958706996376786e-01 
 1.6239999999999998e+01 1.7491954373490998e-01 
 1.6250000000000000e+01 1.7006699497988262e-01 
 1.6259999999999998e+01 1.6505681683113271e-01 
 1.6270000000000000e+01 1.5991640242110022e-01 
 1.6280000000000001e+01 1.5467314488223038e-01 
 1.6289999999999999e+01 1.4935443734696863e-01 
 1.6300000000000001e+01 1.4398767294775466e-01 
 1.6309999999999999e+01 1.3860024481703584e-01 
 1.6320000000000000e+01 1.3321954608725181e-01 
 1.6329999999999998e+01 1.2787296989084990e-01 
 1.6340000000000000e+01 1.2258790936026981e-01 
 1.6350000000000001e+01 1.1739175762795696e-01 
 1.6359999999999999e+01 1.1231190782635664e-01 
 1.6370000000000001e+01 1.0737575308790875e-01 
 1.6379999999999999e+01 1.0261068654506031e-01 
 1.6390000000000001e+01 9.8044101330251432e-02 
 1.6399999999999999e+01 9.3703390575928830e-02 
 1.6410000000000000e+01 8.9470480395557578e-02 
 1.6420000000000002e+01 8.5221785307151784e-02 
 1.6430000000000000e+01 8.0976431049973568e-02 
 1.6440000000000001e+01 7.6753543363280469e-02 
 1.6449999999999999e+01 7.2572247986336075e-02 
 1.6460000000000001e+01 6.8451670658397967e-02 
 1.6469999999999999e+01 6.4410937118729639e-02 
 1.6480000000000000e+01 6.0469173106588801e-02 
 1.6489999999999998e+01 5.6645504361238795e-02 
 1.6500000000000000e+01 5.2959056621937492e-02 
 1.6509999999999998e+01 4.9428955627948065e-02 
 1.6520000000000000e+01 4.6074327118528581e-02 
 1.6530000000000001e+01 4.2914296832940901e-02 
 1.6539999999999999e+01 3.9967990510446604e-02 
 1.6550000000000001e+01 3.7254533890304163e-02 
 1.6559999999999999e+01 3.4793052711776074e-02 
 1.6570000000000000e+01 3.2602672714121164e-02 
 1.6579999999999998e+01 3.0702519636601533e-02 
 1.6590000000000000e+01 2.9111719218476426e-02 
 1.6600000000000001e+01 2.7849397199007142e-02 
 1.6609999999999999e+01 2.7025171565671930e-02 
 1.6620000000000001e+01 2.6716604836553498e-02 
 1.6629999999999999e+01 2.6894739546820468e-02 
 1.6640000000000001e+01 2.7530618231641362e-02 
 1.6649999999999999e+01 2.8595283426184136e-02 
 1.6660000000000000e+01 3.0059777665617942e-02 
 1.6670000000000002e+01 3.1895143485110862e-02 
 1.6680000000000000e+01 3.4072423419830446e-02 
 1.6690000000000001e+01 3.6562660004946644e-02 
 1.6699999999999999e+01 3.9336895775626088e-02 
 1.6710000000000001e+01 4.2366173267039134e-02 
 1.6719999999999999e+01 4.5621535014352066e-02 
 1.6730000000000000e+01 4.9074023552735560e-02 
 1.6739999999999998e+01 5.2694681417355588e-02 
 1.6750000000000000e+01 5.6454551143383117e-02 
 1.6759999999999998e+01 6.0324675265983875e-02 
 1.6770000000000000e+01 6.4276096320329018e-02 
 1.6780000000000001e+01 6.8279856841585551e-02 
 1.6789999999999999e+01 7.2306999364920466e-02 
 1.6800000000000001e+01 7.6328566425505007e-02 
 1.6809999999999999e+01 8.0495969569596940e-02 
 1.6820000000000000e+01 8.4957365001602461e-02 
 1.6829999999999998e+01 8.9678912243900510e-02 
 1.6840000000000000e+01 9.4626770818876535e-02 
 1.6850000000000001e+01 9.9767100248910973e-02 
 1.6859999999999999e+01 1.0506606005638400e-01 
 1.6870000000000001e+01 1.1048980976368145e-01 
 1.6879999999999999e+01 1.1600450889318159e-01 
 1.6890000000000001e+01 1.2157631696727043e-01 
 1.6899999999999999e+01 1.2717139350832610e-01 
 1.6910000000000000e+01 1.3275589803873469e-01 
 1.6920000000000002e+01 1.3829599008087626e-01 
 1.6930000000000000e+01 1.4375782915713098e-01 
 1.6940000000000001e+01 1.4910757478988479e-01 
 1.6949999999999999e+01 1.5431138650151605e-01 
 1.6960000000000001e+01 1.5933542381441052e-01 
 1.6969999999999999e+01 1.6414584625094669e-01 
 1.6980000000000000e+01 1.6870881333351012e-01 
 1.6989999999999998e+01 1.7299048458447963e-01 
 1.7000000000000000e+01 1.7695701952624043e-01 
 1.7009999999999998e+01 1.8073809397644897e-01 
 1.7020000000000000e+01 1.8446362019758306e-01 
 1.7030000000000001e+01 1.8810011237924690e-01 
 1.7039999999999999e+01 1.9161408471104485e-01 
 1.7050000000000001e+01 1.9497205138258492e-01 
 1.7059999999999999e+01 1.9814052658347034e-01 
 1.7070000000000000e+01 2.0108602450330887e-01 
 1.7079999999999998e+01 2.0377505933170403e-01 
 1.7090000000000000e+01 2.0617414525826330e-01 
 1.7100000000000001e+01 2.0824979647259120e-01 
 1.7109999999999999e+01 2.0996852716429273e-01 
 1.7120000000000001e+01 2.1129685152297473e-01 
 1.7129999999999999e+01 2.1220128373824174e-01 
 1.7140000000000001e+01 2.1264833799970001e-01 
 1.7149999999999999e+01 2.1260452849695483e-01 
 1.7160000000000000e+01 2.1203636941961165e-01 
 1.7170000000000002e+01 2.1091037495727599e-01 
 1.7180000000000000e+01 2.0919305929955415e-01 
 1.7190000000000001e+01 2.0685093663605042e-01 
 1.7199999999999999e+01 2.0385052115637203e-01 
 1.7210000000000001e+01 2.0047111750027291e-01 
 1.7219999999999999e+01 1.9701724501268564e-01 
 1.7230000000000000e+01 1.9349323994097492e-01 
 1.7239999999999998e+01 1.8990343853251043e-01 
 1.7250000000000000e+01 1.8625217703465674e-01 
 1.7259999999999998e+01 1.8254379169478366e-01 
 1.7270000000000000e+01 1.7878261876025570e-01 
 1.7280000000000001e+01 1.7497299447844128e-01 
 1.7289999999999999e+01 1.7111925509670900e-01 
 1.7300000000000001e+01 1.6722573686242326e-01 
 1.7309999999999999e+01 1.6329677602295398e-01 
 1.7320000000000000e+01 1.5933670882566553e-01 
 1.7329999999999998e+01 1.5534987151792792e-01 
 1.7340000000000000e+01 1.5134060034710542e-01 
 1.7350000000000001e+01 1.4731323156056664e-01 
 1.7359999999999999e+01 1.4327210140568017e-01 
 1.7370000000000001e+01 1.3922154612981030e-01 
 1.7379999999999999e+01 1.3516590198032707e-01 
 1.7390000000000001e+01 1.3110950520459475e-01 
 1.7399999999999999e+01 1.2705669204998341e-01 
 1.7410000000000000e+01 1.2296963539314648e-01 
 1.7420000000000002e+01 1.1881358445759074e-01 
 1.7430000000000000e+01 1.1459749001095823e-01 
 1.7440000000000001e+01 1.1033030282088652e-01 
 1.7449999999999999e+01 1.0602097365501915e-01 
 1.7460000000000001e+01 1.0167845328099366e-01 
 1.7469999999999999e+01 9.7311692466453673e-02 
 1.7480000000000000e+01 9.2929641979036651e-02 
 1.7489999999999998e+01 8.8541252586386232e-02 
 1.7500000000000000e+01 8.4155475056139878e-02 
 1.7509999999999998e+01 7.9781260155941267e-02 
 1.7520000000000000e+01 7.5427558653427818e-02 
 1.7530000000000001e+01 7.1103321316241669e-02 
 1.7539999999999999e+01 6.6817498912024875e-02 
 1.7550000000000001e+01 6.2579042208414967e-02 
 1.7559999999999999e+01 5.8396901973055498e-02 
 1.7570000000000000e+01 5.4280028973584055e-02 
 1.7579999999999998e+01 5.0237373977644120e-02 
 1.7590000000000000e+01 4.6277887752873351e-02 
 1.7600000000000001e+01 4.2410521066913787e-02 
 1.7609999999999999e+01 3.8840968336876940e-02 
 1.7620000000000001e+01 3.5759738803082003e-02 
 1.7629999999999999e+01 3.3153005467988841e-02 
 1.7640000000000001e+01 3.1006941334053281e-02 
 1.7649999999999999e+01 2.9307719403734514e-02 
 1.7660000000000000e+01 2.8041512679488997e-02 
 1.7670000000000002e+01 2.7194494163775083e-02 
 1.7680000000000000e+01 2.6752836859050524e-02 
 1.7690000000000001e+01 2.6702713767772664e-02 
 1.7699999999999999e+01 2.7030297892399226e-02 
 1.7710000000000001e+01 2.7721762235388102e-02 
 1.7719999999999999e+01 2.8763279799196469e-02 
 1.7730000000000000e+01 3.0141023586282758e-02 
 1.7739999999999998e+01 3.1841166599103653e-02 
 1.7750000000000000e+01 3.3849881840118022e-02 
 1.7759999999999998e+01 3.6153342311782112e-02 
 1.7770000000000000e+01 3.8737721016555246e-02 
 1.7780000000000001e+01 4.1589190956894298e-02 
 1.7789999999999999e+01 4.4693925135255802e-02 
 1.7800000000000001e+01 4.8038096554099630e-02 
 1.7809999999999999e+01 5.1588974691813450e-02 
 1.7820000000000000e+01 5.5311239119631588e-02 
 1.7829999999999998e+01 5.9187177979271713e-02 
 1.7840000000000000e+01 6.3199079412456893e-02 
 1.7850000000000001e+01 6.7329231560906075e-02 
 1.7859999999999999e+01 7.1559922566338058e-02 
 1.7870000000000001e+01 7.5873440570476139e-02 
 1.7879999999999999e+01 8.0252073715037592e-02 
 1.7890000000000001e+01 8.4678110141745824e-02 
 1.7899999999999999e+01 8.9133837992318027e-02 
 1.7910000000000000e+01 9.3601545408477649e-02 
 1.7920000000000002e+01 9.8063520531943449e-02 
 1.7930000000000000e+01 1.0250205150443414e-01 
 1.7940000000000001e+01 1.0689942646767320e-01 
 1.7949999999999999e+01 1.1123793356337780e-01 
 1.7960000000000001e+01 1.1549986093327136e-01 
 1.7969999999999999e+01 1.1966749671907116e-01 
 1.7980000000000000e+01 1.2372312906250046e-01 
 1.7989999999999998e+01 1.2764904610527672e-01 
 1.8000000000000000e+01 1.3142753598912305e-01 
 1.8010000000000002e+01 1.3513014649671287e-01 
 1.8020000000000000e+01 1.3883378202283217e-01 
 1.8030000000000001e+01 1.4252876562737238e-01 
 1.8039999999999999e+01 1.4620542037021977e-01 
 1.8050000000000001e+01 1.4985406931126577e-01 
 1.8059999999999999e+01 1.5346503551039667e-01 
 1.8070000000000000e+01 1.5702864202750388e-01 
 1.8079999999999998e+01 1.6053521192247369e-01 
 1.8090000000000000e+01 1.6397506825519748e-01 
 1.8100000000000001e+01 1.6733853408556282e-01 
 1.8109999999999999e+01 1.7061593247345741e-01 
 1.8120000000000001e+01 1.7379758647877244e-01 
 1.8129999999999999e+01 1.7687381916139450e-01 
 1.8140000000000001e+01 1.7983495358121460e-01 
 1.8149999999999999e+01 1.8267131279811949e-01 
 1.8160000000000000e+01 1.8537321987200006e-01 
 1.8170000000000002e+01 1.8793099786274414e-01 
 1.8180000000000000e+01 1.9033496983023970e-01 
 1.8190000000000001e+01 1.9257545883437732e-01 
 1.8199999999999999e+01 1.9464278793504430e-01 
 1.8210000000000001e+01 1.9639569334081700e-01 
 1.8219999999999999e+01 1.9771230717706681e-01 
 1.8230000000000000e+01 1.9861204637887986e-01 
 1.8239999999999998e+01 1.9911432788134065e-01 
 1.8250000000000000e+01 1.9923856861953479e-01 
 1.8260000000000002e+01 1.9900418552854721e-01 
 1.8270000000000000e+01 1.9843059554346332e-01 
 1.8280000000000001e+01 1.9753721559936799e-01 
 1.8289999999999999e+01 1.9634346263134697e-01 
 1.8300000000000001e+01 1.9486875357448463e-01 
 1.8309999999999999e+01 1.9313250536386720e-01 
 1.8320000000000000e+01 1.9115413493457864e-01 
 1.8329999999999998e+01 1.8895305922170555e-01 
 1.8340000000000000e+01 1.8654869516033154e-01 
 1.8350000000000001e+01 1.8396045968554256e-01 
 1.8359999999999999e+01 1.8120776973242481e-01 
 1.8370000000000001e+01 1.7831004223606151e-01 
 1.8379999999999999e+01 1.7528669413153991e-01 
 1.8390000000000001e+01 1.7215714235394311e-01 
 1.8399999999999999e+01 1.6894080383835844e-01 
 1.8410000000000000e+01 1.6557410346727749e-01 
 1.8420000000000002e+01 1.6199584356151370e-01 
 1.8430000000000000e+01 1.5822900721363162e-01 
 1.8440000000000001e+01 1.5429657751619180e-01 
 1.8449999999999999e+01 1.5022153756176018e-01 
 1.8460000000000001e+01 1.4602687044289703e-01 
 1.8469999999999999e+01 1.4173555925216852e-01 
 1.8480000000000000e+01 1.3737058708213479e-01 
 1.8489999999999998e+01 1.3295493702536204e-01 
 1.8500000000000000e+01 1.2851159217441041e-01 
 1.8510000000000002e+01 1.2406353562184456e-01 
 1.8520000000000000e+01 1.1963375046022930e-01 
 1.8530000000000001e+01 1.1524521978212464e-01 
 1.8539999999999999e+01 1.1092092668009687e-01 
 1.8550000000000001e+01 1.0668385424670607e-01 
 1.8559999999999999e+01 1.0255698557451846e-01 
 1.8570000000000000e+01 9.8563303756094275e-02 
 1.8579999999999998e+01 9.4725791883999502e-02 
 1.8590000000000000e+01 9.1067433050794608e-02 
 1.8600000000000001e+01 8.7611210349044177e-02 
 1.8609999999999999e+01 8.4273386573792075e-02 
 1.8620000000000001e+01 8.0964635024181567e-02 
 1.8629999999999999e+01 7.7699554548932653e-02 
 1.8640000000000001e+01 7.4492743996760591e-02 
 1.8649999999999999e+01 7.1358802216385311e-02 
 1.8660000000000000e+01 6.8312328056522195e-02 
 1.8670000000000002e+01 6.5367920365889981e-02 
 1.8680000000000000e+01 6.2540177993207297e-02 
 1.8690000000000001e+01 5.9843699787189744e-02 
 1.8699999999999999e+01 5.7293084596556840e-02 
 1.8710000000000001e+01 5.4902931270024422e-02 
 1.8719999999999999e+01 5.2687838656311783e-02 
 1.8730000000000000e+01 5.0662405604134979e-02 
 1.8739999999999998e+01 4.8841230962213059e-02 
 1.8750000000000000e+01 4.7238913579262347e-02 
 1.8760000000000002e+01 4.5870052304001145e-02 
 1.8770000000000000e+01 4.4749245985147464e-02 
 1.8780000000000001e+01 4.3891093471418084e-02 
 1.8789999999999999e+01 4.3310193611531253e-02 
 1.8800000000000001e+01 4.3021145254204196e-02 
 1.8809999999999999e+01 4.3042753149179533e-02 
 1.8820000000000000e+01 4.3373946193289478e-02 
 1.8829999999999998e+01 4.3999509455886029e-02 
 1.8840000000000000e+01 4.4904228006321857e-02 
 1.8850000000000001e+01 4.6072886913949000e-02 
 1.8859999999999999e+01 4.7490271248119144e-02 
 1.8870000000000001e+01 4.9141166078185514e-02 
 1.8879999999999999e+01 5.1010356473499163e-02 
 1.8890000000000001e+01 5.3082627503413651e-02 
 1.8899999999999999e+01 5.5342764237279733e-02 
 1.8910000000000000e+01 5.7775551744451238e-02 
 1.8920000000000002e+01 6.0365775094279601e-02 
 1.8930000000000000e+01 6.3098219356116064e-02 
 1.8940000000000001e+01 6.5957669599314789e-02 
 1.8949999999999999e+01 6.8928910893225975e-02 
 1.8960000000000001e+01 7.1996728307203939e-02 
 1.8969999999999999e+01 7.5145906910598748e-02 
 1.8980000000000000e+01 7.8361231772764883e-02 
 1.8989999999999998e+01 8.1627487963052248e-02 
 1.9000000000000000e+01 8.4929460550815405e-02 
 1.9010000000000002e+01 8.8356020373691863e-02 
 1.9020000000000000e+01 9.1990462897585085e-02 
 1.9030000000000001e+01 9.5809210134249048e-02 
 1.9039999999999999e+01 9.9788684095432456e-02 
 1.9050000000000001e+01 1.0390530679288953e-01 
 1.9059999999999999e+01 1.0813550023836876e-01 
 1.9070000000000000e+01 1.1245568644362458e-01 
 1.9079999999999998e+01 1.1684228742040531e-01 
 1.9090000000000000e+01 1.2127172518046547e-01 
 1.9100000000000001e+01 1.2572042173555492e-01 
 1.9109999999999999e+01 1.3016479909742346e-01 
 1.9120000000000001e+01 1.3458127927782565e-01 
 1.9129999999999999e+01 1.3894628428850980e-01 
 1.9140000000000001e+01 1.4323623614123041e-01 
 1.9149999999999999e+01 1.4742755684773581e-01 
 1.9160000000000000e+01 1.5149666841978041e-01 
 1.9170000000000002e+01 1.5541999286911409e-01 
 1.9180000000000000e+01 1.5917395220748695e-01 
 1.9190000000000001e+01 1.6273496844665303e-01 
 1.9199999999999999e+01 1.6607946359836129e-01 
 1.9210000000000001e+01 1.6927877795286275e-01 
 1.9219999999999999e+01 1.7240708516449768e-01 
 1.9230000000000000e+01 1.7544505729116042e-01 
 1.9239999999999998e+01 1.7837336639074089e-01 
 1.9250000000000000e+01 1.8117268452113322e-01 
 1.9260000000000002e+01 1.8382368374022845e-01 
 1.9270000000000000e+01 1.8630703610591778e-01 
 1.9280000000000001e+01 1.8860341367609509e-01 
 1.9289999999999999e+01 1.9069348850865078e-01 
 1.9300000000000001e+01 1.9255793266147844e-01 
 1.9309999999999999e+01 1.9417741819246884e-01 
 1.9320000000000000e+01 1.9553261715951517e-01 
 1.9329999999999998e+01 1.9660420162050860e-01 
 1.9340000000000000e+01 1.9737284363334190e-01 
 1.9350000000000001e+01 1.9781921525590679e-01 
 1.9359999999999999e+01 1.9792398854609533e-01 
 1.9370000000000001e+01 1.9766783556179962e-01 
 1.9379999999999999e+01 1.9703142836091203e-01 
 1.9390000000000001e+01 1.9599543900132410e-01 
 1.9399999999999999e+01 1.9454053954092868e-01 
 1.9410000000000000e+01 1.9278129718616149e-01 
 1.9420000000000002e+01 1.9085138073170480e-01 
 1.9430000000000000e+01 1.8876011461781869e-01 
 1.9440000000000001e+01 1.8651682328476107e-01 
 1.9449999999999999e+01 1.8413083117279291e-01 
 1.9460000000000001e+01 1.8161146272217188e-01 
 1.9469999999999999e+01 1.7896804237315908e-01 
 1.9480000000000000e+01 1.7620989456601205e-01 
 1.9489999999999998e+01 1.7334634374099211e-01 
 1.9500000000000000e+01 1.7038671433835656e-01 
 1.9510000000000002e+01 1.6734033079836577e-01 
 1.9520000000000000e+01 1.6421651756128025e-01 
 1.9530000000000001e+01 1.6102459906735714e-01 
 1.9539999999999999e+01 1.5777389975685807e-01 
 1.9550000000000001e+01 1.5447374407004008e-01 
 1.9559999999999999e+01 1.5113345644716489e-01 
 1.9570000000000000e+01 1.4776236132848947e-01 
 1.9579999999999998e+01 1.4436978315427562e-01 
 1.9590000000000000e+01 1.4096504636478027e-01 
 1.9600000000000001e+01 1.3755747540026397e-01 
 1.9609999999999999e+01 1.3407479746549228e-01 
 1.9620000000000001e+01 1.3044998983828010e-01 
 1.9629999999999999e+01 1.2670025206846922e-01 
 1.9640000000000001e+01 1.2284278370589610e-01 
 1.9649999999999999e+01 1.1889478430040265e-01 
 1.9660000000000000e+01 1.1487345340182518e-01 
 1.9670000000000002e+01 1.1079599056000428e-01 
 1.9680000000000000e+01 1.0667959532478057e-01 
 1.9690000000000001e+01 1.0254146724599027e-01 
 1.9699999999999999e+01 9.8398805873475464e-02 
 1.9710000000000001e+01 9.4268810757072399e-02 
 1.9719999999999999e+01 9.0168681446623128e-02 
 1.9730000000000000e+01 8.6115617491963892e-02 
 1.9739999999999998e+01 8.2126818442936761e-02 
 1.9750000000000000e+01 7.8219483849377991e-02 
 1.9760000000000002e+01 7.4410813261128236e-02 
 1.9770000000000000e+01 7.0718006228027902e-02 
 1.9780000000000001e+01 6.7158262299913549e-02 
 1.9789999999999999e+01 6.3748781026626858e-02 
 1.9800000000000001e+01 6.0506761958004529e-02 
 1.9809999999999999e+01 5.7437817399307450e-02 
 1.9820000000000000e+01 5.4547202339513247e-02 
 1.9829999999999998e+01 5.1851580354045017e-02 
 1.9840000000000000e+01 4.9367615018321889e-02 
 1.9850000000000001e+01 4.7111969907765928e-02 
 1.9859999999999999e+01 4.5101308597798845e-02 
 1.9870000000000001e+01 4.3352294663840274e-02 
 1.9879999999999999e+01 4.1881591681312502e-02 
 1.9890000000000001e+01 4.0705863225635533e-02 
 1.9899999999999999e+01 3.9841772872231243e-02 
 1.9910000000000000e+01 3.9305984196520080e-02 
 1.9920000000000002e+01 3.9115160773923449e-02 
 1.9930000000000000e+01 3.9285966179862297e-02 
 1.9940000000000001e+01 3.9835063989757780e-02 
 1.9949999999999999e+01 4.0779117779030573e-02 
 1.9960000000000001e+01 4.2134791123102387e-02 
 1.9969999999999999e+01 4.3918747597393296e-02 
 1.9980000000000000e+01 4.6147650777325640e-02 
 1.9989999999999998e+01 4.8838164238318861e-02 
 2.0000000000000000e+01 5.2006951555795933e-02 
 