0.0000000000000000e+00 -1.0017736944423041e+00 
 1.0000000000000000e-02 -9.8991450364921096e-01 
 2.0000000000000000e-02 -9.7698039836983652e-01 
 2.9999999999999999e-02 -9.6295661478685091e-01 
 4.0000000000000001e-02 -9.4782838908292399e-01 
 5.0000000000000003e-02 -9.3158095744072611e-01 
 5.9999999999999998e-02 -9.1419955604292724e-01 
 7.0000000000000007e-02 -8.9566942107219749e-01 
 8.0000000000000002e-02 -8.7597578871120696e-01 
 8.9999999999999997e-02 -8.5510389514262575e-01 
 1.0000000000000001e-01 -8.3303897654912373e-01 
 1.1000000000000000e-01 -8.0976626911337135e-01 
 1.2000000000000000e-01 -7.8527100901803837e-01 
 1.3000000000000000e-01 -7.5953843244579500e-01 
 1.4000000000000001e-01 -7.3255377557931145e-01 
 1.4999999999999999e-01 -7.0430227460125761e-01 
 1.6000000000000000e-01 -6.7476916569430356e-01 
 1.7000000000000001e-01 -6.4393968504111965e-01 
 1.7999999999999999e-01 -6.1179906882437574e-01 
 1.9000000000000000e-01 -5.7833255322674182e-01 
 2.0000000000000001e-01 -5.4352537443088833e-01 
 2.0999999999999999e-01 -5.0665729667034898e-01 
 2.2000000000000000e-01 -4.6719804688326133e-01 
 2.3000000000000001e-01 -4.2541780530920154e-01 
 2.3999999999999999e-01 -3.8158675218774551e-01 
 2.5000000000000000e-01 -3.3597506775846891e-01 
 2.6000000000000001e-01 -2.8885293226094783e-01 
 2.7000000000000002e-01 -2.4049052593475800e-01 
 2.8000000000000003e-01 -1.9115802901947543e-01 
 2.8999999999999998e-01 -1.4112562175467624e-01 
 2.9999999999999999e-01 -9.0663484379935821e-02 
 3.1000000000000000e-01 -4.0041797134830248e-02 
 3.2000000000000001e-01 1.0469259741064496e-02 
 3.3000000000000002e-01 6.0599506008172654e-02 
 3.4000000000000002e-01 1.1007876142691819e-01 
 3.5000000000000003e-01 1.5863684575772552e-01 
 3.5999999999999999e-01 2.0600357876101805e-01 
 3.7000000000000000e-01 2.5190878019722063e-01 
 3.8000000000000000e-01 2.9608226982675712e-01 
 3.9000000000000001e-01 3.3825386741005170e-01 
 4.0000000000000002e-01 3.7815339270752824e-01 
 4.1000000000000003e-01 4.1657675208706268e-01 
 4.1999999999999998e-01 4.5442491021630610e-01 
 4.2999999999999999e-01 4.9158527430534654e-01 
 4.4000000000000000e-01 5.2794525156427141e-01 
 4.5000000000000001e-01 5.6339224920316833e-01 
 4.6000000000000002e-01 5.9781367443212496e-01 
 4.7000000000000003e-01 6.3109693446122894e-01 
 4.7999999999999998e-01 6.6312943650056755e-01 
 4.8999999999999999e-01 6.9379858776022907e-01 
 5.0000000000000000e-01 7.2299179545030068e-01 
 5.1000000000000001e-01 7.5059646678087022e-01 
 5.2000000000000002e-01 7.7650000896202509e-01 
 5.3000000000000003e-01 8.0058982920385313e-01 
 5.4000000000000004e-01 8.2275333471644185e-01 
 5.5000000000000004e-01 8.4287793270987887e-01 
 5.6000000000000005e-01 8.6085103039425181e-01 
 5.7000000000000006e-01 8.7656003497964841e-01 
 5.7999999999999996e-01 8.8989235367615604e-01 
 5.8999999999999997e-01 9.0073539369386268e-01 
 5.9999999999999998e-01 9.0897656224285572e-01 
 6.0999999999999999e-01 9.1474422213951745e-01 
 6.2000000000000000e-01 9.1828815124800511e-01 
 6.3000000000000000e-01 9.1967787935006917e-01 
 6.4000000000000001e-01 9.1898293622746008e-01 
 6.5000000000000002e-01 9.1627285166192818e-01 
 6.6000000000000003e-01 9.1161715543522404e-01 
 6.7000000000000004e-01 9.0508537732909800e-01 
 6.8000000000000005e-01 8.9674704712530051e-01 
 6.9000000000000006e-01 8.8667169460558204e-01 
 7.0000000000000007e-01 8.7492884955169292e-01 
 7.0999999999999996e-01 8.6158804174538395e-01 
 7.1999999999999997e-01 8.4671880096840513e-01 
 7.2999999999999998e-01 8.3039065700250703e-01 
 7.3999999999999999e-01 8.1267313962944010e-01 
 7.5000000000000000e-01 7.9363577863095469e-01 
 7.6000000000000001e-01 7.7334810378880148e-01 
 7.7000000000000002e-01 7.5187964488473069e-01 
 7.8000000000000003e-01 7.2929993170049279e-01 
 7.9000000000000004e-01 7.0567849401783822e-01 
 8.0000000000000004e-01 6.8108486161851756e-01 
 8.1000000000000005e-01 6.5531876356017849e-01 
 8.2000000000000006e-01 6.2823509909966935e-01 
 8.3000000000000007e-01 5.9998615331754046e-01 
 8.3999999999999997e-01 5.7072421129434303e-01 
 8.4999999999999998e-01 5.4060155811062682e-01 
 8.5999999999999999e-01 5.0977047884694282e-01 
 8.7000000000000000e-01 4.7838325858384179e-01 
 8.8000000000000000e-01 4.4659218240187420e-01 
 8.9000000000000001e-01 4.1454953538159067e-01 
 9.0000000000000002e-01 3.8240760260354190e-01 
 9.1000000000000003e-01 3.5031866914827836e-01 
 9.2000000000000004e-01 3.1843502009635083e-01 
 9.3000000000000005e-01 2.8690894052830979e-01 
 9.4000000000000006e-01 2.5589271552470594e-01 
 9.5000000000000007e-01 2.2553863016608983e-01 
 9.5999999999999996e-01 1.9599896953301249e-01 
 9.6999999999999997e-01 1.6742601870602380e-01 
 9.7999999999999998e-01 1.3997206276567475e-01 
 9.8999999999999999e-01 1.1378938679251582e-01 
 1.0000000000000000e+00 8.9030275867097775e-02 
 1.0100000000000000e+00 6.5113738791865272e-02 
 1.0200000000000000e+00 4.1414279900341841e-02 
 1.0300000000000000e+00 1.8017427569696473e-02 
 1.0400000000000000e+00 -4.9912898229018954e-03 
 1.0500000000000000e+00 -2.7526343900284272e-02 
 1.0600000000000001e+00 -4.9502206285281680e-02 
 1.0700000000000001e+00 -7.0833348600725154e-02 
 1.0800000000000001e+00 -9.1434242469445731e-02 
 1.0900000000000001e+00 -1.1121935951427445e-01 
 1.1000000000000001e+00 -1.3010317135804231e-01 
 1.1100000000000001e+00 -1.4800014962358032e-01 
 1.1200000000000001e+00 -1.6482476593371959e-01 
 1.1300000000000001e+00 -1.8049149191129110e-01 
 1.1400000000000001e+00 -1.9491479917912591e-01 
 1.1500000000000001e+00 -2.0800915936005498e-01 
 1.1599999999999999e+00 -2.1968904407690915e-01 
 1.1699999999999999e+00 -2.2986892495251993e-01 
 1.1799999999999999e+00 -2.3846327360971814e-01 
 1.1899999999999999e+00 -2.4538656167133477e-01 
 1.2000000000000000e+00 -2.5055326076020085e-01 
 1.2100000000000000e+00 -2.5422214354353101e-01 
 1.2200000000000000e+00 -2.5672740042227216e-01 
 1.2300000000000000e+00 -2.5809662961985391e-01 
 1.2400000000000000e+00 -2.5835742935970601e-01 
 1.2500000000000000e+00 -2.5753739786525798e-01 
 1.2600000000000000e+00 -2.5566413335993954e-01 
 1.2700000000000000e+00 -2.5276523406718027e-01 
 1.2800000000000000e+00 -2.4886829821040982e-01 
 1.2900000000000000e+00 -2.4400092401305781e-01 
 1.3000000000000000e+00 -2.3819070969855391e-01 
 1.3100000000000001e+00 -2.3146525349032770e-01 
 1.3200000000000001e+00 -2.2385215361180882e-01 
 1.3300000000000001e+00 -2.1537900828642695e-01 
 1.3400000000000001e+00 -2.0607341573761168e-01 
 1.3500000000000001e+00 -1.9596297418879260e-01 
 1.3600000000000001e+00 -1.8507528186339944e-01 
 1.3700000000000001e+00 -1.7343793698486182e-01 
 1.3800000000000001e+00 -1.6107853777660927e-01 
 1.3900000000000001e+00 -1.4802468246207151e-01 
 1.4000000000000001e+00 -1.3430396926467814e-01 
 1.4099999999999999e+00 -1.1995870082516183e-01 
 1.4199999999999999e+00 -1.0505743823484309e-01 
 1.4299999999999999e+00 -8.9667167393035180e-02 
 1.4399999999999999e+00 -7.3854874199050999e-02 
 1.4500000000000000e+00 -5.7687544552203457e-02 
 1.4600000000000000e+00 -4.1232164351805475e-02 
 1.4700000000000000e+00 -2.4555719497169948e-02 
 1.4800000000000000e+00 -7.7251958876098092e-03 
 1.4900000000000000e+00 9.1924205775620327e-03 
 1.5000000000000000e+00 2.6130143999032657e-02 
 1.5100000000000000e+00 4.3020988477489197e-02 
 1.5200000000000000e+00 5.9797968113618649e-02 
 1.5300000000000000e+00 7.6394097008108175e-02 
 1.5400000000000000e+00 9.2742389261644825e-02 
 1.5500000000000000e+00 1.0877585897491573e-01 
 1.5600000000000001e+00 1.2442752024860793e-01 
 1.5700000000000001e+00 1.3963038718340848e-01 
 1.5800000000000001e+00 1.5431747388000455e-01 
 1.5900000000000001e+00 1.6842179443908317e-01 
 1.6000000000000001e+00 1.8187636296133147e-01 
 1.6100000000000001e+00 1.9495907129759685e-01 
 1.6200000000000001e+00 2.0797468876914668e-01 
 1.6300000000000001e+00 2.2089654568229800e-01 
 1.6400000000000001e+00 2.3369797234336775e-01 
 1.6500000000000001e+00 2.4635229905867295e-01 
 1.6600000000000001e+00 2.5883285613453061e-01 
 1.6699999999999999e+00 2.7111297387725741e-01 
 1.6799999999999999e+00 2.8316598259317094e-01 
 1.6899999999999999e+00 2.9496521258858788e-01 
 1.7000000000000000e+00 3.0648399416982530e-01 
 1.7100000000000000e+00 3.1769565764320007e-01 
 1.7200000000000000e+00 3.2857353331502925e-01 
 1.7300000000000000e+00 3.3909095149162988e-01 
 1.7400000000000000e+00 3.4922124247931885e-01 
 1.7500000000000000e+00 3.5893773658441330e-01 
 1.7600000000000000e+00 3.6821376411323004e-01 
 1.7700000000000000e+00 3.7702265537208624e-01 
 1.7800000000000000e+00 3.8533774066729876e-01 
 1.7900000000000000e+00 3.9313235030518467e-01 
 1.8000000000000000e+00 4.0037981459206096e-01 
 1.8100000000000001e+00 4.0709428490379423e-01 
 1.8200000000000001e+00 4.1331712755141842e-01 
 1.8300000000000001e+00 4.1906249524400124e-01 
 1.8400000000000001e+00 4.2434454069061056e-01 
 1.8500000000000001e+00 4.2917741660031422e-01 
 1.8600000000000001e+00 4.3357527568218002e-01 
 1.8700000000000001e+00 4.3755227064527580e-01 
 1.8800000000000001e+00 4.4112255419866936e-01 
 1.8900000000000001e+00 4.4430027905142849e-01 
 1.9000000000000001e+00 4.4709959791262105e-01 
 1.9100000000000001e+00 4.4953466349131482e-01 
 1.9199999999999999e+00 4.5161962849657761e-01 
 1.9299999999999999e+00 4.5336864563747736e-01 
 1.9399999999999999e+00 4.5479586762308177e-01 
 1.9500000000000000e+00 4.5591544716245869e-01 
 1.9600000000000000e+00 4.5674153696467590e-01 
 1.9700000000000000e+00 4.5728828973880131e-01 
 1.9800000000000000e+00 4.5756985819390267e-01 
 1.9900000000000000e+00 4.5760039503904781e-01 
 2.0000000000000000e+00 4.5739405298330460e-01 
 2.0100000000000002e+00 4.5700866557419650e-01 
 2.0200000000000000e+00 4.5648635054135484e-01 
 2.0300000000000002e+00 4.5581768686700869e-01 
 2.0400000000000000e+00 4.5499325353338738e-01 
 2.0499999999999998e+00 4.5400362952272011e-01 
 2.0600000000000001e+00 4.5283939381723598e-01 
 2.0699999999999998e+00 4.5149112539916436e-01 
 2.0800000000000001e+00 4.4994940325073429e-01 
 2.0899999999999999e+00 4.4820480635417520e-01 
 2.1000000000000001e+00 4.4624791369171607e-01 
 2.1099999999999999e+00 4.4406930424558638e-01 
 2.1200000000000001e+00 4.4165955699801507e-01 
 2.1299999999999999e+00 4.3900925093123161e-01 
 2.1400000000000001e+00 4.3610896502746493e-01 
 2.1499999999999999e+00 4.3294927826894458e-01 
 2.1600000000000001e+00 4.2952076963789942e-01 
 2.1699999999999999e+00 4.2581401811655900e-01 
 2.1800000000000002e+00 4.2181960268715224e-01 
 2.1899999999999999e+00 4.1752810233190862e-01 
 2.2000000000000002e+00 4.1293009603305708e-01 
 2.2100000000000000e+00 4.0809684151760622e-01 
 2.2200000000000002e+00 4.0309810794250106e-01 
 2.2300000000000000e+00 3.9792224143487698e-01 
 2.2400000000000002e+00 3.9255758812186847e-01 
 2.2500000000000000e+00 3.8699249413061104e-01 
 2.2600000000000002e+00 3.8121530558823902e-01 
 2.2700000000000000e+00 3.7521436862188801e-01 
 2.2800000000000002e+00 3.6897802935869239e-01 
 2.2900000000000000e+00 3.6249463392578762e-01 
 2.3000000000000003e+00 3.5575252845030814e-01 
 2.3100000000000001e+00 3.4874005905938954e-01 
 2.3199999999999998e+00 3.4144557188016633e-01 
 2.3300000000000001e+00 3.3385741303977334e-01 
 2.3399999999999999e+00 3.2596392866534601e-01 
 2.3500000000000001e+00 3.1775346488401873e-01 
 2.3599999999999999e+00 3.0921436782292711e-01 
 2.3700000000000001e+00 3.0033498360920541e-01 
 2.3799999999999999e+00 2.9110365836998930e-01 
 2.3900000000000001e+00 2.8150873823241296e-01 
 2.3999999999999999e+00 2.7153856932361220e-01 
 2.4100000000000001e+00 2.6119387999118371e-01 
 2.4199999999999999e+00 2.5050539364354363e-01 
 2.4300000000000002e+00 2.3950644899905255e-01 
 2.4399999999999999e+00 2.2823038477607294e-01 
 2.4500000000000002e+00 2.1671053969296533e-01 
 2.4600000000000000e+00 2.0498025246809223e-01 
 2.4700000000000002e+00 1.9307286181981415e-01 
 2.4800000000000000e+00 1.8102170646649363e-01 
 2.4900000000000002e+00 1.6886012512649112e-01 
 2.5000000000000000e+00 1.5662145651816922e-01 
 2.5100000000000002e+00 1.4433903935988834e-01 
 2.5200000000000000e+00 1.3204621237001107e-01 
 2.5300000000000002e+00 1.1977631426689792e-01 
 2.5400000000000000e+00 1.0756268376891137e-01 
 2.5500000000000003e+00 9.5438659594411918e-02 
 2.5600000000000001e+00 8.3437580461762112e-02 
 2.5699999999999998e+00 7.1592785089322958e-02 
 2.5800000000000001e+00 5.9937612195455459e-02 
 2.5899999999999999e+00 4.8505400498522117e-02 
 2.6000000000000001e+00 3.7329488716883574e-02 
 2.6099999999999999e+00 2.6363958918843432e-02 
 2.6200000000000001e+00 1.5544154447215412e-02 
 2.6299999999999999e+00 4.8753059321296477e-03 
 2.6400000000000001e+00 -5.6373559962856271e-03 
 2.6499999999999999e+00 -1.5988600707900300e-02 
 2.6600000000000001e+00 -2.6173197572586127e-02 
 2.6699999999999999e+00 -3.6185915960213019e-02 
 2.6800000000000002e+00 -4.6021525240652686e-02 
 2.6899999999999999e+00 -5.5674794783775058e-02 
 2.7000000000000002e+00 -6.5140493959451859e-02 
 2.7100000000000000e+00 -7.4413392137553019e-02 
 2.7200000000000002e+00 -8.3488258687950234e-02 
 2.7300000000000000e+00 -9.2359862980513491e-02 
 2.7400000000000002e+00 -1.0102297438511440e-01 
 2.7500000000000000e+00 -1.0947236227162305e-01 
 2.7600000000000002e+00 -1.1770279600991096e-01 
 2.7700000000000000e+00 -1.2570904496984828e-01 
 2.7800000000000002e+00 -1.3348587852130650e-01 
 2.7900000000000000e+00 -1.4102806603415574e-01 
 2.8000000000000003e+00 -1.4833037687826756e-01 
 2.8100000000000001e+00 -1.5500343209876169e-01 
 2.8199999999999998e+00 -1.6066318634278032e-01 
 2.8300000000000001e+00 -1.6531240938322656e-01 
 2.8399999999999999e+00 -1.6895387099300294e-01 
 2.8500000000000001e+00 -1.7159034094501271e-01 
 2.8599999999999999e+00 -1.7322458901215856e-01 
 2.8700000000000001e+00 -1.7385938496734360e-01 
 2.8799999999999999e+00 -1.7349749858347066e-01 
 2.8900000000000001e+00 -1.7214169963344270e-01 
 2.8999999999999999e+00 -1.6979475789016268e-01 
 2.9100000000000001e+00 -1.6645944312653344e-01 
 2.9199999999999999e+00 -1.6213852511545812e-01 
 2.9300000000000002e+00 -1.5683477362983930e-01 
 2.9399999999999999e+00 -1.5055095844258037e-01 
 2.9500000000000002e+00 -1.4328984932658373e-01 
 2.9600000000000000e+00 -1.3505421605475296e-01 
 2.9700000000000002e+00 -1.2584682839999020e-01 
 2.9800000000000000e+00 -1.1567045613519927e-01 
 2.9900000000000002e+00 -1.0452786903328219e-01 
 3.0000000000000000e+00 -9.2421836867142781e-02 
 3.0100000000000002e+00 -7.9622330642952335e-02 
 3.0200000000000000e+00 -6.6424066529428283e-02 
 3.0300000000000002e+00 -5.2866932043288600e-02 
 3.0400000000000000e+00 -3.8990814701253630e-02 
 3.0500000000000003e+00 -2.4835602020041314e-02 
 3.0600000000000001e+00 -1.0441181516372022e-02 
 3.0700000000000003e+00 4.1525592930363314e-03 
 3.0800000000000001e+00 1.8905732891463314e-02 
 3.0899999999999999e+00 3.3778451762190437e-02 
 3.1000000000000001e+00 4.8730828388499209e-02 
 3.1099999999999999e+00 6.3722975253669129e-02 
 3.1200000000000001e+00 7.8715004840982428e-02 
 3.1299999999999999e+00 9.3667029633718590e-02 
 3.1400000000000001e+00 1.0853916211515979e-01 
 3.1499999999999999e+00 1.2329151476858558e-01 
 3.1600000000000001e+00 1.3788420007727806e-01 
 3.1699999999999999e+00 1.5227733052451686e-01 
 3.1800000000000002e+00 1.6643101859358411e-01 
 3.1899999999999999e+00 1.8030537676775932e-01 
 3.2000000000000002e+00 1.9386051753032463e-01 
 3.2100000000000000e+00 2.0723511299567199e-01 
 3.2200000000000002e+00 2.2058341602338116e-01 
 3.2300000000000000e+00 2.3388891021450992e-01 
 3.2400000000000002e+00 2.4713507917011837e-01 
 3.2500000000000000e+00 2.6030540649126432e-01 
 3.2600000000000002e+00 2.7338337577900784e-01 
 3.2700000000000000e+00 2.8635247063440677e-01 
 3.2800000000000002e+00 2.9919617465852116e-01 
 3.2900000000000000e+00 3.1189797145240888e-01 
 3.3000000000000003e+00 3.2444134461712992e-01 
 3.3100000000000001e+00 3.3680977775374221e-01 
 3.3200000000000003e+00 3.4898675446330574e-01 
 3.3300000000000001e+00 3.6095575834687832e-01 
 3.3399999999999999e+00 3.7270027300551956e-01 
 3.3500000000000001e+00 3.8420378204028882e-01 
 3.3599999999999999e+00 3.9544976905224416e-01 
 3.3700000000000001e+00 4.0642171764244539e-01 
 3.3799999999999999e+00 4.1710311141195050e-01 
 3.3900000000000001e+00 4.2747743396181948e-01 
 3.3999999999999999e+00 4.3752816889311019e-01 
 3.4100000000000001e+00 4.4662233047465638e-01 
 3.4199999999999999e+00 4.5417233106486016e-01 
 3.4300000000000002e+00 4.6022975139913658e-01 
 3.4399999999999999e+00 4.6484617221289953e-01 
 3.4500000000000002e+00 4.6807317424156381e-01 
 3.4600000000000000e+00 4.6996233822054356e-01 
 3.4700000000000002e+00 4.7056524488525331e-01 
 3.4800000000000000e+00 4.6993347497110749e-01 
 3.4900000000000002e+00 4.6811860921352033e-01 
 3.5000000000000000e+00 4.6517222834790656e-01 
 3.5100000000000002e+00 4.6114591310968023e-01 
 3.5200000000000000e+00 4.5609124423425607e-01 
 3.5300000000000002e+00 4.5005980245704813e-01 
 3.5400000000000000e+00 4.4310316851347126e-01 
 3.5500000000000003e+00 4.3527292313893934e-01 
 3.5600000000000001e+00 4.2662064706886743e-01 
 3.5700000000000003e+00 4.1719792103866915e-01 
 3.5800000000000001e+00 4.0705632578375978e-01 
 3.5899999999999999e+00 3.9624744203955331e-01 
 3.6000000000000001e+00 3.8482285054146359e-01 
 3.6099999999999999e+00 3.7277468127294111e-01 
 3.6200000000000001e+00 3.6010426295542763e-01 
 3.6299999999999999e+00 3.4687697443132848e-01 
 3.6400000000000001e+00 3.3315819454304696e-01 
 3.6499999999999999e+00 3.1901330213298862e-01 
 3.6600000000000001e+00 3.0450767604355661e-01 
 3.6699999999999999e+00 2.8970669511715652e-01 
 3.6800000000000002e+00 2.7467573819619134e-01 
 3.6899999999999999e+00 2.5948018412306689e-01 
 3.7000000000000002e+00 2.4418541174018610e-01 
 3.7100000000000000e+00 2.2885679988995472e-01 
 3.7200000000000002e+00 2.1355972741477575e-01 
 3.7300000000000000e+00 1.9835957315705491e-01 
 3.7400000000000002e+00 1.8332171595919519e-01 
 3.7500000000000000e+00 1.6851153466360227e-01 
 3.7600000000000002e+00 1.5399440811267931e-01 
 3.7700000000000000e+00 1.3983571514883184e-01 
 3.7800000000000002e+00 1.2610083461446298e-01 
 3.7900000000000000e+00 1.1285514535197833e-01 
 3.8000000000000003e+00 1.0016402620378106e-01 
 3.8100000000000001e+00 8.7767768956234657e-02 
 3.8200000000000003e+00 7.5387840785660604e-02 
 3.8300000000000001e+00 6.3061383619404915e-02 
 3.8399999999999999e+00 5.0825539384811901e-02 
 3.8500000000000001e+00 3.8717450009225912e-02 
 3.8599999999999999e+00 2.6774257419992897e-02 
 3.8700000000000001e+00 1.5033103544456708e-02 
 3.8799999999999999e+00 3.5311303099632430e-03 
 3.8900000000000001e+00 -7.6945203561436248e-03 
 3.8999999999999999e+00 -1.8606706526518038e-02 
 3.9100000000000001e+00 -2.9168286273816041e-02 
 3.9199999999999999e+00 -3.9342117670691873e-02 
 3.9300000000000002e+00 -4.9091058789801467e-02 
 3.9399999999999999e+00 -5.8377967703799161e-02 
 3.9500000000000002e+00 -6.7165702485340817e-02 
 3.9600000000000000e+00 -7.5417121207080856e-02 
 3.9700000000000002e+00 -8.3095081941675086e-02 
 3.9800000000000000e+00 -9.0162442761777928e-02 
 3.9900000000000002e+00 -9.6582061740045161e-02 
 4.0000000000000000e+00 -1.0231679694913121e-01 
 4.0099999999999998e+00 -1.0705177677497589e-01 
 4.0200000000000005e+00 -1.1053220014871415e-01 
 4.0300000000000002e+00 -1.1281103096079358e-01 
 4.0400000000000000e+00 -1.1394123310166274e-01 
 4.0499999999999998e+00 -1.1397577046176988e-01 
 4.0600000000000005e+00 -1.1296760693156307e-01 
 4.0700000000000003e+00 -1.1096970640149072e-01 
 4.0800000000000001e+00 -1.0803503276200098e-01 
 4.0899999999999999e+00 -1.0421654990354211e-01 
 4.0999999999999996e+00 -9.9567221716562265e-02 
 4.1100000000000003e+00 -9.4140012091509212e-02 
 4.1200000000000001e+00 -8.7987884918832110e-02 
 4.1299999999999999e+00 -8.1163804088978733e-02 
 4.1399999999999997e+00 -7.3720733492397286e-02 
 4.1500000000000004e+00 -6.5711637019535279e-02 
 4.1600000000000001e+00 -5.7189478560842326e-02 
 4.1699999999999999e+00 -4.8207222006765978e-02 
 4.1799999999999997e+00 -3.8817831247754425e-02 
 4.1900000000000004e+00 -2.9074270174255054e-02 
 4.2000000000000002e+00 -1.9029502676717769e-02 
 4.2100000000000000e+00 -8.5205909908544642e-03 
 4.2199999999999998e+00 2.6047019716385969e-03 
 4.2300000000000004e+00 1.4277361306338901e-02 
 4.2400000000000002e+00 2.6428372108820805e-02 
 4.2500000000000000e+00 3.8988719474661752e-02 
 4.2599999999999998e+00 5.1889388499438194e-02 
 4.2700000000000005e+00 6.5061364278727718e-02 
 4.2800000000000002e+00 7.8435631908104431e-02 
 4.2900000000000000e+00 9.1943176483145886e-02 
 4.2999999999999998e+00 1.0551498309942857e-01 
 4.3100000000000005e+00 1.1908203685253010e-01 
 4.3200000000000003e+00 1.3257532283802448e-01 
 4.3300000000000001e+00 1.4592582615148939e-01 
 4.3399999999999999e+00 1.5906453188850120e-01 
 4.3500000000000005e+00 1.7192242514463749e-01 
 4.3600000000000003e+00 1.8443049101547243e-01 
 4.3700000000000001e+00 1.9651971459658363e-01 
 4.3799999999999999e+00 2.0812108098354745e-01 
 4.3899999999999997e+00 2.1916557527194036e-01 
 4.4000000000000004e+00 2.2958418255733970e-01 
 4.4100000000000001e+00 2.3967471635863766e-01 
 4.4199999999999999e+00 2.4974770768291465e-01 
 4.4299999999999997e+00 2.5975321785802535e-01 
 4.4400000000000004e+00 2.6964130821182519e-01 
 4.4500000000000002e+00 2.7936204007216703e-01 
 4.4600000000000000e+00 2.8886547476690644e-01 
 4.4699999999999998e+00 2.9810167362389794e-01 
 4.4800000000000004e+00 3.0702069797099701e-01 
 4.4900000000000002e+00 3.1557260913605661e-01 
 4.5000000000000000e+00 3.2370746844693221e-01 
 4.5099999999999998e+00 3.3137533723147838e-01 
 4.5200000000000005e+00 3.3852627681755032e-01 
 4.5300000000000002e+00 3.4511034853300149e-01 
 4.5400000000000000e+00 3.5107761370568707e-01 
 4.5499999999999998e+00 3.5637813366346172e-01 
 4.5600000000000005e+00 3.6096196973418038e-01 
 4.5700000000000003e+00 3.6477918324569686e-01 
 4.5800000000000001e+00 3.6777983552586624e-01 
 4.5899999999999999e+00 3.6991398790254315e-01 
 4.6000000000000005e+00 3.7113170170358234e-01 
 4.6100000000000003e+00 3.7157703239615114e-01 
 4.6200000000000001e+00 3.7144527166886981e-01 
 4.6299999999999999e+00 3.7076333518177146e-01 
 4.6399999999999997e+00 3.6955813859488917e-01 
 4.6500000000000004e+00 3.6785659756825589e-01 
 4.6600000000000001e+00 3.6568562776190505e-01 
 4.6699999999999999e+00 3.6307214483586953e-01 
 4.6799999999999997e+00 3.6004306445018247e-01 
 4.6900000000000004e+00 3.5662530226487671e-01 
 4.7000000000000002e+00 3.5284577393998584e-01 
 4.7100000000000000e+00 3.4873139513554274e-01 
 4.7199999999999998e+00 3.4430908151158052e-01 
 4.7300000000000004e+00 3.3960574872813182e-01 
 4.7400000000000002e+00 3.3464831244523052e-01 
 4.7500000000000000e+00 3.2946368832290945e-01 
 4.7599999999999998e+00 3.2407879202120160e-01 
 4.7700000000000005e+00 3.1852053920013962e-01 
 4.7800000000000002e+00 3.1281584551975750e-01 
 4.7900000000000000e+00 3.0699162664008800e-01 
 4.7999999999999998e+00 3.0107479822116412e-01 
 4.8100000000000005e+00 2.9491173049302827e-01 
 4.8200000000000003e+00 2.8836286475232864e-01 
 4.8300000000000001e+00 2.8147622325900373e-01 
 4.8399999999999999e+00 2.7429982827299271e-01 
 4.8500000000000005e+00 2.6688170205423406e-01 
 4.8600000000000003e+00 2.5926986686266817e-01 
 4.8700000000000001e+00 2.5151234495823360e-01 
 4.8799999999999999e+00 2.4365715860086942e-01 
 4.8899999999999997e+00 2.3575233005051477e-01 
 4.9000000000000004e+00 2.2784588156710811e-01 
 4.9100000000000001e+00 2.1998583541058994e-01 
 4.9199999999999999e+00 2.1222021384089870e-01 
 4.9299999999999997e+00 2.0459703911797356e-01 
 4.9400000000000004e+00 1.9716433350175294e-01 
 4.9500000000000002e+00 1.8997011925217730e-01 
 4.9600000000000000e+00 1.8306241862918513e-01 
 4.9699999999999998e+00 1.7648925389271558e-01 
 4.9800000000000004e+00 1.7029864730270716e-01 
 4.9900000000000002e+00 1.6453862111910020e-01 
 5.0000000000000000e+00 1.5925719760183321e-01 
 5.0099999999999998e+00 1.5431302067280808e-01 
 5.0200000000000005e+00 1.4954537956202843e-01 
 5.0300000000000002e+00 1.4497326449158757e-01 
 5.0400000000000000e+00 1.4061566568357753e-01 
 5.0499999999999998e+00 1.3649157336009074e-01 
 5.0600000000000005e+00 1.3261997774321932e-01 
 5.0700000000000003e+00 1.2901986905505639e-01 
 5.0800000000000001e+00 1.2571023751769403e-01 
 5.0899999999999999e+00 1.2271007335322472e-01 
 5.1000000000000005e+00 1.2003836678374066e-01 
 5.1100000000000003e+00 1.1771410803133478e-01 
 5.1200000000000001e+00 1.1575628731809928e-01 
 5.1299999999999999e+00 1.1418389486612660e-01 
 5.1399999999999997e+00 1.1301592089750916e-01 
 5.1500000000000004e+00 1.1227135563433939e-01 
 5.1600000000000001e+00 1.1196918929870986e-01 
 5.1699999999999999e+00 1.1212841211271291e-01 
 5.1799999999999997e+00 1.1276801429844102e-01 
 5.1900000000000004e+00 1.1390698607798674e-01 
 5.2000000000000002e+00 1.1556431767344233e-01 
 5.2100000000000000e+00 1.1759490642663999e-01 
 5.2199999999999998e+00 1.1982704554839743e-01 
 5.2300000000000004e+00 1.2223981906428565e-01 
 5.2400000000000002e+00 1.2481231099987500e-01 
 5.2500000000000000e+00 1.2752360538073645e-01 
 5.2599999999999998e+00 1.3035278623244081e-01 
 5.2700000000000005e+00 1.3327893758055909e-01 
 5.2800000000000002e+00 1.3628114345066158e-01 
 5.2900000000000000e+00 1.3933848786831929e-01 
 5.2999999999999998e+00 1.4243005485910301e-01 
 5.3100000000000005e+00 1.4553492844858379e-01 
 5.3200000000000003e+00 1.4863219266233185e-01 
 5.3300000000000001e+00 1.5170093152591826e-01 
 5.3399999999999999e+00 1.5472022906491378e-01 
 5.3500000000000005e+00 1.5766916930488947e-01 
 5.3600000000000003e+00 1.6052683627141556e-01 
 5.3700000000000001e+00 1.6327231399006312e-01 
 5.3799999999999999e+00 1.6588468648640292e-01 
 5.3899999999999997e+00 1.6834303778600571e-01 
 5.4000000000000004e+00 1.7062645191444248e-01 
 5.4100000000000001e+00 1.7290212758793969e-01 
 5.4199999999999999e+00 1.7532845351034634e-01 
 5.4299999999999997e+00 1.7787129868866614e-01 
 5.4400000000000004e+00 1.8049653212990299e-01 
 5.4500000000000002e+00 1.8317002284106015e-01 
 5.4600000000000000e+00 1.8585763982914155e-01 
 5.4699999999999998e+00 1.8852525210115090e-01 
 5.4800000000000004e+00 1.9113872866409212e-01 
 5.4900000000000002e+00 1.9366393852496844e-01 
 5.5000000000000000e+00 1.9606675069078380e-01 
 5.5099999999999998e+00 1.9831303416854190e-01 
 5.5200000000000005e+00 2.0036865796524661e-01 
 5.5300000000000002e+00 2.0219949108790125e-01 
 5.5400000000000000e+00 2.0377140254350973e-01 
 5.5499999999999998e+00 2.0505026133907578e-01 
 5.5600000000000005e+00 2.0600193648160312e-01 
 5.5700000000000003e+00 2.0659229697809528e-01 
 5.5800000000000001e+00 2.0678721183555610e-01 
 5.5899999999999999e+00 2.0655255006098927e-01 
 5.6000000000000005e+00 2.0585418066139838e-01 
 5.6100000000000003e+00 2.0482091504038033e-01 
 5.6200000000000001e+00 2.0361267339526348e-01 
 5.6299999999999999e+00 2.0224198792364897e-01 
 5.6399999999999997e+00 2.0072139082313797e-01 
 5.6500000000000004e+00 1.9906341429133151e-01 
 5.6600000000000001e+00 1.9728059052583097e-01 
 5.6699999999999999e+00 1.9538545172423741e-01 
 5.6799999999999997e+00 1.9339053008415197e-01 
 5.6900000000000004e+00 1.9130835780317562e-01 
 5.7000000000000002e+00 1.8915146707890990e-01 
 5.7100000000000000e+00 1.8693239010895574e-01 
 5.7199999999999998e+00 1.8466365909091434e-01 
 5.7300000000000004e+00 1.8235780622238662e-01 
 5.7400000000000002e+00 1.8002736370097416e-01 
 5.7500000000000000e+00 1.7768486372427791e-01 
 5.7599999999999998e+00 1.7534283848989901e-01 
 5.7700000000000005e+00 1.7301382019543843e-01 
 5.7800000000000002e+00 1.7071034103849769e-01 
 5.7900000000000000e+00 1.6844493321667781e-01 
 5.7999999999999998e+00 1.6623012892757991e-01 
 5.8100000000000005e+00 1.6400000230421855e-01 
 5.8200000000000003e+00 1.6168783820275195e-01 
 5.8300000000000001e+00 1.5930498490549566e-01 
 5.8399999999999999e+00 1.5686279069476533e-01 
 5.8500000000000005e+00 1.5437260385287646e-01 
 5.8600000000000003e+00 1.5184577266214525e-01 
 5.8700000000000001e+00 1.4929364540488713e-01 
 5.8799999999999999e+00 1.4672757036341783e-01 
 5.8899999999999997e+00 1.4415889582005309e-01 
 5.9000000000000004e+00 1.4159897005710834e-01 
 5.9100000000000001e+00 1.3905914135689978e-01 
 5.9199999999999999e+00 1.3655075800174288e-01 
 5.9299999999999997e+00 1.3408516827395334e-01 
 5.9400000000000004e+00 1.3167372045584669e-01 
 5.9500000000000002e+00 1.2932776282973904e-01 
 5.9600000000000000e+00 1.2705864367794589e-01 
 5.9699999999999998e+00 1.2487771128278294e-01 
 5.9800000000000004e+00 1.2279631392656574e-01 
 5.9900000000000002e+00 1.2082579989161035e-01 
 6.0000000000000000e+00 1.1897751746023233e-01 
 6.0099999999999998e+00 1.1740556916694019e-01 
 6.0200000000000005e+00 1.1624010191117183e-01 
 6.0300000000000002e+00 1.1545653052263728e-01 
 6.0400000000000000e+00 1.1503026983104625e-01 
 6.0499999999999998e+00 1.1493673466610851e-01 
 6.0600000000000005e+00 1.1515133985753397e-01 
 6.0700000000000003e+00 1.1564950023503234e-01 
 6.0800000000000001e+00 1.1640663062831350e-01 
 6.0899999999999999e+00 1.1739814586708723e-01 
 6.1000000000000005e+00 1.1859946078106347e-01 
 6.1100000000000003e+00 1.1998599019995182e-01 
 6.1200000000000001e+00 1.2153314895346221e-01 
 6.1299999999999999e+00 1.2321635187130443e-01 
 6.1400000000000006e+00 1.2501101378318849e-01 
 6.1500000000000004e+00 1.2689254951882387e-01 
 6.1600000000000001e+00 1.2883637390792052e-01 
 6.1699999999999999e+00 1.3081790178018826e-01 
 6.1799999999999997e+00 1.3281254796533695e-01 
 6.1900000000000004e+00 1.3479572729307657e-01 
 6.2000000000000002e+00 1.3674285459311653e-01 
 6.2100000000000000e+00 1.3877454146651305e-01 
 6.2199999999999998e+00 1.4101211596704027e-01 
 6.2300000000000004e+00 1.4343206760348551e-01 
 6.2400000000000002e+00 1.4601088588463543e-01 
 6.2500000000000000e+00 1.4872506031927729e-01 
 6.2599999999999998e+00 1.5155108041619819e-01 
 6.2700000000000005e+00 1.5446543568418544e-01 
 6.2800000000000002e+00 1.5744461563202564e-01 
 6.2900000000000000e+00 1.6046510976850609e-01 
 6.2999999999999998e+00 1.6350340760241391e-01 
 6.3100000000000005e+00 1.6653599864253640e-01 
 6.3200000000000003e+00 1.6953937239766015e-01 
 6.3300000000000001e+00 1.7249001837657243e-01 
 6.3399999999999999e+00 1.7536442608806041e-01 
 6.3500000000000005e+00 1.7813908504091136e-01 
 6.3600000000000003e+00 1.8079048474391188e-01 
 6.3700000000000001e+00 1.8329511470584930e-01 
 6.3799999999999999e+00 1.8562946443551070e-01 
 6.3900000000000006e+00 1.8777002344168331e-01 
 6.4000000000000004e+00 1.8969328123315388e-01 
 6.4100000000000001e+00 1.9148417432063924e-01 
 6.4199999999999999e+00 1.9323142663712117e-01 
 6.4299999999999997e+00 1.9491720882478444e-01 
 6.4400000000000004e+00 1.9652369152581387e-01 
 6.4500000000000002e+00 1.9803304538239391e-01 
 6.4600000000000000e+00 1.9942744103670948e-01 
 6.4699999999999998e+00 2.0068904913094526e-01 
 6.4800000000000004e+00 2.0180004030728610e-01 
 6.4900000000000002e+00 2.0274258520791655e-01 
 6.5000000000000000e+00 2.0349885447502142e-01 
 6.5099999999999998e+00 2.0405101875078543e-01 
 6.5200000000000005e+00 2.0438124867739338e-01 
 6.5300000000000002e+00 2.0447171489702989e-01 
 6.5400000000000000e+00 2.0430458805187976e-01 
 6.5499999999999998e+00 2.0386203878412773e-01 
 6.5600000000000005e+00 2.0312623773595842e-01 
 6.5700000000000003e+00 2.0207935554955669e-01 
 6.5800000000000001e+00 2.0070356286710728e-01 
 6.5899999999999999e+00 1.9898103033079487e-01 
 6.6000000000000005e+00 1.9689392858280397e-01 
 6.6100000000000003e+00 1.9457231718463627e-01 
 6.6200000000000001e+00 1.9216376014967401e-01 
 6.6299999999999999e+00 1.8967668479792366e-01 
 6.6400000000000006e+00 1.8711951844939151e-01 
 6.6500000000000004e+00 1.8450068842408446e-01 
 6.6600000000000001e+00 1.8182862204200878e-01 
 6.6699999999999999e+00 1.7911174662317098e-01 
 6.6799999999999997e+00 1.7635848948757746e-01 
 6.6900000000000004e+00 1.7357727795523453e-01 
 6.7000000000000002e+00 1.7077653934614914e-01 
 6.7100000000000000e+00 1.6796470098032751e-01 
 6.7199999999999998e+00 1.6515019017777613e-01 
 6.7300000000000004e+00 1.6234143425850123e-01 
 6.7400000000000002e+00 1.5954686054250983e-01 
 6.7500000000000000e+00 1.5677489634980807e-01 
 6.7599999999999998e+00 1.5403396900040253e-01 
 6.7700000000000005e+00 1.5133250581429938e-01 
 6.7800000000000002e+00 1.4867893411150562e-01 
 6.7900000000000000e+00 1.4608168121202750e-01 
 6.7999999999999998e+00 1.4354917443587145e-01 
 6.8100000000000005e+00 1.4104414141500954e-01 
 6.8200000000000003e+00 1.3852710662858350e-01 
 6.8300000000000001e+00 1.3600319266735320e-01 
 6.8399999999999999e+00 1.3347752212207870e-01 
 6.8500000000000005e+00 1.3095521758351980e-01 
 6.8600000000000003e+00 1.2844140164243709e-01 
 6.8700000000000001e+00 1.2594119688959032e-01 
 6.8799999999999999e+00 1.2345972591573966e-01 
 6.8900000000000006e+00 1.2100211131164489e-01 
 6.9000000000000004e+00 1.1857347566806653e-01 
 6.9100000000000001e+00 1.1617894157576443e-01 
 6.9199999999999999e+00 1.1382363162549866e-01 
 6.9299999999999997e+00 1.1151266840802929e-01 
 6.9400000000000004e+00 1.0925117451411619e-01 
 6.9500000000000002e+00 1.0704427253451981e-01 
 6.9600000000000000e+00 1.0489708506000003e-01 
 6.9699999999999998e+00 1.0281473468131691e-01 
 6.9800000000000004e+00 1.0080234398923035e-01 
 6.9900000000000002e+00 9.8865035574500770e-02 
 7.0000000000000000e+00 9.7007932027888044e-02 
 7.0099999999999998e+00 9.5382061859880310e-02 
 7.0200000000000005e+00 9.4121704395700223e-02 
 7.0300000000000002e+00 9.3206858448210084e-02 
 7.0400000000000000e+00 9.2617522830271831e-02 
 7.0499999999999998e+00 9.2333696354747488e-02 
 7.0600000000000005e+00 9.2335377834499160e-02 
 7.0700000000000003e+00 9.2602566082388885e-02 
 7.0800000000000001e+00 9.3115259911278725e-02 
 7.0899999999999999e+00 9.3853458134030732e-02 
 7.1000000000000005e+00 9.4797159563507052e-02 
 7.1100000000000003e+00 9.5926363012569585e-02 
 7.1200000000000001e+00 9.7221067294080463e-02 
 7.1299999999999999e+00 9.8661271220901736e-02 
 7.1400000000000006e+00 1.0022697360589562e-01 
 7.1500000000000004e+00 1.0189817326192388e-01 
 7.1600000000000001e+00 1.0365486900184874e-01 
 7.1699999999999999e+00 1.0547705963853221e-01 
 7.1799999999999997e+00 1.0734474398483640e-01 
 7.1900000000000004e+00 1.0923792085362349e-01 
 7.2000000000000002e+00 1.1113658905775525e-01 
 7.2100000000000000e+00 1.1310967339639448e-01 
 7.2199999999999998e+00 1.1522807639342285e-01 
 7.2300000000000004e+00 1.1747476344878120e-01 
 7.2400000000000002e+00 1.1983269996240971e-01 
 7.2500000000000000e+00 1.2228485133424920e-01 
 7.2599999999999998e+00 1.2481418296424024e-01 
 7.2700000000000005e+00 1.2740366025232369e-01 
 7.2800000000000002e+00 1.3003624859843971e-01 
 7.2900000000000000e+00 1.3269491340252909e-01 
 7.2999999999999998e+00 1.3536262006453245e-01 
 7.3100000000000005e+00 1.3802233398439062e-01 
 7.3200000000000003e+00 1.4065702056204377e-01 
 7.3300000000000001e+00 1.4324964519743266e-01 
 7.3399999999999999e+00 1.4578317329049800e-01 
 7.3500000000000005e+00 1.4824057024118051e-01 
 7.3600000000000003e+00 1.5060480144942040e-01 
 7.3700000000000001e+00 1.5285883231515851e-01 
 7.3799999999999999e+00 1.5498562823833542e-01 
 7.3900000000000006e+00 1.5696815461889188e-01 
 7.4000000000000004e+00 1.5878937685676819e-01 
 7.4100000000000001e+00 1.6051597982783225e-01 
 7.4199999999999999e+00 1.6222145795178944e-01 
 7.4299999999999997e+00 1.6389899094433688e-01 
 7.4400000000000004e+00 1.6554175852117178e-01 
 7.4500000000000002e+00 1.6714294039799096e-01 
 7.4600000000000000e+00 1.6869571629049165e-01 
 7.4699999999999998e+00 1.7019326591437095e-01 
 7.4800000000000004e+00 1.7162876898532603e-01 
 7.4900000000000002e+00 1.7299540521905377e-01 
 7.5000000000000000e+00 1.7428635433125139e-01 
 7.5099999999999998e+00 1.7549479603761595e-01 
 7.5200000000000005e+00 1.7661391005384466e-01 
 7.5300000000000002e+00 1.7763687609563442e-01 
 7.5400000000000000e+00 1.7855687387868238e-01 
 7.5499999999999998e+00 1.7936708311868566e-01 
 7.5600000000000005e+00 1.8006068353134141e-01 
 7.5700000000000003e+00 1.8063085483234659e-01 
 7.5800000000000001e+00 1.8107077673739838e-01 
 7.5899999999999999e+00 1.8137362896219383e-01 
 7.6000000000000005e+00 1.8153259122243004e-01 
 7.6100000000000003e+00 1.8155302474558754e-01 
 7.6200000000000001e+00 1.8145317283722198e-01 
 7.6299999999999999e+00 1.8124553833014320e-01 
 7.6400000000000006e+00 1.8094262405716099e-01 
 7.6500000000000004e+00 1.8055693285108518e-01 
 7.6600000000000001e+00 1.8010096754472560e-01 
 7.6699999999999999e+00 1.7958723097089202e-01 
 7.6799999999999997e+00 1.7902822596239429e-01 
 7.6900000000000004e+00 1.7843645535204217e-01 
 7.7000000000000002e+00 1.7782442197264556e-01 
 7.7100000000000000e+00 1.7720462865701422e-01 
 7.7199999999999998e+00 1.7658957823795798e-01 
 7.7300000000000004e+00 1.7599177354828660e-01 
 7.7400000000000002e+00 1.7542371742080998e-01 
 7.7500000000000000e+00 1.7489791268833788e-01 
 7.7599999999999998e+00 1.7442686218368014e-01 
 7.7700000000000005e+00 1.7402306873964654e-01 
 7.7800000000000002e+00 1.7369903518904692e-01 
 7.7900000000000000e+00 1.7346726436469112e-01 
 7.7999999999999998e+00 1.7334025909938888e-01 
 7.8100000000000005e+00 1.7327655564185049e-01 
 7.8200000000000003e+00 1.7322752195461719e-01 
 7.8300000000000001e+00 1.7319490844124547e-01 
 7.8399999999999999e+00 1.7318046550529173e-01 
 7.8500000000000005e+00 1.7318594355031244e-01 
 7.8600000000000003e+00 1.7321309297986406e-01 
 7.8700000000000001e+00 1.7326366419750303e-01 
 7.8799999999999999e+00 1.7333940760678576e-01 
 7.8900000000000006e+00 1.7344207361126876e-01 
 7.9000000000000004e+00 1.7357341261450843e-01 
 7.9100000000000001e+00 1.7373517502006122e-01 
 7.9199999999999999e+00 1.7392911123148361e-01 
 7.9300000000000006e+00 1.7415697165233202e-01 
 7.9400000000000004e+00 1.7442050668616291e-01 
 7.9500000000000002e+00 1.7472146673653269e-01 
 7.9600000000000000e+00 1.7506160220699785e-01 
 7.9699999999999998e+00 1.7544266350111482e-01 
 7.9800000000000004e+00 1.7586640102244008e-01 
 7.9900000000000002e+00 1.7633456517453000e-01 
 8.0000000000000000e+00 1.7684890636094108e-01 
 8.0099999999999998e+00 1.7747837918118589e-01 
 8.0199999999999996e+00 1.7827950410847976e-01 
 8.0299999999999994e+00 1.7923538035693326e-01 
 8.0400000000000009e+00 1.8032910714065717e-01 
 8.0500000000000007e+00 1.8154378367376173e-01 
 8.0600000000000005e+00 1.8286250917035768e-01 
 8.0700000000000003e+00 1.8426838284455560e-01 
 8.0800000000000001e+00 1.8574450391046610e-01 
 8.0899999999999999e+00 1.8727397158219974e-01 
 8.0999999999999996e+00 1.8883988507386715e-01 
 8.1099999999999994e+00 1.9042534359957883e-01 
 8.1200000000000010e+00 1.9201344637344572e-01 
 8.1300000000000008e+00 1.9358729260957783e-01 
 8.1400000000000006e+00 1.9512998152208599e-01 
 8.1500000000000004e+00 1.9662461232508086e-01 
 8.1600000000000001e+00 1.9805428423267293e-01 
 8.1699999999999999e+00 1.9940209645897286e-01 
 8.1799999999999997e+00 2.0065114821809119e-01 
 8.1899999999999995e+00 2.0178453872413854e-01 
 8.1999999999999993e+00 2.0278536719122547e-01 
 8.2100000000000009e+00 2.0373355809273044e-01 
 8.2200000000000006e+00 2.0470722916110085e-01 
 8.2300000000000004e+00 2.0568676949905146e-01 
 8.2400000000000002e+00 2.0665256820929687e-01 
 8.2500000000000000e+00 2.0758501439455171e-01 
 8.2599999999999998e+00 2.0846449715753063e-01 
 8.2699999999999996e+00 2.0927140560094817e-01 
 8.2799999999999994e+00 2.0998612882751905e-01 
 8.2900000000000009e+00 2.1058905593995789e-01 
 8.3000000000000007e+00 2.1106057604097914e-01 
 8.3100000000000005e+00 2.1138107823329752e-01 
 8.3200000000000003e+00 2.1153095161962765e-01 
 8.3300000000000001e+00 2.1149058530268416e-01 
 8.3399999999999999e+00 2.1124036838518162e-01 
 8.3499999999999996e+00 2.1076068996983471e-01 
 8.3599999999999994e+00 2.1003193915935803e-01 
 8.3700000000000010e+00 2.0903450505646595e-01 
 8.3800000000000008e+00 2.0774877676387349e-01 
 8.3900000000000006e+00 2.0615514338429511e-01 
 8.4000000000000004e+00 2.0423399402044540e-01 
 8.4100000000000001e+00 2.0210407700303476e-01 
 8.4199999999999999e+00 1.9990061209751761e-01 
 8.4299999999999997e+00 1.9762869555872462e-01 
 8.4399999999999995e+00 1.9529342364148647e-01 
 8.4499999999999993e+00 1.9289989260063384e-01 
 8.4600000000000009e+00 1.9045319869099697e-01 
 8.4700000000000006e+00 1.8795843816740740e-01 
 8.4800000000000004e+00 1.8542070728469540e-01 
 8.4900000000000002e+00 1.8284510229769160e-01 
 8.5000000000000000e+00 1.8023671946122671e-01 
 8.5099999999999998e+00 1.7760065503013142e-01 
 8.5199999999999996e+00 1.7494200525923637e-01 
 8.5299999999999994e+00 1.7226586640337227e-01 
 8.5400000000000009e+00 1.6957733471736930e-01 
 8.5500000000000007e+00 1.6688150645605909e-01 
 8.5600000000000005e+00 1.6418347787427187e-01 
 8.5700000000000003e+00 1.6148834522683828e-01 
 8.5800000000000001e+00 1.5880120476858900e-01 
 8.5899999999999999e+00 1.5612715275435474e-01 
 8.5999999999999996e+00 1.5347128543896615e-01 
 8.6099999999999994e+00 1.5080089838642960e-01 
 8.6200000000000010e+00 1.4808368339537026e-01 
 8.6300000000000008e+00 1.4532533107254869e-01 
 8.6400000000000006e+00 1.4253153202472410e-01 
 8.6500000000000004e+00 1.3970797685865610e-01 
 8.6600000000000001e+00 1.3686035618110431e-01 
 8.6699999999999999e+00 1.3399436059882838e-01 
 8.6799999999999997e+00 1.3111568071858795e-01 
 8.6899999999999995e+00 1.2823000714714261e-01 
 8.7000000000000011e+00 1.2534303049125151e-01 
 8.7100000000000009e+00 1.2246044135767528e-01 
 8.7200000000000006e+00 1.1958793035317307e-01 
 8.7300000000000004e+00 1.1673118808450450e-01 
 8.7400000000000002e+00 1.1389590515842921e-01 
 8.7500000000000000e+00 1.1108777218170680e-01 
 8.7599999999999998e+00 1.0831247976109695e-01 
 8.7699999999999996e+00 1.0557571850335923e-01 
 8.7799999999999994e+00 1.0288317901525332e-01 
 8.7900000000000009e+00 1.0024055190353837e-01 
 8.8000000000000007e+00 9.7653527774974935e-02 
 8.8100000000000005e+00 9.5289554018447825e-02 
 8.8200000000000003e+00 9.3306588015317479e-02 
 8.8300000000000001e+00 9.1696085361056279e-02 
 8.8399999999999999e+00 9.0449501651136618e-02 
 8.8499999999999996e+00 8.9558292481030921e-02 
 8.8599999999999994e+00 8.9013913446211568e-02 
 8.8700000000000010e+00 8.8807820142150967e-02 
 8.8800000000000008e+00 8.8931468164321570e-02 
 8.8900000000000006e+00 8.9376313108195729e-02 
 8.9000000000000004e+00 9.0133810569245840e-02 
 8.9100000000000001e+00 9.1195416142944297e-02 
 8.9199999999999999e+00 9.2552585424763509e-02 
 8.9299999999999997e+00 9.4196774010175857e-02 
 8.9399999999999995e+00 9.6119437494653764e-02 
 8.9500000000000011e+00 9.8312031473670042e-02 
 8.9600000000000009e+00 1.0076601154269629e-01 
 8.9700000000000006e+00 1.0347283329720529e-01 
 8.9800000000000004e+00 1.0642395233266944e-01 
 8.9900000000000002e+00 1.0961082424456114e-01 
 9.0000000000000000e+00 1.1302490462835280e-01 
 9.0099999999999998e+00 1.1665262784697202e-01 
 9.0199999999999996e+00 1.2047333674633641e-01 
 9.0299999999999994e+00 1.2446784964640333e-01 
 9.0400000000000009e+00 1.2861698486713088e-01 
 9.0500000000000007e+00 1.3290156072847498e-01 
 9.0600000000000005e+00 1.3730239555039367e-01 
 9.0700000000000003e+00 1.4180030765284435e-01 
 9.0800000000000001e+00 1.4637611535578432e-01 
 9.0899999999999999e+00 1.5101063697917103e-01 
 9.0999999999999996e+00 1.5568469084296177e-01 
 9.1099999999999994e+00 1.6037909526711391e-01 
 9.1200000000000010e+00 1.6507466857158568e-01 
 9.1300000000000008e+00 1.6975222907633275e-01 
 9.1400000000000006e+00 1.7439259510131330e-01 
 9.1500000000000004e+00 1.7897658496648469e-01 
 9.1600000000000001e+00 1.8348501699180431e-01 
 9.1699999999999999e+00 1.8789870949722950e-01 
 9.1799999999999997e+00 1.9219848080271762e-01 
 9.1899999999999995e+00 1.9636514922822604e-01 
 9.2000000000000011e+00 2.0037953309371281e-01 
 9.2100000000000009e+00 2.0430328076313425e-01 
 9.2200000000000006e+00 2.0820566381641012e-01 
 9.2300000000000004e+00 2.1207893539743980e-01 
 9.2400000000000002e+00 2.1591534865012268e-01 
 9.2500000000000000e+00 2.1970715671835811e-01 
 9.2599999999999998e+00 2.2344661274604549e-01 
 9.2699999999999996e+00 2.2712596987708417e-01 
 9.2799999999999994e+00 2.3073748125537352e-01 
 9.2900000000000009e+00 2.3427340002481353e-01 
 9.3000000000000007e+00 2.3772597932930234e-01 
 9.3100000000000005e+00 2.4108747231273991e-01 
 9.3200000000000003e+00 2.4435013211902568e-01 
 9.3300000000000001e+00 2.4750621189205899e-01 
 9.3399999999999999e+00 2.5054796477573915e-01 
 9.3499999999999996e+00 2.5346764391396565e-01 
 9.3599999999999994e+00 2.5625750245063778e-01 
 9.3700000000000010e+00 2.5890979352965537e-01 
 9.3800000000000008e+00 2.6141677029491689e-01 
 9.3900000000000006e+00 2.6377068589032221e-01 
 9.4000000000000004e+00 2.6596379345977061e-01 
 9.4100000000000001e+00 2.6779496804023101e-01 
 9.4199999999999999e+00 2.6908255571658857e-01 
 9.4299999999999997e+00 2.6984801620461740e-01 
 9.4399999999999995e+00 2.7011280922009162e-01 
 9.4500000000000011e+00 2.6989839447878505e-01 
 9.4600000000000009e+00 2.6922623169647192e-01 
 9.4700000000000006e+00 2.6811778058892627e-01 
 9.4800000000000004e+00 2.6659450087192216e-01 
 9.4900000000000002e+00 2.6467785226123364e-01 
 9.5000000000000000e+00 2.6238929447263470e-01 
 9.5099999999999998e+00 2.5975028722189947e-01 
 9.5199999999999996e+00 2.5678229022480192e-01 
 9.5299999999999994e+00 2.5350676319711618e-01 
 9.5400000000000009e+00 2.4994516585461560e-01 
 9.5500000000000007e+00 2.4611895791307550e-01 
 9.5600000000000005e+00 2.4204959908826934e-01 
 9.5700000000000003e+00 2.3775854909597116e-01 
 9.5800000000000001e+00 2.3326726765195502e-01 
 9.5899999999999999e+00 2.2859721447199496e-01 
 9.5999999999999996e+00 2.2376984927186502e-01 
 9.6099999999999994e+00 2.1871926433932828e-01 
 9.6200000000000010e+00 2.1338518779786683e-01 
 9.6300000000000008e+00 2.0779753311683671e-01 
 9.6400000000000006e+00 2.0198621376559112e-01 
 9.6500000000000004e+00 1.9598114321348420e-01 
 9.6600000000000001e+00 1.8981223492987015e-01 
 9.6699999999999999e+00 1.8350940238410302e-01 
 9.6799999999999997e+00 1.7710255904553701e-01 
 9.6899999999999995e+00 1.7062161838352624e-01 
 9.7000000000000011e+00 1.6409649386742370e-01 
 9.7100000000000009e+00 1.5755709896658587e-01 
 9.7200000000000006e+00 1.5103334715036570e-01 
 9.7300000000000004e+00 1.4455515188811732e-01 
 9.7400000000000002e+00 1.3815242664919494e-01 
 9.7500000000000000e+00 1.3185508490295264e-01 
 9.7599999999999998e+00 1.2569304011874458e-01 
 9.7699999999999996e+00 1.1969620576592492e-01 
 9.7799999999999994e+00 1.1389449531384775e-01 
 9.7900000000000009e+00 1.0831782223186630e-01 
 9.8000000000000007e+00 1.0299609998933668e-01 
 9.8100000000000005e+00 9.7832582522314929e-02 
 9.8200000000000003e+00 9.2720398826721090e-02 
 9.8300000000000001e+00 8.7674274961703796e-02 
 9.8399999999999999e+00 8.2708936986411630e-02 
 9.8499999999999996e+00 7.7839110959993241e-02 
 9.8599999999999994e+00 7.3079522941597197e-02 
 9.8700000000000010e+00 6.8444898990371303e-02 
 9.8800000000000008e+00 6.3949965165465833e-02 
 9.8900000000000006e+00 5.9609447526028557e-02 
 9.9000000000000004e+00 5.5438072131208084e-02 
 9.9100000000000001e+00 5.1450565040153017e-02 
 9.9199999999999999e+00 4.7661652312011971e-02 
 9.9299999999999997e+00 4.4086060005933556e-02 
 9.9399999999999995e+00 4.0738514181066381e-02 
 9.9500000000000011e+00 3.7633740896558521e-02 
 9.9600000000000009e+00 3.4786466211559688e-02 
 9.9700000000000006e+00 3.2211416185217931e-02 
 9.9800000000000004e+00 2.9923316876681871e-02 
 9.9900000000000002e+00 2.7936894345100077e-02 
 1.0000000000000000e+01 2.6266874649621186e-02 
 1.0010000000000000e+01 2.5013854538510908e-02 
 1.0020000000000000e+01 2.4255882312633467e-02 
 1.0029999999999999e+01 2.3973861360035247e-02 
 1.0039999999999999e+01 2.4148695068762636e-02 
 1.0049999999999999e+01 2.4761286826862017e-02 
 1.0060000000000000e+01 2.5792540022379993e-02 
 1.0070000000000000e+01 2.7223358043362580e-02 
 1.0080000000000000e+01 2.9034644277856313e-02 
 1.0090000000000000e+01 3.1207302113907574e-02 
 1.0100000000000000e+01 3.3722234939562744e-02 
 1.0109999999999999e+01 3.6560346142868211e-02 
 1.0119999999999999e+01 3.9702539111870355e-02 
 1.0129999999999999e+01 4.3129717234615568e-02 
 1.0140000000000001e+01 4.6822783899150920e-02 
 1.0150000000000000e+01 5.0762642493521457e-02 
 1.0160000000000000e+01 5.4930196405774206e-02 
 1.0170000000000000e+01 5.9306349023955568e-02 
 1.0180000000000000e+01 6.3872003736111932e-02 
 1.0190000000000000e+01 6.8608063930289648e-02 
 1.0199999999999999e+01 7.3495432994535120e-02 
 1.0209999999999999e+01 7.8603010189050915e-02 
 1.0220000000000001e+01 8.3991828927232504e-02 
 1.0230000000000000e+01 8.9630993826911975e-02 
 1.0240000000000000e+01 9.5489609505924292e-02 
 1.0250000000000000e+01 1.0153678058210353e-01 
 1.0260000000000000e+01 1.0774161167328369e-01 
 1.0270000000000000e+01 1.1407320739729884e-01 
 1.0279999999999999e+01 1.2050067237198303e-01 
 1.0289999999999999e+01 1.2699311121517029e-01 
 1.0299999999999999e+01 1.3351962854469465e-01 
 1.0310000000000000e+01 1.4004932897839134e-01 
 1.0320000000000000e+01 1.4655131713409206e-01 
 1.0330000000000000e+01 1.5299469762963200e-01 
 1.0340000000000000e+01 1.5934857508284522e-01 
 1.0350000000000000e+01 1.6558205411156579e-01 
 1.0359999999999999e+01 1.7166423933362768e-01 
 1.0369999999999999e+01 1.7756423536686500e-01 
 1.0379999999999999e+01 1.8325114682911176e-01 
 1.0390000000000001e+01 1.8869407833820290e-01 
 1.0400000000000000e+01 1.9386213451197065e-01 
 1.0410000000000000e+01 1.9885747502733209e-01 
 1.0420000000000000e+01 2.0379193147619748e-01 
 1.0430000000000000e+01 2.0864911634889188e-01 
 1.0440000000000000e+01 2.1341264213574032e-01 
 1.0449999999999999e+01 2.1806612132706790e-01 
 1.0459999999999999e+01 2.2259316641319962e-01 
 1.0470000000000001e+01 2.2697738988446137e-01 
 1.0480000000000000e+01 2.3120240423117655e-01 
 1.0490000000000000e+01 2.3525182194367111e-01 
 1.0500000000000000e+01 2.3910925551227005e-01 
 1.0510000000000000e+01 2.4275831742729845e-01 
 1.0520000000000000e+01 2.4618262017908135e-01 
 1.0529999999999999e+01 2.4936577625794382e-01 
 1.0539999999999999e+01 2.5229139815421092e-01 
 1.0549999999999999e+01 2.5494309835820766e-01 
 1.0560000000000000e+01 2.5730448936025951e-01 
 1.0570000000000000e+01 2.5935918365069077e-01 
 1.0580000000000000e+01 2.6109079371982685e-01 
 1.0590000000000000e+01 2.6248293205799283e-01 
 1.0600000000000000e+01 2.6351921115551380e-01 
 1.0609999999999999e+01 2.6417911814373546e-01 
 1.0619999999999999e+01 2.6446207582297787e-01 
 1.0629999999999999e+01 2.6438160018702739e-01 
 1.0640000000000001e+01 2.6395120722967025e-01 
 1.0650000000000000e+01 2.6318441294469308e-01 
 1.0660000000000000e+01 2.6209473332588207e-01 
 1.0670000000000000e+01 2.6069568436702367e-01 
 1.0680000000000000e+01 2.5900078206190430e-01 
 1.0690000000000000e+01 2.5702354240431025e-01 
 1.0699999999999999e+01 2.5477748138802792e-01 
 1.0709999999999999e+01 2.5227611500684366e-01 
 1.0720000000000001e+01 2.4953295925454336e-01 
 1.0730000000000000e+01 2.4656153012491436e-01 
 1.0740000000000000e+01 2.4337534361174257e-01 
 1.0750000000000000e+01 2.3998791570881439e-01 
 1.0760000000000000e+01 2.3641276240991616e-01 
 1.0770000000000000e+01 2.3266339970883426e-01 
 1.0779999999999999e+01 2.2875334359935504e-01 
 1.0789999999999999e+01 2.2469611007526491e-01 
 1.0799999999999999e+01 2.2050521513035024e-01 
 1.0810000000000000e+01 2.1613481426497339e-01 
 1.0820000000000000e+01 2.1154637287550021e-01 
 1.0830000000000000e+01 2.0676437179971799e-01 
 1.0840000000000000e+01 2.0181329187541475e-01 
 1.0850000000000000e+01 1.9671761394037859e-01 
 1.0859999999999999e+01 1.9150181883239759e-01 
 1.0869999999999999e+01 1.8619038738925972e-01 
 1.0879999999999999e+01 1.8080780044875311e-01 
 1.0890000000000001e+01 1.7537853884866483e-01 
 1.0900000000000000e+01 1.6992708342678486e-01 
 1.0910000000000000e+01 1.6447791502090028e-01 
 1.0920000000000000e+01 1.5905551446879920e-01 
 1.0930000000000000e+01 1.5368436260826962e-01 
 1.0940000000000000e+01 1.4838894027709965e-01 
 1.0949999999999999e+01 1.4319372831307728e-01 
 1.0959999999999999e+01 1.3812320755399060e-01 
 1.0970000000000001e+01 1.3320185883762681e-01 
 1.0980000000000000e+01 1.2845416300177573e-01 
 1.0990000000000000e+01 1.2390460088422449e-01 
 1.1000000000000000e+01 1.1957765332276116e-01 
 1.1010000000000000e+01 1.1539905920243261e-01 
 1.1020000000000000e+01 1.1128569573234262e-01 
 1.1029999999999999e+01 1.0724875123636468e-01 
 1.1039999999999999e+01 1.0329941403837226e-01 
 1.1049999999999999e+01 9.9448872462238852e-02 
 1.1060000000000000e+01 9.5708314831837296e-02 
 1.1070000000000000e+01 9.2088929471042386e-02 
 1.1080000000000000e+01 8.8601904703726961e-02 
 1.1090000000000000e+01 8.5258428853764473e-02 
 1.1100000000000000e+01 8.2069690245028443e-02 
 1.1109999999999999e+01 7.9046877201392321e-02 
 1.1119999999999999e+01 7.6201178046729601e-02 
 1.1129999999999999e+01 7.3543781104913802e-02 
 1.1140000000000001e+01 7.1085874699817933e-02 
 1.1150000000000000e+01 6.8838647155316401e-02 
 1.1160000000000000e+01 6.6813286795282201e-02 
 1.1170000000000000e+01 6.5020981943588851e-02 
 1.1180000000000000e+01 6.3472920924109805e-02 
 1.1190000000000000e+01 6.2180292060718574e-02 
 1.1199999999999999e+01 6.1154283677288632e-02 
 1.1209999999999999e+01 6.0402604744226693e-02 
 1.1220000000000001e+01 5.9921947967858540e-02 
 1.1230000000000000e+01 5.9706977275936553e-02 
 1.1240000000000000e+01 5.9752356596212836e-02 
 1.1250000000000000e+01 6.0052749856439581e-02 
 1.1260000000000000e+01 6.0602820984369005e-02 
 1.1270000000000000e+01 6.1397233907753312e-02 
 1.1279999999999999e+01 6.2430652554344705e-02 
 1.1289999999999999e+01 6.3697740851895390e-02 
 1.1299999999999999e+01 6.5193162728157575e-02 
 1.1310000000000000e+01 6.6911582110883772e-02 
 1.1320000000000000e+01 6.8847662927825598e-02 
 1.1330000000000000e+01 7.0996069106735546e-02 
 1.1340000000000000e+01 7.3351464575365802e-02 
 1.1350000000000000e+01 7.5908513261468566e-02 
 1.1359999999999999e+01 7.8661879092796066e-02 
 1.1369999999999999e+01 8.1606225997100518e-02 
 1.1379999999999999e+01 8.4736217902134078e-02 
 1.1390000000000001e+01 8.8046518735649601e-02 
 1.1400000000000000e+01 9.1531792425398106e-02 
 1.1410000000000000e+01 9.5169697113181129e-02 
 1.1420000000000000e+01 9.8932263851514962e-02 
 1.1430000000000000e+01 1.0280571593422476e-01 
 1.1440000000000000e+01 1.0677627665513570e-01 
 1.1449999999999999e+01 1.1083016930807292e-01 
 1.1459999999999999e+01 1.1495361718686160e-01 
 1.1470000000000001e+01 1.1913284358532764e-01 
 1.1480000000000000e+01 1.2335407179729468e-01 
 1.1490000000000000e+01 1.2760352511658868e-01 
 1.1500000000000000e+01 1.3186742683703476e-01 
 1.1510000000000000e+01 1.3613200025245809e-01 
 1.1520000000000000e+01 1.4038346865668383e-01 
 1.1529999999999999e+01 1.4460805534353713e-01 
 1.1539999999999999e+01 1.4879198360684315e-01 
 1.1550000000000001e+01 1.5292147674042778e-01 
 1.1560000000000000e+01 1.5698275803811473e-01 
 1.1570000000000000e+01 1.6096205079372988e-01 
 1.1580000000000000e+01 1.6484557830109842e-01 
 1.1590000000000000e+01 1.6861956385404545e-01 
 1.1600000000000000e+01 1.7227023074639616e-01 
 1.1609999999999999e+01 1.7584078160321626e-01 
 1.1619999999999999e+01 1.7938067365465554e-01 
 1.1629999999999999e+01 1.8288551210216542e-01 
 1.1640000000000001e+01 1.8635090214719788e-01 
 1.1650000000000000e+01 1.8977244899120305e-01 
 1.1660000000000000e+01 1.9314575783563293e-01 
 1.1670000000000000e+01 1.9646643388193891e-01 
 1.1680000000000000e+01 1.9973008233157233e-01 
 1.1690000000000000e+01 2.0293230838598461e-01 
 1.1699999999999999e+01 2.0606871724662712e-01 
 1.1709999999999999e+01 2.0913491411495119e-01 
 1.1720000000000001e+01 2.1212650419240878e-01 
 1.1730000000000000e+01 2.1503909268045013e-01 
 1.1740000000000000e+01 2.1786828478052722e-01 
 1.1750000000000000e+01 2.2060968569409142e-01 
 1.1760000000000000e+01 2.2325890062259407e-01 
 1.1770000000000000e+01 2.2581153476748655e-01 
 1.1779999999999999e+01 2.2826319333022027e-01 
 1.1789999999999999e+01 2.3060948151224658e-01 
 1.1800000000000001e+01 2.3284600451501725e-01 
 1.1810000000000000e+01 2.3491721951003255e-01 
 1.1820000000000000e+01 2.3676983930459305e-01 
 1.1830000000000000e+01 2.3840285255384869e-01 
 1.1840000000000000e+01 2.3981524791294942e-01 
 1.1850000000000000e+01 2.4100601403704516e-01 
 1.1859999999999999e+01 2.4197413958128589e-01 
 1.1869999999999999e+01 2.4271861320082150e-01 
 1.1879999999999999e+01 2.4323842355080197e-01 
 1.1890000000000001e+01 2.4353255928637729e-01 
 1.1900000000000000e+01 2.4360000906269727e-01 
 1.1910000000000000e+01 2.4343976153491195e-01 
 1.1920000000000000e+01 2.4305080535817125e-01 
 1.1930000000000000e+01 2.4243212918762513e-01 
 1.1940000000000000e+01 2.4158272167842354e-01 
 1.1949999999999999e+01 2.4050157148571641e-01 
 1.1959999999999999e+01 2.3918766726465371e-01 
 1.1970000000000001e+01 2.3763999767038504e-01 
 1.1980000000000000e+01 2.3585755135806091e-01 
 1.1990000000000000e+01 2.3383931698283106e-01 
 1.2000000000000000e+01 2.3158428319984536e-01 
 1.2010000000000000e+01 2.2918911213252996e-01 
 1.2020000000000000e+01 2.2675191645054532e-01 
 1.2030000000000001e+01 2.2427386062839250e-01 
 1.2039999999999999e+01 2.2175610914057431e-01 
 1.2050000000000001e+01 2.1919982646159047e-01 
 1.2059999999999999e+01 2.1660617706594432e-01 
 1.2070000000000000e+01 2.1397632542813547e-01 
 1.2080000000000000e+01 2.1131143602266680e-01 
 1.2090000000000000e+01 2.0861267332403938e-01 
 1.2100000000000000e+01 2.0588120180675468e-01 
 1.2109999999999999e+01 2.0311818594531422e-01 
 1.2120000000000001e+01 2.0032479021421901e-01 
 1.2129999999999999e+01 1.9750217908797196e-01 
 1.2140000000000001e+01 1.9465151704107267e-01 
 1.2149999999999999e+01 1.9177396854802459e-01 
 1.2160000000000000e+01 1.8887069808332718e-01 
 1.2170000000000000e+01 1.8594287012148353e-01 
 1.2180000000000000e+01 1.8299164913699456e-01 
 1.2190000000000000e+01 1.8001819960436177e-01 
 1.2199999999999999e+01 1.7702368599808668e-01 
 1.2210000000000001e+01 1.7398731495915515e-01 
 1.2219999999999999e+01 1.7089211546904143e-01 
 1.2230000000000000e+01 1.6774498551297418e-01 
 1.2240000000000000e+01 1.6455282307618591e-01 
 1.2250000000000000e+01 1.6132252614390694e-01 
 1.2260000000000000e+01 1.5806099270136809e-01 
 1.2270000000000000e+01 1.5477512073380023e-01 
 1.2280000000000001e+01 1.5147180822643364e-01 
 1.2289999999999999e+01 1.4815795316450092e-01 
 1.2300000000000001e+01 1.4484045353323055e-01 
 1.2309999999999999e+01 1.4152620731785581e-01 
 1.2320000000000000e+01 1.3822211250360517e-01 
 1.2330000000000000e+01 1.3493506707571121e-01 
 1.2340000000000000e+01 1.3167196901940423e-01 
 1.2350000000000000e+01 1.2843971631991508e-01 
 1.2359999999999999e+01 1.2524520696247460e-01 
 1.2370000000000001e+01 1.2209533893231311e-01 
 1.2379999999999999e+01 1.1899701021466313e-01 
 1.2390000000000001e+01 1.1595711879475333e-01 
 1.2399999999999999e+01 1.1298256265781667e-01 
 1.2410000000000000e+01 1.1012980221259870e-01 
 1.2420000000000000e+01 1.0744967432226543e-01 
 1.2430000000000000e+01 1.0494064165367241e-01 
 1.2440000000000000e+01 1.0260116687367574e-01 
 1.2449999999999999e+01 1.0042971264913148e-01 
 1.2460000000000001e+01 9.8424741646895395e-02 
 1.2469999999999999e+01 9.6584716533824597e-02 
 1.2480000000000000e+01 9.4908099976773838e-02 
 1.2490000000000000e+01 9.3393354642600152e-02 
 1.2500000000000000e+01 9.2038943198159320e-02 
 1.2510000000000000e+01 9.0843328310307406e-02 
 1.2520000000000000e+01 8.9804972645900510e-02 
 1.2530000000000001e+01 8.8922338871794571e-02 
 1.2539999999999999e+01 8.8193889654846092e-02 
 1.2550000000000001e+01 8.7618087661910649e-02 
 1.2559999999999999e+01 8.7193395559844733e-02 
 1.2570000000000000e+01 8.6918276015504128e-02 
 1.2580000000000000e+01 8.6791191695745090e-02 
 1.2590000000000000e+01 8.6810605267423666e-02 
 1.2600000000000000e+01 8.6974979397395930e-02 
 1.2609999999999999e+01 8.7290149533813463e-02 
 1.2620000000000001e+01 8.7761367558977760e-02 
 1.2629999999999999e+01 8.8386220790969236e-02 
 1.2640000000000001e+01 8.9162296547869072e-02 
 1.2649999999999999e+01 9.0087182147757419e-02 
 1.2660000000000000e+01 9.1158464908715653e-02 
 1.2670000000000000e+01 9.2373732148823967e-02 
 1.2680000000000000e+01 9.3730571186163264e-02 
 1.2690000000000000e+01 9.5226569338814251e-02 
 1.2699999999999999e+01 9.6859313924857665e-02 
 1.2710000000000001e+01 9.8626392262374532e-02 
 1.2719999999999999e+01 1.0052539166944460e-01 
 1.2730000000000000e+01 1.0255389946414996e-01 
 1.2740000000000000e+01 1.0470950296457025e-01 
 1.2750000000000000e+01 1.0698978948878657e-01 
 1.2760000000000000e+01 1.0939234635487963e-01 
 1.2770000000000000e+01 1.1191476088093014e-01 
 1.2780000000000001e+01 1.1455462038501929e-01 
 1.2789999999999999e+01 1.1730951218522639e-01 
 1.2800000000000001e+01 1.2017702359963411e-01 
 1.2809999999999999e+01 1.2316744080863069e-01 
 1.2820000000000000e+01 1.2628372128894166e-01 
 1.2830000000000000e+01 1.2951245930314575e-01 
 1.2840000000000000e+01 1.3284024911382394e-01 
 1.2850000000000000e+01 1.3625368498355658e-01 
 1.2859999999999999e+01 1.3973936117492408e-01 
 1.2870000000000001e+01 1.4328387195050743e-01 
 1.2879999999999999e+01 1.4687381157288512e-01 
 1.2890000000000001e+01 1.5049577430464012e-01 
 1.2899999999999999e+01 1.5413635440835022e-01 
 1.2910000000000000e+01 1.5778214614659836e-01 
 1.2920000000000000e+01 1.6141974378196303e-01 
 1.2930000000000000e+01 1.6503574157702527e-01 
 1.2940000000000000e+01 1.6861673379436543e-01 
 1.2949999999999999e+01 1.7214931469656389e-01 
 1.2960000000000001e+01 1.7562007854620168e-01 
 1.2969999999999999e+01 1.7901561960585735e-01 
 1.2980000000000000e+01 1.8232253213811367e-01 
 1.2990000000000000e+01 1.8552741040554929e-01 
 1.3000000000000000e+01 1.8861684867074513e-01 
 1.3010000000000000e+01 1.9161785857056396e-01 
 1.3020000000000000e+01 1.9456375583682814e-01 
 1.3030000000000001e+01 1.9745059087455796e-01 
 1.3039999999999999e+01 2.0027441408877172e-01 
 1.3050000000000001e+01 2.0303127588449124e-01 
 1.3059999999999999e+01 2.0571722666673437e-01 
 1.3070000000000000e+01 2.0832831684052280e-01 
 1.3080000000000000e+01 2.1086059681087496e-01 
 1.3090000000000000e+01 2.1331011698281110e-01 
 1.3100000000000000e+01 2.1567292776135108e-01 
 1.3109999999999999e+01 2.1794507955151465e-01 
 1.3120000000000001e+01 2.2012262275832206e-01 
 1.3129999999999999e+01 2.2220160778679193e-01 
 1.3140000000000001e+01 2.2417808504194556e-01 
 1.3149999999999999e+01 2.2604810492880134e-01 
 1.3160000000000000e+01 2.2780771785238046e-01 
 1.3170000000000000e+01 2.2945297421770172e-01 
 1.3180000000000000e+01 2.3097992442978527e-01 
 1.3190000000000000e+01 2.3238461889365092e-01 
 1.3199999999999999e+01 2.3366310801431844e-01 
 1.3210000000000001e+01 2.3474557344290098e-01 
 1.3219999999999999e+01 2.3556705601183789e-01 
 1.3230000000000000e+01 2.3613089489814007e-01 
 1.3240000000000000e+01 2.3644042927881745e-01 
 1.3250000000000000e+01 2.3649899833088045e-01 
 1.3260000000000000e+01 2.3630994123133939e-01 
 1.3270000000000000e+01 2.3587659715720458e-01 
 1.3280000000000001e+01 2.3520230528548619e-01 
 1.3289999999999999e+01 2.3429040479319491e-01 
 1.3300000000000001e+01 2.3314423485734045e-01 
 1.3309999999999999e+01 2.3176713465493390e-01 
 1.3320000000000000e+01 2.3016244336298458e-01 
 1.3330000000000000e+01 2.2833350015850362e-01 
 1.3340000000000000e+01 2.2628364421850103e-01 
 1.3350000000000000e+01 2.2401621471998717e-01 
 1.3359999999999999e+01 2.2153455083997228e-01 
 1.3370000000000001e+01 2.1884199175546620e-01 
 1.3379999999999999e+01 2.1594187664348075e-01 
 1.3390000000000001e+01 2.1283754468102412e-01 
 1.3399999999999999e+01 2.0953233504510888e-01 
 1.3410000000000000e+01 2.0606012265356710e-01 
 1.3420000000000000e+01 2.0246123518495510e-01 
 1.3430000000000000e+01 1.9874869095736267e-01 
 1.3440000000000000e+01 1.9493550828888015e-01 
 1.3449999999999999e+01 1.9103470549759793e-01 
 1.3460000000000001e+01 1.8705930090160572e-01 
 1.3469999999999999e+01 1.8302231281899592e-01 
 1.3480000000000000e+01 1.7893675956785612e-01 
 1.3490000000000000e+01 1.7481565946627883e-01 
 1.3500000000000000e+01 1.7067203083235372e-01 
 1.3510000000000000e+01 1.6651889198417114e-01 
 1.3520000000000000e+01 1.6236926123982143e-01 
 1.3530000000000001e+01 1.5823615691739429e-01 
 1.3539999999999999e+01 1.5413259733498230e-01 
 1.3550000000000001e+01 1.5007160081067286e-01 
 1.3559999999999999e+01 1.4606618566255924e-01 
 1.3570000000000000e+01 1.4212937020872901e-01 
 1.3580000000000000e+01 1.3827417276727461e-01 
 1.3590000000000000e+01 1.3451361165628573e-01 
 1.3600000000000000e+01 1.3086070519385273e-01 
 1.3609999999999999e+01 1.2727645186472664e-01 
 1.3620000000000001e+01 1.2371616030565115e-01 
 1.3629999999999999e+01 1.2018431406270849e-01 
 1.3640000000000001e+01 1.1668539668197650e-01 
 1.3649999999999999e+01 1.1322389170953800e-01 
 1.3660000000000000e+01 1.0980428269147087e-01 
 1.3670000000000000e+01 1.0643105317385729e-01 
 1.3680000000000000e+01 1.0310868670277698e-01 
 1.3690000000000000e+01 9.9841666824310296e-02 
 1.3699999999999999e+01 9.6634477084537596e-02 
 1.3710000000000001e+01 9.3491601029538629e-02 
 1.3719999999999999e+01 9.0417522205395423e-02 
 1.3730000000000000e+01 8.7416724158186132e-02 
 1.3740000000000000e+01 8.4493690433992713e-02 
 1.3750000000000000e+01 8.1652904578894986e-02 
 1.3760000000000000e+01 7.8898850138973270e-02 
 1.3770000000000000e+01 7.6236010660307926e-02 
 1.3780000000000001e+01 7.3668869688978844e-02 
 1.3789999999999999e+01 7.1201910771067689e-02 
 1.3800000000000001e+01 6.8839617452653101e-02 
 1.3809999999999999e+01 6.6706769155085999e-02 
 1.3820000000000000e+01 6.4921664701892381e-02 
 1.3830000000000000e+01 6.3479066742420751e-02 
 1.3840000000000000e+01 6.2373737926018240e-02 
 1.3850000000000000e+01 6.1600440902032344e-02 
 1.3859999999999999e+01 6.1153938319810523e-02 
 1.3870000000000001e+01 6.1028992828700279e-02 
 1.3879999999999999e+01 6.1220367078049072e-02 
 1.3890000000000001e+01 6.1722823717204507e-02 
 1.3899999999999999e+01 6.2531125395513712e-02 
 1.3910000000000000e+01 6.3640034762324743e-02 
 1.3920000000000000e+01 6.5044314466984582e-02 
 1.3930000000000000e+01 6.6738727158840841e-02 
 1.3940000000000000e+01 6.8718035487241036e-02 
 1.3949999999999999e+01 7.0977002101532641e-02 
 1.3960000000000001e+01 7.3510389651063601e-02 
 1.3969999999999999e+01 7.6312960785179976e-02 
 1.3980000000000000e+01 7.9379478153231223e-02 
 1.3990000000000000e+01 8.2704704404563290e-02 
 1.4000000000000000e+01 8.6283402188524150e-02 
 1.4010000000000000e+01 9.0051645906300368e-02 
 1.4020000000000000e+01 9.3940773228091301e-02 
 1.4030000000000001e+01 9.7938441706764273e-02 
 1.4039999999999999e+01 1.0203230889518379e-01 
 1.4050000000000001e+01 1.0621003234621940e-01 
 1.4059999999999999e+01 1.1045926961273475e-01 
 1.4070000000000000e+01 1.1476767824759954e-01 
 1.4080000000000000e+01 1.1912291580367808e-01 
 1.4090000000000000e+01 1.2351263983383780e-01 
 1.4100000000000000e+01 1.2792450789094534e-01 
 1.4109999999999999e+01 1.3234617752786731e-01 
 1.4120000000000001e+01 1.3676530629747119e-01 
 1.4129999999999999e+01 1.4116955175262122e-01 
 1.4140000000000001e+01 1.4554657144618718e-01 
 1.4149999999999999e+01 1.4988402293103259e-01 
 1.4160000000000000e+01 1.5416956376002722e-01 
 1.4170000000000000e+01 1.5839085148603532e-01 
 1.4180000000000000e+01 1.6253554366192438e-01 
 1.4190000000000000e+01 1.6659129784056101e-01 
 1.4199999999999999e+01 1.7054577157481182e-01 
 1.4210000000000001e+01 1.7444011463432429e-01 
 1.4219999999999999e+01 1.7832061115780068e-01 
 1.4230000000000000e+01 1.8218262025169685e-01 
 1.4240000000000000e+01 1.8602150102246381e-01 
 1.4250000000000000e+01 1.8983261257655537e-01 
 1.4260000000000000e+01 1.9361131402042459e-01 
 1.4270000000000000e+01 1.9735296446052458e-01 
 1.4280000000000001e+01 2.0105292300330913e-01 
 1.4289999999999999e+01 2.0470654875522928e-01 
 1.4300000000000001e+01 2.0830920082274079e-01 
 1.4309999999999999e+01 2.1185623831229417e-01 
 1.4320000000000000e+01 2.1534302033034503e-01 
 1.4330000000000000e+01 2.1876490598334458e-01 
 1.4340000000000000e+01 2.2211725437774654e-01 
 1.4350000000000000e+01 2.2539542462000403e-01 
 1.4359999999999999e+01 2.2859477581657012e-01 
 1.4370000000000001e+01 2.3171066707389842e-01 
 1.4379999999999999e+01 2.3473845749844041e-01 
 1.4390000000000001e+01 2.3767350619665134e-01 
 1.4399999999999999e+01 2.4051117227498223e-01 
 1.4410000000000000e+01 2.4309300260217623e-01 
 1.4420000000000000e+01 2.4526935608701511e-01 
 1.4430000000000000e+01 2.4704880989601577e-01 
 1.4440000000000000e+01 2.4843994119569449e-01 
 1.4449999999999999e+01 2.4945132715256763e-01 
 1.4460000000000001e+01 2.5009154493315167e-01 
 1.4469999999999999e+01 2.5036917170396261e-01 
 1.4480000000000000e+01 2.5029278463151705e-01 
 1.4490000000000000e+01 2.4987096088233124e-01 
 1.4500000000000000e+01 2.4911227762292160e-01 
 1.4510000000000000e+01 2.4802531201980441e-01 
 1.4520000000000000e+01 2.4661864123949603e-01 
 1.4530000000000001e+01 2.4490084244851248e-01 
 1.4539999999999999e+01 2.4288049281337110e-01 
 1.4550000000000001e+01 2.4056616950058676e-01 
 1.4559999999999999e+01 2.3796644967667749e-01 
 1.4570000000000000e+01 2.3508991050815772e-01 
 1.4580000000000000e+01 2.3194512916154533e-01 
 1.4590000000000000e+01 2.2854068280335613e-01 
 1.4600000000000000e+01 2.2488514860010644e-01 
 1.4609999999999999e+01 2.2103110972139919e-01 
 1.4620000000000001e+01 2.1703516251247107e-01 
 1.4629999999999999e+01 2.1291190390329237e-01 
 1.4640000000000001e+01 2.0867593082382824e-01 
 1.4649999999999999e+01 2.0434184020404983e-01 
 1.4660000000000000e+01 1.9992422897392217e-01 
 1.4670000000000000e+01 1.9543769406341571e-01 
 1.4680000000000000e+01 1.9089683240249777e-01 
 1.4690000000000000e+01 1.8631624092113649e-01 
 1.4699999999999999e+01 1.8171051654929996e-01 
 1.4710000000000001e+01 1.7709425621695546e-01 
 1.4719999999999999e+01 1.7248205685407356e-01 
 1.4730000000000000e+01 1.6788851539061914e-01 
 1.4740000000000000e+01 1.6332822875656272e-01 
 1.4750000000000000e+01 1.5881579388187164e-01 
 1.4760000000000000e+01 1.5436580769651398e-01 
 1.4770000000000000e+01 1.4999286713045784e-01 
 1.4780000000000001e+01 1.4571156911367061e-01 
 1.4789999999999999e+01 1.4153651057612265e-01 
 1.4800000000000001e+01 1.3748228844777910e-01 
 1.4809999999999999e+01 1.3349679524293442e-01 
 1.4820000000000000e+01 1.2952235172299770e-01 
 1.4830000000000000e+01 1.2556519718861989e-01 
 1.4840000000000000e+01 1.2163157094044896e-01 
 1.4850000000000000e+01 1.1772771227913373e-01 
 1.4859999999999999e+01 1.1385986050532293e-01 
 1.4870000000000001e+01 1.1003425491966465e-01 
 1.4879999999999999e+01 1.0625713482280968e-01 
 1.4890000000000001e+01 1.0253473951540409e-01 
 1.4899999999999999e+01 9.8873308298099288e-02 
 1.4910000000000000e+01 9.5279080471541433e-02 
 1.4920000000000000e+01 9.1758295336381218e-02 
 1.4930000000000000e+01 8.8317192193266753e-02 
 1.4940000000000000e+01 8.4962010342846783e-02 
 1.4949999999999999e+01 8.1698989085770085e-02 
 1.4960000000000001e+01 7.8534367722684878e-02 
 1.4969999999999999e+01 7.5474385554241574e-02 
 1.4980000000000000e+01 7.2525281881086728e-02 
 1.4990000000000000e+01 6.9693296003870725e-02 
 1.5000000000000000e+01 6.6984667223241812e-02 
 1.5010000000000000e+01 6.4549316384440419e-02 
 1.5020000000000000e+01 6.2525620075678343e-02 
 1.5030000000000001e+01 6.0902501212061019e-02 
 1.5039999999999999e+01 5.9668882708694922e-02 
 1.5050000000000001e+01 5.8813687480684884e-02 
 1.5059999999999999e+01 5.8325838443137212e-02 
 1.5070000000000000e+01 5.8194258511157261e-02 
 1.5080000000000000e+01 5.8407870599850906e-02 
 1.5090000000000000e+01 5.8955597624323793e-02 
 1.5100000000000000e+01 5.9826362499681637e-02 
 1.5109999999999999e+01 6.1009088141030128e-02 
 1.5120000000000001e+01 6.2492697463475279e-02 
 1.5129999999999999e+01 6.4266113382121903e-02 
 1.5140000000000001e+01 6.6318258812076994e-02 
 1.5149999999999999e+01 6.8638056668444761e-02 
 1.5160000000000000e+01 7.1214429866332585e-02 
 1.5170000000000000e+01 7.4036301320844863e-02 
 1.5180000000000000e+01 7.7092593947087729e-02 
 1.5190000000000000e+01 8.0372230660166896e-02 
 1.5199999999999999e+01 8.3864134375188054e-02 
 1.5210000000000001e+01 8.7537540255383434e-02 
 1.5219999999999999e+01 9.1358747020276410e-02 
 1.5230000000000000e+01 9.5312272919416186e-02 
 1.5240000000000000e+01 9.9382636202347163e-02 
 1.5250000000000000e+01 1.0355435511861652e-01 
 1.5260000000000000e+01 1.0781194791777071e-01 
 1.5270000000000000e+01 1.1213993284935626e-01 
 1.5280000000000001e+01 1.1652282816292041e-01 
 1.5289999999999999e+01 1.2094515210800728e-01 
 1.5300000000000001e+01 1.2539142293416652e-01 
 1.5309999999999999e+01 1.2984615889094142e-01 
 1.5320000000000000e+01 1.3429387822788166e-01 
 1.5330000000000000e+01 1.3871909919453132e-01 
 1.5340000000000000e+01 1.4310634004043768e-01 
 1.5350000000000000e+01 1.4744011901514723e-01 
 1.5359999999999999e+01 1.5170495436820644e-01 
 1.5370000000000001e+01 1.5588536434916250e-01 
 1.5379999999999999e+01 1.5996586720755976e-01 
 1.5390000000000001e+01 1.6393098119294752e-01 
 1.5399999999999999e+01 1.6776522455486953e-01 
 1.5410000000000000e+01 1.7152339556106724e-01 
 1.5420000000000000e+01 1.7526626346882487e-01 
 1.5430000000000000e+01 1.7898730301201055e-01 
 1.5440000000000000e+01 1.8267998892449178e-01 
 1.5449999999999999e+01 1.8633779594013605e-01 
 1.5460000000000001e+01 1.8995419879281150e-01 
 1.5469999999999999e+01 1.9352267221638370e-01 
 1.5480000000000000e+01 1.9703669094472268e-01 
 1.5490000000000000e+01 2.0048972971169404e-01 
 1.5500000000000000e+01 2.0387526325116589e-01 
 1.5510000000000000e+01 2.0718676629700578e-01 
 1.5520000000000000e+01 2.1041771358308112e-01 
 1.5530000000000001e+01 2.1356157984326002e-01 
 1.5539999999999999e+01 2.1661183981140827e-01 
 1.5550000000000001e+01 2.1956196822139559e-01 
 1.5559999999999999e+01 2.2240543980708732e-01 
 1.5570000000000000e+01 2.2513572930235298e-01 
 1.5580000000000000e+01 2.2774631144105861e-01 
 1.5590000000000000e+01 2.3023066095707218e-01 
 1.5600000000000000e+01 2.3258225258426118e-01 
 1.5609999999999999e+01 2.3468793971596927e-01 
 1.5620000000000001e+01 2.3644359803637496e-01 
 1.5629999999999999e+01 2.3785623571559666e-01 
 1.5640000000000001e+01 2.3893286092375476e-01 
 1.5649999999999999e+01 2.3968048183096774e-01 
 1.5660000000000000e+01 2.4010610660735551e-01 
 1.5670000000000000e+01 2.4021674342303706e-01 
 1.5680000000000000e+01 2.4001940044813183e-01 
 1.5690000000000000e+01 2.3952108585275911e-01 
 1.5699999999999999e+01 2.3872880780703823e-01 
 1.5710000000000001e+01 2.3764957448108828e-01 
 1.5719999999999999e+01 2.3629039404502927e-01 
 1.5730000000000000e+01 2.3465827466897954e-01 
 1.5740000000000000e+01 2.3276022452305919e-01 
 1.5750000000000000e+01 2.3060325177738730e-01 
 1.5760000000000000e+01 2.2819436460208320e-01 
 1.5770000000000000e+01 2.2554057116726617e-01 
 1.5780000000000001e+01 2.2264887964305499e-01 
 1.5789999999999999e+01 2.1952629819957062e-01 
 1.5800000000000001e+01 2.1617983500693017e-01 
 1.5809999999999999e+01 2.1266387386919286e-01 
 1.5820000000000000e+01 2.0903594067988746e-01 
 1.5830000000000000e+01 2.0530775674334667e-01 
 1.5840000000000000e+01 2.0149104336390064e-01 
 1.5850000000000000e+01 1.9759752184588017e-01 
 1.5859999999999999e+01 1.9363891349361606e-01 
 1.5870000000000001e+01 1.8962693961143839e-01 
 1.5879999999999999e+01 1.8557332150368014e-01 
 1.5890000000000001e+01 1.8148978047466918e-01 
 1.5900000000000000e+01 1.7738803782873852e-01 
 1.5910000000000000e+01 1.7327981487021824e-01 
 1.5920000000000000e+01 1.6917683290343910e-01 
 1.5930000000000000e+01 1.6509081323273192e-01 
 1.5940000000000000e+01 1.6103347716242750e-01 
 1.5949999999999999e+01 1.5701654599685660e-01 
 1.5960000000000001e+01 1.5305174104034941e-01 
 1.5969999999999999e+01 1.4915078359723874e-01 
 1.5980000000000000e+01 1.4532539497185265e-01 
 1.5990000000000000e+01 1.4158729646852403e-01 
 1.6000000000000000e+01 1.3794820939158292e-01 
 1.6009999999999998e+01 1.3436590322337758e-01 
 1.6020000000000000e+01 1.3079358061595533e-01 
 1.6030000000000001e+01 1.2723611262820089e-01 
 1.6039999999999999e+01 1.2369837031899895e-01 
 1.6050000000000001e+01 1.2018522474723038e-01 
 1.6059999999999999e+01 1.1670154697178110e-01 
 1.6070000000000000e+01 1.1325220805153206e-01 
 1.6079999999999998e+01 1.0984207904536911e-01 
 1.6090000000000000e+01 1.0647603101217325e-01 
 1.6100000000000001e+01 1.0315893501082911e-01 
 1.6109999999999999e+01 9.9895662100221258e-02 
 1.6120000000000001e+01 9.6691083339230793e-02 
 1.6129999999999999e+01 9.3550069786743392e-02 
 1.6140000000000001e+01 9.0477492501640264e-02 
 1.6149999999999999e+01 8.7478222542806988e-02 
 1.6160000000000000e+01 8.4557130969124830e-02 
 1.6170000000000002e+01 8.1719088839478329e-02 
 1.6180000000000000e+01 7.8968967212751831e-02 
 1.6190000000000001e+01 7.6311637147826822e-02 
 1.6199999999999999e+01 7.3751969703588549e-02 
 1.6210000000000001e+01 7.1398216305017637e-02 
 1.6219999999999999e+01 6.9352807753269699e-02 
 1.6230000000000000e+01 6.7611884171484227e-02 
 1.6239999999999998e+01 6.6171585682803374e-02 
 1.6250000000000000e+01 6.5028052410367049e-02 
 1.6259999999999998e+01 6.4177424477317002e-02 
 1.6270000000000000e+01 6.3615842006793544e-02 
 1.6280000000000001e+01 6.3339445121937968e-02 
 1.6289999999999999e+01 6.3344373945891139e-02 
 1.6300000000000001e+01 6.3626768601794004e-02 
 1.6309999999999999e+01 6.4182769212787275e-02 
 1.6320000000000000e+01 6.5008515902012273e-02 
 1.6329999999999998e+01 6.6100148792609364e-02 
 1.6340000000000000e+01 6.7453808007720217e-02 
 1.6350000000000001e+01 6.9065633670485460e-02 
 1.6359999999999999e+01 7.0931765904045263e-02 
 1.6370000000000001e+01 7.3048344831541934e-02 
 1.6379999999999999e+01 7.5411510576114865e-02 
 1.6390000000000001e+01 7.8017403260906643e-02 
 1.6399999999999999e+01 8.0862163009056395e-02 
 1.6410000000000000e+01 8.3859084764048297e-02 
 1.6420000000000002e+01 8.6919634680667129e-02 
 1.6430000000000000e+01 9.0037209699008344e-02 
 1.6440000000000001e+01 9.3205206759170711e-02 
 1.6449999999999999e+01 9.6417022801248545e-02 
 1.6460000000000001e+01 9.9666054765340642e-02 
 1.6469999999999999e+01 1.0294569959154129e-01 
 1.6480000000000000e+01 1.0624935421994934e-01 
 1.6489999999999998e+01 1.0957041559065901e-01 
 1.6500000000000000e+01 1.1290228064376923e-01 
 1.6509999999999998e+01 1.1623834631937413e-01 
 1.6520000000000000e+01 1.1957200955757269e-01 
 1.6530000000000001e+01 1.2289666729846026e-01 
 1.6539999999999999e+01 1.2620571648213219e-01 
 1.6550000000000001e+01 1.2949255404868742e-01 
 1.6559999999999999e+01 1.3275057693822012e-01 
 1.6570000000000000e+01 1.3597318209082923e-01 
 1.6579999999999998e+01 1.3915376644660893e-01 
 1.6590000000000000e+01 1.4228572694565811e-01 
 1.6600000000000001e+01 1.4536246052807211e-01 
 1.6609999999999999e+01 1.4840795271470283e-01 
 1.6620000000000001e+01 1.5144899349429858e-01 
 1.6629999999999999e+01 1.5448318650879350e-01 
 1.6640000000000001e+01 1.5750813540012606e-01 
 1.6649999999999999e+01 1.6052144381023048e-01 
 1.6660000000000000e+01 1.6352071538104521e-01 
 1.6670000000000002e+01 1.6650355375450548e-01 
 1.6680000000000000e+01 1.6946756257254661e-01 
 1.6690000000000001e+01 1.7241034547710699e-01 
 1.6699999999999999e+01 1.7532950611012088e-01 
 1.6710000000000001e+01 1.7822264811352667e-01 
 1.6719999999999999e+01 1.8108737512925865e-01 
 1.6730000000000000e+01 1.8392129079925518e-01 
 1.6739999999999998e+01 1.8672199876545056e-01 
 1.6750000000000000e+01 1.8948710266978311e-01 
 1.6759999999999998e+01 1.9221420615418722e-01 
 1.6770000000000000e+01 1.9490091286060107e-01 
 1.6780000000000001e+01 1.9754482643096011e-01 
 1.6789999999999999e+01 2.0014355050719973e-01 
 1.6800000000000001e+01 2.0269468873125807e-01 
 1.6809999999999999e+01 2.0508831333942013e-01 
 1.6820000000000000e+01 2.0721707686579560e-01 
 1.6829999999999998e+01 2.0908245339905113e-01 
 1.6840000000000000e+01 2.1068591702785622e-01 
 1.6850000000000001e+01 2.1202894184087837e-01 
 1.6859999999999999e+01 2.1311300192678537e-01 
 1.6870000000000001e+01 2.1393957137424624e-01 
 1.6879999999999999e+01 2.1451012427192853e-01 
 1.6890000000000001e+01 2.1482613470850082e-01 
 1.6899999999999999e+01 2.1488907677263111e-01 
 1.6910000000000000e+01 2.1470042455298757e-01 
 1.6920000000000002e+01 2.1426165213823833e-01 
 1.6930000000000000e+01 2.1357423361705188e-01 
 1.6940000000000001e+01 2.1263964307809594e-01 
 1.6949999999999999e+01 2.1145935461003926e-01 
 1.6960000000000001e+01 2.1003484230154926e-01 
 1.6969999999999999e+01 2.0836758024129509e-01 
 1.6980000000000000e+01 2.0645904251794378e-01 
 1.6989999999999998e+01 2.0431070322016484e-01 
 1.7000000000000000e+01 2.0192403643662493e-01 
 1.7009999999999998e+01 1.9940285115498649e-01 
 1.7020000000000000e+01 1.9685081914879768e-01 
 1.7030000000000001e+01 1.9426920868556138e-01 
 1.7039999999999999e+01 1.9165928803278046e-01 
 1.7050000000000001e+01 1.8902232545795500e-01 
 1.7059999999999999e+01 1.8635958922858881e-01 
 1.7070000000000000e+01 1.8367234761218201e-01 
 1.7079999999999998e+01 1.8096186887623844e-01 
 1.7090000000000000e+01 1.7822942128825808e-01 
 1.7100000000000001e+01 1.7547627311574390e-01 
 1.7109999999999999e+01 1.7270369262619881e-01 
 1.7120000000000001e+01 1.6991294808712279e-01 
 1.7129999999999999e+01 1.6710530776601978e-01 
 1.7140000000000001e+01 1.6428203993038976e-01 
 1.7149999999999999e+01 1.6144441284773664e-01 
 1.7160000000000000e+01 1.5859369478556040e-01 
 1.7170000000000002e+01 1.5573115401136400e-01 
 1.7180000000000000e+01 1.5285805879265038e-01 
 1.7190000000000001e+01 1.4997567739691947e-01 
 1.7199999999999999e+01 1.4708527809167526e-01 
 1.7210000000000001e+01 1.4416964671595819e-01 
 1.7219999999999999e+01 1.4121394806043949e-01 
 1.7230000000000000e+01 1.3822301882005902e-01 
 1.7239999999999998e+01 1.3520169568976087e-01 
 1.7250000000000000e+01 1.3215481536448484e-01 
 1.7259999999999998e+01 1.2908721453917504e-01 
 1.7270000000000000e+01 1.2600372990877126e-01 
 1.7280000000000001e+01 1.2290919816821658e-01 
 1.7289999999999999e+01 1.1980845601245400e-01 
 1.7300000000000001e+01 1.1670634013642334e-01 
 1.7309999999999999e+01 1.1360768723506870e-01 
 1.7320000000000000e+01 1.1051733400332989e-01 
 1.7329999999999998e+01 1.0744011713615102e-01 
 1.7340000000000000e+01 1.0438087332847187e-01 
 1.7350000000000001e+01 1.0134443927523554e-01 
 1.7359999999999999e+01 9.8335651671384999e-02 
 1.7370000000000001e+01 9.5359347211860096e-02 
 1.7379999999999999e+01 9.2420362591604910e-02 
 1.7390000000000001e+01 8.9523534505559277e-02 
 1.7399999999999999e+01 8.6673699648667238e-02 
 1.7410000000000000e+01 8.3957577251609669e-02 
 1.7420000000000002e+01 8.1457429504174117e-02 
 1.7430000000000000e+01 7.9171407539958563e-02 
 1.7440000000000001e+01 7.7097662492558547e-02 
 1.7449999999999999e+01 7.5234345495572758e-02 
 1.7460000000000001e+01 7.3579607682597054e-02 
 1.7469999999999999e+01 7.2131600187229819e-02 
 1.7480000000000000e+01 7.0888474143067190e-02 
 1.7489999999999998e+01 6.9848380683707273e-02 
 1.7500000000000000e+01 6.9009470942746495e-02 
 1.7509999999999998e+01 6.8369896053782658e-02 
 1.7520000000000000e+01 6.7927807150412509e-02 
 1.7530000000000001e+01 6.7681355366233487e-02 
 1.7539999999999999e+01 6.7628691834842783e-02 
 1.7550000000000001e+01 6.7767967689837533e-02 
 1.7559999999999999e+01 6.8097334064814857e-02 
 1.7570000000000000e+01 6.8614942093372155e-02 
 1.7579999999999998e+01 6.9318942909106285e-02 
 1.7590000000000000e+01 7.0207487645614894e-02 
 1.7600000000000001e+01 7.1278727436494993e-02 
 1.7609999999999999e+01 7.2503448617606742e-02 
 1.7620000000000001e+01 7.3850900680028655e-02 
 1.7629999999999999e+01 7.5316929490182538e-02 
 1.7640000000000001e+01 7.6897380914492192e-02 
 1.7649999999999999e+01 7.8588100819379211e-02 
 1.7660000000000000e+01 8.0384935071267552e-02 
 1.7670000000000002e+01 8.2283729536579392e-02 
 1.7680000000000000e+01 8.4280330081736743e-02 
 1.7690000000000001e+01 8.6370582573163782e-02 
 1.7699999999999999e+01 8.8550332877281743e-02 
 1.7710000000000001e+01 9.0815426860514956e-02 
 1.7719999999999999e+01 9.3161710389284530e-02 
 1.7730000000000000e+01 9.5585029330014906e-02 
 1.7739999999999998e+01 9.8081229549127097e-02 
 1.7750000000000000e+01 1.0064615691304561e-01 
 1.7759999999999998e+01 1.0327565728819139e-01 
 1.7770000000000000e+01 1.0596557654098906e-01 
 1.7780000000000001e+01 1.0871176053786041e-01 
 1.7789999999999999e+01 1.1151005514522722e-01 
 1.7800000000000001e+01 1.1435630622951420e-01 
 1.7809999999999999e+01 1.1729003494675852e-01 
 1.7820000000000000e+01 1.2034451206989272e-01 
 1.7829999999999998e+01 1.2350620789067426e-01 
 1.7840000000000000e+01 1.2676159270086501e-01 
 1.7850000000000001e+01 1.3009713679222346e-01 
 1.7859999999999999e+01 1.3349931045650804e-01 
 1.7870000000000001e+01 1.3695458398548077e-01 
 1.7879999999999999e+01 1.4044942767089880e-01 
 1.7890000000000001e+01 1.4397031180452430e-01 
 1.7899999999999999e+01 1.4750370667811433e-01 
 1.7910000000000000e+01 1.5103608258343104e-01 
 1.7920000000000002e+01 1.5455390981223283e-01 
 1.7930000000000000e+01 1.5804365865627804e-01 
 1.7940000000000001e+01 1.6149179940732877e-01 
 1.7949999999999999e+01 1.6488480235714220e-01 
 1.7960000000000001e+01 1.6820913779748040e-01 
 1.7969999999999999e+01 1.7145127602010060e-01 
 1.7980000000000000e+01 1.7459768731676473e-01 
 1.7989999999999998e+01 1.7763484197923018e-01 
 1.8000000000000000e+01 1.8054921029925874e-01 
 1.8010000000000002e+01 1.8334708161452401e-01 
 1.8020000000000000e+01 1.8604029709982070e-01 
 1.8030000000000001e+01 1.8862365480259166e-01 
 1.8039999999999999e+01 1.9109195277027605e-01 
 1.8050000000000001e+01 1.9343998905031656e-01 
 1.8059999999999999e+01 1.9566256169015256e-01 
 1.8070000000000000e+01 1.9775446873722652e-01 
 1.8079999999999998e+01 1.9971050823897801e-01 
 1.8090000000000000e+01 2.0152547824284933e-01 
 1.8100000000000001e+01 2.0319417679628074e-01 
 1.8109999999999999e+01 2.0471140194671272e-01 
 1.8120000000000001e+01 2.0607195174158732e-01 
 1.8129999999999999e+01 2.0727062422834450e-01 
 1.8140000000000001e+01 2.0830221745442612e-01 
 1.8149999999999999e+01 2.0916152946727243e-01 
 1.8160000000000000e+01 2.0984335831432499e-01 
 1.8170000000000002e+01 2.1034250204302443e-01 
 1.8180000000000000e+01 2.1065375870081168e-01 
 1.8190000000000001e+01 2.1077192633512787e-01 
 1.8199999999999999e+01 2.1069180299341395e-01 
 1.8210000000000001e+01 2.1040445120091381e-01 
 1.8219999999999999e+01 2.0990917599458572e-01 
 1.8230000000000000e+01 2.0921313918944145e-01 
 1.8239999999999998e+01 2.0832350260049351e-01 
 1.8250000000000000e+01 2.0724742804275337e-01 
 1.8260000000000002e+01 2.0599207733123337e-01 
 1.8270000000000000e+01 2.0456461228094613e-01 
 1.8280000000000001e+01 2.0297219470690270e-01 
 1.8289999999999999e+01 2.0122198642411632e-01 
 1.8300000000000001e+01 1.9932114924759778e-01 
 1.8309999999999999e+01 1.9727684499236051e-01 
 1.8320000000000000e+01 1.9509623547341515e-01 
 1.8329999999999998e+01 1.9278648250577529e-01 
 1.8340000000000000e+01 1.9035474790445139e-01 
 1.8350000000000001e+01 1.8780819348445632e-01 
 1.8359999999999999e+01 1.8515398106080308e-01 
 1.8370000000000001e+01 1.8239927244850190e-01 
 1.8379999999999999e+01 1.7955122946256682e-01 
 1.8390000000000001e+01 1.7661701391800783e-01 
 1.8399999999999999e+01 1.7360378762983913e-01 
 1.8410000000000000e+01 1.7047004421674539e-01 
 1.8420000000000002e+01 1.6718084108469933e-01 
 1.8430000000000000e+01 1.6375318572964173e-01 
 1.8440000000000001e+01 1.6020408564750976e-01 
 1.8449999999999999e+01 1.5655054833424548e-01 
 1.8460000000000001e+01 1.5280958128578581e-01 
 1.8469999999999999e+01 1.4899819199807299e-01 
 1.8480000000000000e+01 1.4513338796704384e-01 
 1.8489999999999998e+01 1.4123217668864069e-01 
 1.8500000000000000e+01 1.3731156565880029e-01 
 1.8510000000000002e+01 1.3338856237346361e-01 
 1.8520000000000000e+01 1.2948017432857156e-01 
 1.8530000000000001e+01 1.2560340902006092e-01 
 1.8539999999999999e+01 1.2177527394387402e-01 
 1.8550000000000001e+01 1.1801277659594767e-01 
 1.8559999999999999e+01 1.1433292447222410e-01 
 1.8570000000000000e+01 1.1075272506864024e-01 
 1.8579999999999998e+01 1.0728918588113819e-01 
 1.8590000000000000e+01 1.0395931440565503e-01 
 1.8600000000000001e+01 1.0078011813813159e-01 
 1.8609999999999999e+01 9.7715283580106449e-02 
 1.8620000000000001e+01 9.4721902312252221e-02 
 1.8629999999999999e+01 9.1807089449216464e-02 
 1.8640000000000001e+01 8.8977960105642545e-02 
 1.8649999999999999e+01 8.6241629396177910e-02 
 1.8660000000000000e+01 8.3605212435466064e-02 
 1.8670000000000002e+01 8.1075824338153454e-02 
 1.8680000000000000e+01 7.8660580218886333e-02 
 1.8690000000000001e+01 7.6366595192308456e-02 
 1.8699999999999999e+01 7.4200984373066881e-02 
 1.8710000000000001e+01 7.2170862875805500e-02 
 1.8719999999999999e+01 7.0283345815171205e-02 
 1.8730000000000000e+01 6.8545548305808113e-02 
 1.8739999999999998e+01 6.6964585462362877e-02 
 1.8750000000000000e+01 6.5547572399479836e-02 
 1.8760000000000002e+01 6.4301624231804994e-02 
 1.8770000000000000e+01 6.3233856073984157e-02 
 1.8780000000000001e+01 6.2351383040662026e-02 
 1.8789999999999999e+01 6.1661320246484658e-02 
 1.8800000000000001e+01 6.1170782806097002e-02 
 1.8809999999999999e+01 6.0912500566867145e-02 
 1.8820000000000000e+01 6.0909023252440207e-02 
 1.8829999999999998e+01 6.1152195791877924e-02 
 1.8840000000000000e+01 6.1633863114242210e-02 
 1.8850000000000001e+01 6.2345870148594766e-02 
 1.8859999999999999e+01 6.3280061823996939e-02 
 1.8870000000000001e+01 6.4428283069511150e-02 
 1.8879999999999999e+01 6.5782378814198322e-02 
 1.8890000000000001e+01 6.7334193987121135e-02 
 1.8899999999999999e+01 6.9075573517340241e-02 
 1.8910000000000000e+01 7.0998362333918624e-02 
 1.8920000000000002e+01 7.3094405365917423e-02 
 1.8930000000000000e+01 7.5355547542397538e-02 
 1.8940000000000001e+01 7.7773633792422317e-02 
 1.8949999999999999e+01 8.0340509045051800e-02 
 1.8960000000000001e+01 8.3048018229349513e-02 
 1.8969999999999999e+01 8.5888006274375317e-02 
 1.8980000000000000e+01 8.8852318109192918e-02 
 1.8989999999999998e+01 9.1932798662861998e-02 
 1.9000000000000000e+01 9.5121292864446483e-02 
 1.9010000000000002e+01 9.8448788634421483e-02 
 1.9020000000000000e+01 1.0193991438423938e-01 
 1.9030000000000001e+01 1.0557697577943047e-01 
 1.9039999999999999e+01 1.0934227848551997e-01 
 1.9050000000000001e+01 1.1321812816803842e-01 
 1.9059999999999999e+01 1.1718683049251084e-01 
 1.9070000000000000e+01 1.2123069112446791e-01 
 1.9079999999999998e+01 1.2533201572943456e-01 
 1.9090000000000000e+01 1.2947310997294154e-01 
 1.9100000000000001e+01 1.3363627952051518e-01 
 1.9109999999999999e+01 1.3780383003768185e-01 
 1.9120000000000001e+01 1.4195806718997231e-01 
 1.9129999999999999e+01 1.4608129664291145e-01 
 1.9140000000000001e+01 1.5015582406202999e-01 
 1.9149999999999999e+01 1.5416395511285289e-01 
 1.9160000000000000e+01 1.5808799546091079e-01 
 1.9170000000000002e+01 1.6191025077173007e-01 
 1.9180000000000000e+01 1.6561302671083727e-01 
 1.9190000000000001e+01 1.6917862894376284e-01 
 1.9199999999999999e+01 1.7258936313603204e-01 
 1.9210000000000001e+01 1.7589127980107333e-01 
 1.9219999999999999e+01 1.7913743244612745e-01 
 1.9230000000000000e+01 1.8232063122745010e-01 
 1.9239999999999998e+01 1.8543368630129239e-01 
 1.9250000000000000e+01 1.8846940782390997e-01 
 1.9260000000000002e+01 1.9142060595155508e-01 
 1.9270000000000000e+01 1.9428009084048015e-01 
 1.9280000000000001e+01 1.9704067264694053e-01 
 1.9289999999999999e+01 1.9969516152718775e-01 
 1.9300000000000001e+01 2.0223636763747702e-01 
 1.9309999999999999e+01 2.0465710113405994e-01 
 1.9320000000000000e+01 2.0695017217319164e-01 
 1.9329999999999998e+01 2.0910839091112388e-01 
 1.9340000000000000e+01 2.1112456750411160e-01 
 1.9350000000000001e+01 2.1299151210840736e-01 
 1.9359999999999999e+01 2.1470203488026401e-01 
 1.9370000000000001e+01 2.1624894597593616e-01 
 1.9379999999999999e+01 2.1762505555167611e-01 
 1.9390000000000001e+01 2.1882317376373817e-01 
 1.9399999999999999e+01 2.1983611076837495e-01 
 1.9410000000000000e+01 2.2060949093848051e-01 
 1.9420000000000002e+01 2.2109888858348356e-01 
 1.9430000000000000e+01 2.2131203876444136e-01 
 1.9440000000000001e+01 2.2125667654241121e-01 
 1.9449999999999999e+01 2.2094053697845040e-01 
 1.9460000000000001e+01 2.2037135513361591e-01 
 1.9469999999999999e+01 2.1955686606896535e-01 
 1.9480000000000000e+01 2.1850480484555534e-01 
 1.9489999999999998e+01 2.1722290652444387e-01 
 1.9500000000000000e+01 2.1571890616668724e-01 
 1.9510000000000002e+01 2.1400053883334302e-01 
 1.9520000000000000e+01 2.1207553958546924e-01 
 1.9530000000000001e+01 2.0995164348412168e-01 
 1.9539999999999999e+01 2.0763658559035908e-01 
 1.9550000000000001e+01 2.0513810096523699e-01 
 1.9559999999999999e+01 2.0246392466981442e-01 
 1.9570000000000000e+01 1.9962179176514666e-01 
 1.9579999999999998e+01 1.9661943731229298e-01 
 1.9590000000000000e+01 1.9346459637230842e-01 
 1.9600000000000001e+01 1.9016500400625125e-01 
 1.9609999999999999e+01 1.8671074297131926e-01 
 1.9620000000000001e+01 1.8309801187162147e-01 
 1.9629999999999999e+01 1.7934371953859002e-01 
 1.9640000000000001e+01 1.7546477480365175e-01 
 1.9649999999999999e+01 1.7147808649823904e-01 
 1.9660000000000000e+01 1.6740056345377857e-01 
 1.9670000000000002e+01 1.6324911450170135e-01 
 1.9680000000000000e+01 1.5904064847343843e-01 
 1.9690000000000001e+01 1.5479207420041644e-01 
 1.9699999999999999e+01 1.5052030051406790e-01 
 1.9710000000000001e+01 1.4624223624581936e-01 
 1.9719999999999999e+01 1.4197479022710344e-01 
 1.9730000000000000e+01 1.3773487128934667e-01 
 1.9739999999999998e+01 1.3353938826398160e-01 
 1.9750000000000000e+01 1.2940524998243483e-01 
 1.9760000000000002e+01 1.2534936527613744e-01 
 1.9770000000000000e+01 1.2138864297652040e-01 
 1.9780000000000001e+01 1.1753999191501044e-01 
 1.9789999999999999e+01 1.1382032092303987e-01 
 1.9800000000000001e+01 1.1024653883203561e-01 
 1.9809999999999999e+01 1.0676873275552697e-01 
 1.9820000000000000e+01 1.0333023408395628e-01 
 1.9829999999999998e+01 9.9937818064132725e-02 
 1.9840000000000000e+01 9.6598259942860643e-02 
 1.9850000000000001e+01 9.3318334966947983e-02 
 1.9859999999999999e+01 9.0104818383202612e-02 
 1.9870000000000001e+01 8.6964485438428968e-02 
 1.9879999999999999e+01 8.3904111379436028e-02 
 1.9890000000000001e+01 8.0930471453028355e-02 
 1.9899999999999999e+01 7.8050340906014787e-02 
 1.9910000000000000e+01 7.5270494985200026e-02 
 1.9920000000000002e+01 7.2597708937391842e-02 
 1.9930000000000000e+01 7.0038758009397850e-02 
 1.9940000000000001e+01 6.7600417448023004e-02 
 1.9949999999999999e+01 6.5289462500075723e-02 
 1.9960000000000001e+01 6.3112668412361128e-02 
 1.9969999999999999e+01 6.1076810431687487e-02 
 1.9980000000000000e+01 5.9188663804860105e-02 
 1.9989999999999998e+01 5.7455003778687050e-02 
 2.0000000000000000e+01 5.5882605599973822e-02 
 