0.0000000000000000e+00 -1.0003848837195841e+00 
 1.0000000000000000e-02 -9.9952114574864381e-01 
 2.0000000000000000e-02 -9.9833360010546812e-01 
 2.9999999999999999e-02 -9.9680555034148155e-01 
 4.0000000000000001e-02 -9.9492030000810860e-01 
 5.0000000000000003e-02 -9.9266115265677357e-01 
 5.9999999999999998e-02 -9.9001141183890096e-01 
 7.0000000000000007e-02 -9.8695438110591516e-01 
 8.0000000000000002e-02 -9.8347336400924068e-01 
 8.9999999999999997e-02 -9.7955166410030203e-01 
 1.0000000000000001e-01 -9.7517258493052350e-01 
 1.1000000000000000e-01 -9.7031943005132970e-01 
 1.2000000000000000e-01 -9.6497550301414492e-01 
 1.3000000000000000e-01 -9.5912410737039366e-01 
 1.4000000000000001e-01 -9.5274854667150033e-01 
 1.4999999999999999e-01 -9.4583212446888942e-01 
 1.6000000000000000e-01 -9.3835814431398534e-01 
 1.7000000000000001e-01 -9.3030990975821248e-01 
 1.7999999999999999e-01 -9.2167072435299546e-01 
 1.9000000000000000e-01 -9.1242389164975846e-01 
 2.0000000000000001e-01 -9.0255271519992619e-01 
 2.0999999999999999e-01 -8.9227729326544980e-01 
 2.2000000000000000e-01 -8.8181473981434666e-01 
 2.3000000000000001e-01 -8.7114388195714043e-01 
 2.3999999999999999e-01 -8.6024354680435478e-01 
 2.5000000000000000e-01 -8.4909256146651302e-01 
 2.6000000000000001e-01 -8.3766975305413882e-01 
 2.7000000000000002e-01 -8.2595394867775584e-01 
 2.8000000000000003e-01 -8.1392397544788764e-01 
 2.8999999999999998e-01 -8.0155866047505775e-01 
 2.9999999999999999e-01 -7.8883683086978973e-01 
 3.1000000000000000e-01 -7.7573731374260713e-01 
 3.2000000000000001e-01 -7.6223893620403360e-01 
 3.3000000000000002e-01 -7.4832052536459259e-01 
 3.4000000000000002e-01 -7.3396090833480787e-01 
 3.5000000000000003e-01 -7.1913891222520288e-01 
 3.5999999999999999e-01 -7.0383336414630127e-01 
 3.7000000000000000e-01 -6.8802309120862648e-01 
 3.8000000000000000e-01 -6.7168692052270218e-01 
 3.9000000000000001e-01 -6.5480367919905191e-01 
 4.0000000000000002e-01 -6.3735219434819923e-01 
 4.1000000000000003e-01 -6.1959458491143204e-01 
 4.1999999999999998e-01 -6.0180634775094044e-01 
 4.2999999999999999e-01 -5.8398637685860133e-01 
 4.4000000000000000e-01 -5.6613356622629152e-01 
 4.5000000000000001e-01 -5.4824680984588814e-01 
 4.6000000000000002e-01 -5.3032500170926800e-01 
 4.7000000000000003e-01 -5.1236703580830811e-01 
 4.7999999999999998e-01 -4.9437180613488541e-01 
 4.8999999999999999e-01 -4.7633820668087679e-01 
 5.0000000000000000e-01 -4.5826513143815917e-01 
 5.1000000000000001e-01 -4.4015147439860958e-01 
 5.2000000000000002e-01 -4.2199612955410493e-01 
 5.3000000000000003e-01 -4.0379799089652202e-01 
 5.4000000000000004e-01 -3.8555595241773793e-01 
 5.5000000000000004e-01 -3.6726890810962964e-01 
 5.6000000000000005e-01 -3.4893575196407395e-01 
 5.7000000000000006e-01 -3.3055537797294787e-01 
 5.7999999999999996e-01 -3.1212668012812855e-01 
 5.8999999999999997e-01 -2.9364855242149246e-01 
 5.9999999999999998e-01 -2.7511988884491684e-01 
 6.0999999999999999e-01 -2.5652477787999439e-01 
 6.2000000000000000e-01 -2.3785404665216409e-01 
 6.3000000000000000e-01 -2.1911669711907214e-01 
 6.4000000000000001e-01 -2.0032173123836489e-01 
 6.5000000000000002e-01 -1.8147815096768860e-01 
 6.6000000000000003e-01 -1.6259495826468950e-01 
 6.7000000000000004e-01 -1.4368115508701393e-01 
 6.8000000000000005e-01 -1.2474574339230809e-01 
 6.9000000000000006e-01 -1.0579772513821833e-01 
 7.0000000000000007e-01 -8.6846102282390814e-02 
 7.0999999999999996e-01 -6.7899876782472141e-02 
 7.1999999999999997e-01 -4.8968050596108065e-02 
 7.2999999999999998e-01 -3.0059625680945168e-02 
 7.3999999999999999e-01 -1.1183603994629587e-02 
 7.5000000000000000e-01 7.6510125051922895e-03 
 7.6000000000000001e-01 2.6435221860874214e-02 
 7.7000000000000002e-01 4.5160022114769993e-02 
 7.8000000000000003e-01 6.3816411309233267e-02 
 7.9000000000000004e-01 8.2395387486617788e-02 
 8.0000000000000004e-01 1.0088794868927720e-01 
 8.1000000000000005e-01 1.1918125576358207e-01 
 8.2000000000000006e-01 1.3717602797187303e-01 
 8.3000000000000007e-01 1.5488360098045925e-01 
 8.3999999999999997e-01 1.7231531045564968e-01 
 8.4999999999999998e-01 1.8948249206375395e-01 
 8.5999999999999999e-01 2.0639648147108092e-01 
 8.7000000000000000e-01 2.2306861434393982e-01 
 8.8000000000000000e-01 2.3951022634863983e-01 
 8.9000000000000001e-01 2.5573265315149007e-01 
 9.0000000000000002e-01 2.7174723041879983e-01 
 9.1000000000000003e-01 2.8756529381687812e-01 
 9.2000000000000004e-01 3.0319817901203422e-01 
 9.3000000000000005e-01 3.1865722167057720e-01 
 9.4000000000000006e-01 3.3395375745881639e-01 
 9.5000000000000007e-01 3.4909912204306071e-01 
 9.5999999999999996e-01 3.6410465108961942e-01 
 9.6999999999999997e-01 3.7898168026480189e-01 
 9.7999999999999998e-01 3.9374154523491711e-01 
 9.8999999999999999e-01 4.0839558166627427e-01 
 1.0000000000000000e+00 4.2295512522518264e-01 
 1.0100000000000000e+00 4.3729743547934630e-01 
 1.0200000000000000e+00 4.5129752367991566e-01 
 1.0300000000000000e+00 4.6496335301836889e-01 
 1.0400000000000000e+00 4.7830288668618431e-01 
 1.0500000000000000e+00 4.9132408787484017e-01 
 1.0600000000000001e+00 5.0403491977581460e-01 
 1.0700000000000001e+00 5.1644334558058602e-01 
 1.0800000000000001e+00 5.2855732848063264e-01 
 1.0900000000000001e+00 5.4038483166743267e-01 
 1.1000000000000001e+00 5.5193381833246435e-01 
 1.1100000000000001e+00 5.6321225166720601e-01 
 1.1200000000000001e+00 5.7422809486313575e-01 
 1.1300000000000001e+00 5.8498931111173191e-01 
 1.1400000000000001e+00 5.9550386360447283e-01 
 1.1500000000000001e+00 6.0577971553283660e-01 
 1.1599999999999999e+00 6.1582483008830136e-01 
 1.1699999999999999e+00 6.2564717046234586e-01 
 1.1799999999999999e+00 6.3525469984644789e-01 
 1.1899999999999999e+00 6.4465538143208589e-01 
 1.2000000000000000e+00 6.5385717841073809e-01 
 1.2100000000000000e+00 6.6282876156890325e-01 
 1.2200000000000000e+00 6.7153412954511116e-01 
 1.2300000000000000e+00 6.7997423730888706e-01 
 1.2400000000000000e+00 6.8815003982975620e-01 
 1.2500000000000000e+00 6.9606249207724347e-01 
 1.2600000000000000e+00 7.0371254902087410e-01 
 1.2700000000000000e+00 7.1110116563017334e-01 
 1.2800000000000000e+00 7.1822929687466619e-01 
 1.2900000000000000e+00 7.2509789772387778e-01 
 1.3000000000000000e+00 7.3170792314733324e-01 
 1.3100000000000001e+00 7.3806032811455768e-01 
 1.3200000000000001e+00 7.4415606759507635e-01 
 1.3300000000000001e+00 7.4999609655841426e-01 
 1.3400000000000001e+00 7.5558136997409653e-01 
 1.3500000000000001e+00 7.6091284281164839e-01 
 1.3600000000000001e+00 7.6599147004059487e-01 
 1.3700000000000001e+00 7.7081820663046108e-01 
 1.3800000000000001e+00 7.7539400755077237e-01 
 1.3900000000000001e+00 7.7971982777105353e-01 
 1.4000000000000001e+00 7.8379662226082991e-01 
 1.4099999999999999e+00 7.8763737483584140e-01 
 1.4199999999999999e+00 7.9125347829026782e-01 
 1.4299999999999999e+00 7.9464350106129356e-01 
 1.4399999999999999e+00 7.9780601158610298e-01 
 1.4500000000000000e+00 8.0073957830188047e-01 
 1.4600000000000000e+00 8.0344276964581074e-01 
 1.4700000000000000e+00 8.0591415405507816e-01 
 1.4800000000000000e+00 8.0815229996686710e-01 
 1.4900000000000000e+00 8.1015577581836207e-01 
 1.5000000000000000e+00 8.1192315004674753e-01 
 1.5100000000000000e+00 8.1345299108920799e-01 
 1.5200000000000000e+00 8.1474386738292781e-01 
 1.5300000000000000e+00 8.1579434736509149e-01 
 1.5400000000000000e+00 8.1660299947288362e-01 
 1.5500000000000000e+00 8.1716839214348858e-01 
 1.5600000000000001e+00 8.1748909381409074e-01 
 1.5700000000000001e+00 8.1756367292187460e-01 
 1.5800000000000001e+00 8.1739069790402474e-01 
 1.5900000000000001e+00 8.1696873719772556e-01 
 1.6000000000000001e+00 8.1629635924016142e-01 
 1.6100000000000001e+00 8.1539900531764131e-01 
 1.6200000000000001e+00 8.1430086879174624e-01 
 1.6300000000000001e+00 8.1299864621256868e-01 
 1.6400000000000001e+00 8.1148903413020124e-01 
 1.6500000000000001e+00 8.0976872909473663e-01 
 1.6600000000000001e+00 8.0783442765626734e-01 
 1.6699999999999999e+00 8.0568282636488608e-01 
 1.6799999999999999e+00 8.0331062177068535e-01 
 1.6899999999999999e+00 8.0071451042375774e-01 
 1.7000000000000000e+00 7.9789118887419574e-01 
 1.7100000000000000e+00 7.9483735367209218e-01 
 1.7200000000000000e+00 7.9154970136753955e-01 
 1.7300000000000000e+00 7.8802492851063044e-01 
 1.7400000000000000e+00 7.8425973165145735e-01 
 1.7500000000000000e+00 7.8025080734011298e-01 
 1.7600000000000000e+00 7.7599485212668995e-01 
 1.7700000000000000e+00 7.7148856256128084e-01 
 1.7800000000000000e+00 7.6672863519397816e-01 
 1.7900000000000000e+00 7.6171176657487460e-01 
 1.8000000000000000e+00 7.5643465325406267e-01 
 1.8100000000000001e+00 7.5094945201747487e-01 
 1.8200000000000001e+00 7.4530566983065027e-01 
 1.8300000000000001e+00 7.3949602851309160e-01 
 1.8400000000000001e+00 7.3351324988430189e-01 
 1.8500000000000001e+00 7.2735005576378364e-01 
 1.8600000000000001e+00 7.2099916797103969e-01 
 1.8700000000000001e+00 7.1445330832557297e-01 
 1.8800000000000001e+00 7.0770519864688608e-01 
 1.8900000000000001e+00 7.0074756075448197e-01 
 1.9000000000000001e+00 6.9357311646786313e-01 
 1.9100000000000001e+00 6.8617458760653260e-01 
 1.9199999999999999e+00 6.7854469598999323e-01 
 1.9299999999999999e+00 6.7067616343774750e-01 
 1.9399999999999999e+00 6.6256171176929834e-01 
 1.9500000000000000e+00 6.5419406280414849e-01 
 1.9600000000000000e+00 6.4556593836180065e-01 
 1.9700000000000000e+00 6.3667006026175776e-01 
 1.9800000000000000e+00 6.2749915032352255e-01 
 1.9900000000000000e+00 6.1804593036659772e-01 
 2.0000000000000000e+00 6.0830312221048599e-01 
 2.0100000000000002e+00 5.9839533494987451e-01 
 2.0200000000000000e+00 5.8844169194991058e-01 
 2.0300000000000002e+00 5.7842668643578499e-01 
 2.0400000000000000e+00 5.6833481163269051e-01 
 2.0499999999999998e+00 5.5815056076581870e-01 
 2.0600000000000001e+00 5.4785842706036081e-01 
 2.0699999999999998e+00 5.3744290374150949e-01 
 2.0800000000000001e+00 5.2688848403445587e-01 
 2.0899999999999999e+00 5.1617966116439273e-01 
 2.1000000000000001e+00 5.0530092835651075e-01 
 2.1099999999999999e+00 4.9423677883600298e-01 
 2.1200000000000001e+00 4.8297170582806015e-01 
 2.1299999999999999e+00 4.7149020255787510e-01 
 2.1400000000000001e+00 4.5977676225063879e-01 
 2.1499999999999999e+00 4.4781587813154394e-01 
 2.1600000000000001e+00 4.3559204342578139e-01 
 2.1699999999999999e+00 4.2308975135854421e-01 
 2.1800000000000002e+00 4.1029349515502289e-01 
 2.1899999999999999e+00 3.9718776804041056e-01 
 2.2000000000000002e+00 3.8375706323989789e-01 
 2.2100000000000000e+00 3.7015797237773401e-01 
 2.2200000000000002e+00 3.5655752044852485e-01 
 2.2300000000000000e+00 3.4295585073300222e-01 
 2.2400000000000002e+00 3.2935310651189559e-01 
 2.2500000000000000e+00 3.1574943106593673e-01 
 2.2600000000000002e+00 3.0214496767585508e-01 
 2.2700000000000000e+00 2.8853985962238243e-01 
 2.2800000000000002e+00 2.7493425018624823e-01 
 2.2900000000000000e+00 2.6132828264818431e-01 
 2.3000000000000003e+00 2.4772210028892008e-01 
 2.3100000000000001e+00 2.3411584638918737e-01 
 2.3199999999999998e+00 2.2050966422971616e-01 
 2.3300000000000001e+00 2.0690369709123649e-01 
 2.3399999999999999e+00 1.9329808825448022e-01 
 2.3500000000000001e+00 1.7969298100017667e-01 
 2.3599999999999999e+00 1.6608851860905774e-01 
 2.3700000000000001e+00 1.5248484436185289e-01 
 2.3799999999999999e+00 1.3888210153929381e-01 
 2.3900000000000001e+00 1.2528043342211004e-01 
 2.3999999999999999e+00 1.1167998329103329e-01 
 2.4100000000000001e+00 9.8080426103265825e-02 
 2.4199999999999999e+00 8.4481341974166679e-02 
 2.4300000000000002e+00 7.0882731921697667e-02 
 2.4399999999999999e+00 5.7284596963822862e-02 
 2.4500000000000002e+00 4.3686938118503951e-02 
 2.4600000000000000e+00 3.0089756403705037e-02 
 2.4700000000000002e+00 1.6493052837387792e-02 
 2.4800000000000000e+00 2.8968284375163328e-03 
 2.4900000000000002e+00 -1.0698915777947682e-02 
 2.5000000000000000e+00 -2.4294178791040150e-02 
 2.5100000000000002e+00 -3.7888959583799370e-02 
 2.5200000000000000e+00 -5.1483257138261268e-02 
 2.5300000000000002e+00 -6.5077070436464157e-02 
 2.5400000000000000e+00 -7.8670398460443908e-02 
 2.5500000000000003e+00 -9.2263240192238888e-02 
 2.5600000000000001e+00 -1.0585559461388500e-01 
 2.5699999999999998e+00 -1.1944746070741988e-01 
 2.5800000000000001e+00 -1.3303883745488132e-01 
 2.5899999999999999e+00 -1.4662972383830525e-01 
 2.6000000000000001e+00 -1.6022011883972986e-01 
 2.6099999999999999e+00 -1.7361377027343172e-01 
 2.6200000000000001e+00 -1.8662634647018878e-01 
 2.6299999999999999e+00 -1.9927572718678574e-01 
 2.6400000000000001e+00 -2.1157979218000955e-01 
 2.6499999999999999e+00 -2.2355642120664498e-01 
 2.6600000000000001e+00 -2.3522349402347895e-01 
 2.6699999999999999e+00 -2.4659889038729627e-01 
 2.6800000000000002e+00 -2.5770049005488377e-01 
 2.6899999999999999e+00 -2.6854617278302634e-01 
 2.7000000000000002e+00 -2.7915381832851083e-01 
 2.7100000000000000e+00 -2.8954130644812204e-01 
 2.7200000000000002e+00 -2.9972651689864682e-01 
 2.7300000000000000e+00 -3.0972732943687015e-01 
 2.7400000000000002e+00 -3.1956162381957864e-01 
 2.7500000000000000e+00 -3.2924727980355739e-01 
 2.7600000000000002e+00 -3.3880217714559302e-01 
 2.7700000000000000e+00 -3.4824419560247061e-01 
 2.7800000000000002e+00 -3.5759121493097679e-01 
 2.7900000000000000e+00 -3.6686111488789663e-01 
 2.8000000000000003e+00 -3.7607177523001667e-01 
 2.8100000000000001e+00 -3.8505727318807637e-01 
 2.8199999999999998e+00 -3.9364542808827430e-01 
 2.8300000000000001e+00 -4.0184473283058408e-01 
 2.8399999999999999e+00 -4.0966368031497802e-01 
 2.8500000000000001e+00 -4.1711076344143011e-01 
 2.8599999999999999e+00 -4.2419447510991271e-01 
 2.8700000000000001e+00 -4.3092330822039959e-01 
 2.8799999999999999e+00 -4.3730575567286339e-01 
 2.8900000000000001e+00 -4.4335031036727779e-01 
 2.8999999999999999e+00 -4.4906546520361540e-01 
 2.9100000000000001e+00 -4.5445971308184990e-01 
 2.9199999999999999e+00 -4.5954154690195392e-01 
 2.9300000000000002e+00 -4.6431945956390108e-01 
 2.9399999999999999e+00 -4.6880194396766406e-01 
 2.9500000000000002e+00 -4.7299749301321647e-01 
 2.9600000000000000e+00 -4.7691459960053106e-01 
 2.9700000000000002e+00 -4.8056175662958134e-01 
 2.9800000000000000e+00 -4.8394745700034020e-01 
 2.9900000000000002e+00 -4.8708019361278099e-01 
 3.0000000000000000e+00 -4.8996845936687650e-01 
 3.0100000000000002e+00 -4.9259087187901163e-01 
 3.0200000000000000e+00 -4.9491785669636718e-01 
 3.0300000000000002e+00 -4.9694561861511127e-01 
 3.0400000000000000e+00 -4.9867036243141166e-01 
 3.0500000000000003e+00 -5.0008829294143653e-01 
 3.0600000000000001e+00 -5.0119561494135356e-01 
 3.0700000000000003e+00 -5.0198853322733106e-01 
 3.0800000000000001e+00 -5.0246325259553681e-01 
 3.0899999999999999e+00 -5.0261597784213874e-01 
 3.1000000000000001e+00 -5.0244291376330485e-01 
 3.1099999999999999e+00 -5.0194026515520318e-01 
 3.1200000000000001e+00 -5.0110423681400162e-01 
 3.1299999999999999e+00 -4.9993103353586821e-01 
 3.1400000000000001e+00 -4.9841686011697078e-01 
 3.1499999999999999e+00 -4.9655792135347748e-01 
 3.1600000000000001e+00 -4.9435042204155605e-01 
 3.1699999999999999e+00 -4.9179056697737472e-01 
 3.1800000000000002e+00 -4.8887456095710113e-01 
 3.1899999999999999e+00 -4.8559860877690358e-01 
 3.2000000000000002e+00 -4.8195891523294976e-01 
 3.2100000000000000e+00 -4.7807136125232297e-01 
 3.2200000000000002e+00 -4.7404588522250196e-01 
 3.2300000000000000e+00 -4.6986977813024905e-01 
 3.2400000000000002e+00 -4.6553033096232588e-01 
 3.2500000000000000e+00 -4.6101483470549487e-01 
 3.2600000000000002e+00 -4.5631058034651750e-01 
 3.2700000000000000e+00 -4.5140485887215631e-01 
 3.2800000000000002e+00 -4.4628496126917272e-01 
 3.2900000000000000e+00 -4.4093817852432932e-01 
 3.3000000000000003e+00 -4.3535180162438752e-01 
 3.3100000000000001e+00 -4.2951312155610982e-01 
 3.3200000000000003e+00 -4.2340942930625775e-01 
 3.3300000000000001e+00 -4.1702801586159377e-01 
 3.3399999999999999e+00 -4.1035617220887965e-01 
 3.3500000000000001e+00 -4.0338118933487704e-01 
 3.3599999999999999e+00 -3.9609035822634858e-01 
 3.3700000000000001e+00 -3.8847096987005558e-01 
 3.3799999999999999e+00 -3.8051031525276080e-01 
 3.3900000000000001e+00 -3.7219568536122538e-01 
 3.3999999999999999e+00 -3.6351437118221214e-01 
 3.4100000000000001e+00 -3.5462994450295937e-01 
 3.4199999999999999e+00 -3.4570937879014030e-01 
 3.4300000000000002e+00 -3.3674506754966599e-01 
 3.4399999999999999e+00 -3.2772940428744929e-01 
 3.4500000000000002e+00 -3.1865478250940127e-01 
 3.4600000000000000e+00 -3.0951359572143478e-01 
 3.4700000000000002e+00 -3.0029823742946088e-01 
 3.4800000000000000e+00 -2.9100110113939237e-01 
 3.4900000000000002e+00 -2.8161458035714032e-01 
 3.5000000000000000e+00 -2.7213106858861763e-01 
 3.5100000000000002e+00 -2.6254295933973532e-01 
 3.5200000000000000e+00 -2.5284264611640622e-01 
 3.5300000000000002e+00 -2.4302252242454139e-01 
 3.5400000000000000e+00 -2.3307498177005370e-01 
 3.5500000000000003e+00 -2.2299241765885416e-01 
 3.5600000000000001e+00 -2.1276722359685571e-01 
 3.5700000000000003e+00 -2.0239179308996930e-01 
 3.5800000000000001e+00 -1.9185851964410786e-01 
 3.5899999999999999e+00 -1.8115979676518282e-01 
 3.6000000000000001e+00 -1.7028801795910575e-01 
 3.6099999999999999e+00 -1.5929817627217113e-01 
 3.6200000000000001e+00 -1.4825448932047275e-01 
 3.6299999999999999e+00 -1.3716318746462514e-01 
 3.6400000000000001e+00 -1.2603050106524086e-01 
 3.6499999999999999e+00 -1.1486266048293453e-01 
 3.6600000000000001e+00 -1.0366589607831871e-01 
 3.6699999999999999e+00 -9.2446438212007945e-02 
 3.6800000000000002e+00 -8.1210517244614838e-02 
 3.6899999999999999e+00 -6.9964363536753976e-02 
 3.7000000000000002e+00 -5.8714207449037895e-02 
 3.7100000000000000e+00 -4.7466279342081183e-02 
 3.7200000000000002e+00 -3.6226809576496405e-02 
 3.7300000000000000e+00 -2.5002028512898150e-02 
 3.7400000000000002e+00 -1.3798166511899024e-02 
 3.7500000000000000e+00 -2.6214539341135046e-03 
 3.7600000000000002e+00 8.5218788598457051e-03 
 3.7700000000000000e+00 1.9625601509364182e-02 
 3.7800000000000002e+00 3.0683483653829224e-02 
 3.7900000000000000e+00 4.1689294932626297e-02 
 3.8000000000000003e+00 5.2636804985142782e-02 
 3.8100000000000001e+00 6.3538306866282965e-02 
 3.8200000000000003e+00 7.4410164365192905e-02 
 3.8300000000000001e+00 8.5252253222618063e-02 
 3.8399999999999999e+00 9.6064449179305386e-02 
 3.8500000000000001e+00 1.0684662797600178e-01 
 3.8599999999999999e+00 1.1759866535345272e-01 
 3.8700000000000001e+00 1.2832043705240562e-01 
 3.8799999999999999e+00 1.3901181881360591e-01 
 3.8900000000000001e+00 1.4967268637780107e-01 
 3.8999999999999999e+00 1.6030291548573650e-01 
 3.9100000000000001e+00 1.7090238187815959e-01 
 3.9199999999999999e+00 1.8147096129581591e-01 
 3.9300000000000002e+00 1.9200852947945277e-01 
 3.9399999999999999e+00 2.0251496216981568e-01 
 3.9500000000000002e+00 2.1299013510765205e-01 
 3.9600000000000000e+00 2.2343392403370735e-01 
 3.9700000000000002e+00 2.3384620468872894e-01 
 3.9800000000000000e+00 2.4422685281346238e-01 
 3.9900000000000002e+00 2.5457574414865497e-01 
 4.0000000000000000e+00 2.6489275443505222e-01 
 4.0099999999999998e+00 2.7508303140289736e-01 
 4.0200000000000005e+00 2.8505777494057949e-01 
 4.0300000000000002e+00 2.9482593902606175e-01 
 4.0400000000000000e+00 3.0439647763730993e-01 
 4.0499999999999998e+00 3.1377834475228894e-01 
 4.0600000000000005e+00 3.2298049434896448e-01 
 4.0700000000000003e+00 3.3201188040529983e-01 
 4.0800000000000001e+00 3.4088145689926064e-01 
 4.0899999999999999e+00 3.4959817780881192e-01 
 4.0999999999999996e+00 3.5817099711191847e-01 
 4.1100000000000003e+00 3.6660886878654597e-01 
 4.1200000000000001e+00 3.7492074681065785e-01 
 4.1299999999999999e+00 3.8311558516221972e-01 
 4.1399999999999997e+00 3.9120233781919644e-01 
 4.1500000000000004e+00 3.9918995875955365e-01 
 4.1600000000000001e+00 4.0708740196125487e-01 
 4.1699999999999999e+00 4.1490362140226567e-01 
 4.1799999999999997e+00 4.2264757106055090e-01 
 4.1900000000000004e+00 4.3032820491407620e-01 
 4.2000000000000002e+00 4.3795447694080514e-01 
 4.2100000000000000e+00 4.4545364268705800e-01 
 4.2199999999999998e+00 4.5275003623704202e-01 
 4.2300000000000004e+00 4.5984822937555381e-01 
 4.2400000000000002e+00 4.6675279388738816e-01 
 4.2500000000000000e+00 4.7346830155734171e-01 
 4.2599999999999998e+00 4.7999932417021052e-01 
 4.2700000000000005e+00 4.8635043351079116e-01 
 4.2800000000000002e+00 4.9252620136387854e-01 
 4.2900000000000000e+00 4.9853119951426922e-01 
 4.2999999999999998e+00 5.0436999974675933e-01 
 4.3100000000000005e+00 5.1004717384614529e-01 
 4.3200000000000003e+00 5.1556729359722209e-01 
 4.3300000000000001e+00 5.2093493078478648e-01 
 4.3399999999999999e+00 5.2615465719363430e-01 
 4.3500000000000005e+00 5.3123104460856208e-01 
 4.3600000000000003e+00 5.3616866481436487e-01 
 4.3700000000000001e+00 5.4097208959583931e-01 
 4.3799999999999999e+00 5.4564589073778136e-01 
 4.3899999999999997e+00 5.5019464002498708e-01 
 4.4000000000000004e+00 5.5462290924225277e-01 
 4.4100000000000001e+00 5.5889602221204426e-01 
 4.4199999999999999e+00 5.6297725324850245e-01 
 4.4299999999999997e+00 5.6686809987393505e-01 
 4.4400000000000004e+00 5.7057005961064955e-01 
 4.4500000000000002e+00 5.7408462998095278e-01 
 4.4600000000000000e+00 5.7741330850715245e-01 
 4.4699999999999998e+00 5.8055759271155605e-01 
 4.4800000000000004e+00 5.8351898011647119e-01 
 4.4900000000000002e+00 5.8629896824420469e-01 
 4.5000000000000000e+00 5.8889905461706438e-01 
 4.5099999999999998e+00 5.9132073675735763e-01 
 4.5200000000000005e+00 5.9356551218739184e-01 
 4.5300000000000002e+00 5.9563487842947427e-01 
 4.5400000000000000e+00 5.9753033300591252e-01 
 4.5499999999999998e+00 5.9925337343901375e-01 
 4.5600000000000005e+00 6.0080549725108578e-01 
 4.5700000000000003e+00 6.0218820196443557e-01 
 4.5800000000000001e+00 6.0340298510137080e-01 
 4.5899999999999999e+00 6.0445134418419877e-01 
 4.6000000000000005e+00 6.0533477673522706e-01 
 4.6100000000000003e+00 6.0605193902086707e-01 
 4.6200000000000001e+00 6.0659930710677601e-01 
 4.6299999999999999e+00 6.0697510821412903e-01 
 4.6399999999999997e+00 6.0717756956410152e-01 
 4.6500000000000004e+00 6.0720491837786883e-01 
 4.6600000000000001e+00 6.0705538187660613e-01 
 4.6699999999999999e+00 6.0672718728148889e-01 
 4.6799999999999997e+00 6.0621856181369238e-01 
 4.6900000000000004e+00 6.0552773269439175e-01 
 4.7000000000000002e+00 6.0465292714476249e-01 
 4.7100000000000000e+00 6.0359237238597996e-01 
 4.7199999999999998e+00 6.0234429563921932e-01 
 4.7300000000000004e+00 6.0090692412565583e-01 
 4.7400000000000002e+00 5.9927848506646508e-01 
 4.7500000000000000e+00 5.9745720568282223e-01 
 4.7599999999999998e+00 5.9544131319590254e-01 
 4.7700000000000005e+00 5.9322903482688116e-01 
 4.7800000000000002e+00 5.9081859779693380e-01 
 4.7900000000000000e+00 5.8820822932723549e-01 
 4.7999999999999998e+00 5.8539615663896172e-01 
 4.8100000000000005e+00 5.8242763699266653e-01 
 4.8200000000000003e+00 5.7934486321123368e-01 
 4.8300000000000001e+00 5.7614146585933101e-01 
 4.8399999999999999e+00 5.7281107550162702e-01 
 4.8500000000000005e+00 5.6934732270278965e-01 
 4.8600000000000003e+00 5.6574383802748784e-01 
 4.8700000000000001e+00 5.6199425204038966e-01 
 4.8799999999999999e+00 5.5809219530616327e-01 
 4.8899999999999997e+00 5.5403129838947729e-01 
 4.9000000000000004e+00 5.4980519185499932e-01 
 4.9100000000000001e+00 5.4540750626739865e-01 
 4.9199999999999999e+00 5.4083187219134310e-01 
 4.9299999999999997e+00 5.3607192019150107e-01 
 4.9400000000000004e+00 5.3112128083254051e-01 
 4.9500000000000002e+00 5.2597358467913036e-01 
 4.9600000000000000e+00 5.2062246229593878e-01 
 4.9699999999999998e+00 5.1506154424763395e-01 
 4.9800000000000004e+00 5.0928446109888370e-01 
 4.9900000000000002e+00 5.0328484341435742e-01 
 5.0000000000000000e+00 4.9705632175872283e-01 
 5.0099999999999998e+00 4.9069437419382628e-01 
 5.0200000000000005e+00 4.8429339887528344e-01 
 5.0300000000000002e+00 4.7784540650841895e-01 
 5.0400000000000000e+00 4.7134240779855552e-01 
 5.0499999999999998e+00 4.6477641345101656e-01 
 5.0600000000000005e+00 4.5813943417112485e-01 
 5.0700000000000003e+00 4.5142348066420501e-01 
 5.0800000000000001e+00 4.4462056363557978e-01 
 5.0899999999999999e+00 4.3772269379057260e-01 
 5.1000000000000005e+00 4.3072188183450622e-01 
 5.1100000000000003e+00 4.2361013847270518e-01 
 5.1200000000000001e+00 4.1637947441049233e-01 
 5.1299999999999999e+00 4.0902190035319103e-01 
 5.1399999999999997e+00 4.0152942700612471e-01 
 5.1500000000000004e+00 3.9389406507461600e-01 
 5.1600000000000001e+00 3.8610782526398962e-01 
 5.1699999999999999e+00 3.7816271827956838e-01 
 5.1799999999999997e+00 3.7005075482667560e-01 
 5.1900000000000004e+00 3.6176394561063396e-01 
 5.2000000000000002e+00 3.5329430133676831e-01 
 5.2100000000000000e+00 3.4471398399838210e-01 
 5.2199999999999998e+00 3.3610271501634503e-01 
 5.2300000000000004e+00 3.2746384423732777e-01 
 5.2400000000000002e+00 3.1880072150800332e-01 
 5.2500000000000000e+00 3.1011669667504249e-01 
 5.2599999999999998e+00 3.0141511958511663e-01 
 5.2700000000000005e+00 2.9269934008489651e-01 
 5.2800000000000002e+00 2.8397270802105512e-01 
 5.2900000000000000e+00 2.7523857324026324e-01 
 5.2999999999999998e+00 2.6650028558919231e-01 
 5.3100000000000005e+00 2.5776119491451299e-01 
 5.3200000000000003e+00 2.4902465106289839e-01 
 5.3300000000000001e+00 2.4029400388101918e-01 
 5.3399999999999999e+00 2.3157260321554682e-01 
 5.3500000000000005e+00 2.2286379891315203e-01 
 5.3600000000000003e+00 2.1417094082050783e-01 
 5.3700000000000001e+00 2.0549737878428492e-01 
 5.3799999999999999e+00 1.9684646265115480e-01 
 5.3899999999999997e+00 1.8822154226778895e-01 
 5.4000000000000004e+00 1.7962596748085802e-01 
 5.4100000000000001e+00 1.7105301890611233e-01 
 5.4199999999999999e+00 1.6249375176427433e-01 
 5.4299999999999997e+00 1.5394817780947728e-01 
 5.4400000000000004e+00 1.4541630879585368e-01 
 5.4500000000000002e+00 1.3689815647753834e-01 
 5.4600000000000000e+00 1.2839373260866377e-01 
 5.4699999999999998e+00 1.1990304894336326e-01 
 5.4800000000000004e+00 1.1142611723576931e-01 
 5.4900000000000002e+00 1.0296294924001674e-01 
 5.5000000000000000e+00 9.4513556710238020e-02 
 5.5099999999999998e+00 8.6077951400566441e-02 
 5.5200000000000005e+00 7.7656145065134574e-02 
 5.5300000000000002e+00 6.9248149458077127e-02 
 5.5400000000000000e+00 6.0853976333526669e-02 
 5.5499999999999998e+00 5.2473637445616478e-02 
 5.5600000000000005e+00 4.4107144548479055e-02 
 5.5700000000000003e+00 3.5754509396249190e-02 
 5.5800000000000001e+00 2.7415743743059384e-02 
 5.5899999999999999e+00 1.9090859343042943e-02 
 5.6000000000000005e+00 1.0779867950332367e-02 
 5.6100000000000003e+00 2.6013496922788152e-03 
 5.6200000000000001e+00 -5.3331230128825721e-03 
 5.6299999999999999e+00 -1.3034049974689123e-02 
 5.6399999999999997e+00 -2.0511931002678174e-02 
 5.6500000000000004e+00 -2.7777265906387676e-02 
 5.6600000000000001e+00 -3.4840554495353677e-02 
 5.6699999999999999e+00 -4.1712296579114169e-02 
 5.6799999999999997e+00 -4.8402991967206467e-02 
 5.6900000000000004e+00 -5.4923140469168463e-02 
 5.7000000000000002e+00 -6.1283241894536350e-02 
 5.7100000000000000e+00 -6.7493796052848040e-02 
 5.7199999999999998e+00 -7.3565302753640829e-02 
 5.7300000000000004e+00 -7.9508261806452624e-02 
 5.7400000000000002e+00 -8.5333173020819650e-02 
 5.7500000000000000e+00 -9.1050536206279786e-02 
 5.7599999999999998e+00 -9.6670851172370370e-02 
 5.7700000000000005e+00 -1.0220461772862921e-01 
 5.7800000000000002e+00 -1.0766233568459264e-01 
 5.7900000000000000e+00 -1.1305450484979854e-01 
 5.7999999999999998e+00 -1.1839162503378414e-01 
 5.8100000000000005e+00 -1.2358974974094057e-01 
 5.8200000000000003e+00 -1.2856031871447318e-01 
 5.8300000000000001e+00 -1.3330691112214357e-01 
 5.8399999999999999e+00 -1.3783310613171285e-01 
 5.8500000000000005e+00 -1.4214248291094242e-01 
 5.8600000000000003e+00 -1.4623862062759266e-01 
 5.8700000000000001e+00 -1.5012509844942501e-01 
 5.8799999999999999e+00 -1.5380549554420059e-01 
 5.8899999999999997e+00 -1.5728339107968048e-01 
 5.9000000000000004e+00 -1.6056236422362602e-01 
 5.9100000000000001e+00 -1.6364599414379777e-01 
 5.9199999999999999e+00 -1.6653786000795706e-01 
 5.9299999999999997e+00 -1.6924154098386501e-01 
 5.9400000000000004e+00 -1.7176061623928296e-01 
 5.9500000000000002e+00 -1.7409866494197146e-01 
 5.9600000000000000e+00 -1.7625926625969190e-01 
 5.9699999999999998e+00 -1.7824599936020533e-01 
 5.9800000000000004e+00 -1.8006244341127303e-01 
 5.9900000000000002e+00 -1.8171217758065572e-01 
 6.0000000000000000e+00 -1.8319878103611464e-01 
 6.0099999999999998e+00 -1.8452812792874315e-01 
 6.0200000000000005e+00 -1.8570141432973161e-01 
 6.0300000000000002e+00 -1.8671520228698646e-01 
 6.0400000000000000e+00 -1.8756605384841446e-01 
 6.0499999999999998e+00 -1.8825053106192224e-01 
 6.0600000000000005e+00 -1.8876519597541652e-01 
 6.0700000000000003e+00 -1.8910661063680387e-01 
 6.0800000000000001e+00 -1.8927133709399094e-01 
 6.0899999999999999e+00 -1.8925593739488442e-01 
 6.1000000000000005e+00 -1.8905697358739088e-01 
 6.1100000000000003e+00 -1.8867100771941708e-01 
 6.1200000000000001e+00 -1.8809460183886959e-01 
 6.1299999999999999e+00 -1.8732431799365509e-01 
 6.1400000000000006e+00 -1.8635671823168015e-01 
 6.1500000000000004e+00 -1.8518836460085156e-01 
 6.1600000000000001e+00 -1.8381581914907588e-01 
 6.1699999999999999e+00 -1.8223564392425981e-01 
 6.1799999999999997e+00 -1.8044440097430994e-01 
 6.1900000000000004e+00 -1.7843865234713277e-01 
 6.2000000000000002e+00 -1.7621496009063531e-01 
 6.2100000000000000e+00 -1.7385072310924624e-01 
 6.2199999999999998e+00 -1.7142050635965969e-01 
 6.2300000000000004e+00 -1.6891662096817983e-01 
 6.2400000000000002e+00 -1.6633137806111162e-01 
 6.2500000000000000e+00 -1.6365708876475923e-01 
 6.2599999999999998e+00 -1.6088606420542717e-01 
 6.2700000000000005e+00 -1.5801061550941958e-01 
 6.2800000000000002e+00 -1.5502305380304146e-01 
 6.2900000000000000e+00 -1.5191569021259699e-01 
 6.2999999999999998e+00 -1.4868083586439063e-01 
 6.3100000000000005e+00 -1.4531080188472650e-01 
 6.3200000000000003e+00 -1.4179789939990969e-01 
 6.3300000000000001e+00 -1.3813443953624435e-01 
 6.3399999999999999e+00 -1.3431273342003491e-01 
 6.3500000000000005e+00 -1.3032509217758548e-01 
 6.3600000000000003e+00 -1.2616382693520120e-01 
 6.3700000000000001e+00 -1.2182124881918618e-01 
 6.3799999999999999e+00 -1.1728966895584488e-01 
 6.3900000000000006e+00 -1.1256139847148132e-01 
 6.4000000000000004e+00 -1.0762874849240078e-01 
 6.4100000000000001e+00 -1.0258367967792217e-01 
 6.4199999999999999e+00 -9.7520962817107704e-02 
 6.4299999999999997e+00 -9.2437124230876244e-02 
 6.4400000000000004e+00 -8.7328690240146153e-02 
 6.4500000000000002e+00 -8.2192187165837205e-02 
 6.4600000000000000e+00 -7.7024141328867757e-02 
 6.4699999999999998e+00 -7.1821079050156666e-02 
 6.4800000000000004e+00 -6.6579526650622320e-02 
 6.4900000000000002e+00 -6.1296010451184463e-02 
 6.5000000000000000e+00 -5.5967056772761488e-02 
 6.5099999999999998e+00 -5.0589191936272232e-02 
 6.5200000000000005e+00 -4.5158942262635046e-02 
 6.5300000000000002e+00 -3.9672834072769753e-02 
 6.5400000000000000e+00 -3.4127393687594695e-02 
 6.5499999999999998e+00 -2.8519147428028718e-02 
 6.5600000000000005e+00 -2.2844621614990165e-02 
 6.5700000000000003e+00 -1.7100342569398880e-02 
 6.5800000000000001e+00 -1.1282836612173192e-02 
 6.5899999999999999e+00 -5.3886300642319584e-03 
 6.6000000000000005e+00 5.8575075350653094e-04 
 6.6100000000000003e+00 6.6188139651772952e-03 
 6.6200000000000001e+00 1.2684240420705954e-02 
 6.6299999999999999e+00 1.8778262887857174e-02 
 6.6400000000000006e+00 2.4897114134396155e-02 
 6.6500000000000004e+00 3.1037026928086478e-02 
 6.6600000000000001e+00 3.7194234036693342e-02 
 6.6699999999999999e+00 4.3364968227981408e-02 
 6.6799999999999997e+00 4.9545462269715346e-02 
 6.6900000000000004e+00 5.5731948929660352e-02 
 6.7000000000000002e+00 6.1920660975580001e-02 
 6.7100000000000000e+00 6.8107831175239497e-02 
 6.7199999999999998e+00 7.4289692296403517e-02 
 6.7300000000000004e+00 8.0462477106837252e-02 
 6.7400000000000002e+00 8.6622418374304275e-02 
 6.7500000000000000e+00 9.2765748866569783e-02 
 6.7599999999999998e+00 9.8888701351398475e-02 
 6.7700000000000005e+00 1.0498750859655551e-01 
 6.7800000000000002e+00 1.1105840336980448e-01 
 6.7900000000000000e+00 1.1709761843891060e-01 
 6.7999999999999998e+00 1.2310138657163855e-01 
 6.8100000000000005e+00 1.2907468903749075e-01 
 6.8200000000000003e+00 1.3502512275157127e-01 
 6.8300000000000001e+00 1.4095284395004984e-01 
 6.8399999999999999e+00 1.4685800886909567e-01 
 6.8500000000000005e+00 1.5274077374487852e-01 
 6.8600000000000003e+00 1.5860129481356655e-01 
 6.8700000000000001e+00 1.6443972831132955e-01 
 6.8799999999999999e+00 1.7025623047433674e-01 
 6.8900000000000006e+00 1.7605095753875782e-01 
 6.9000000000000004e+00 1.8182406574076104e-01 
 6.9100000000000001e+00 1.8757571131651612e-01 
 6.9199999999999999e+00 1.9330605050219229e-01 
 6.9299999999999997e+00 1.9901523953395878e-01 
 6.9400000000000004e+00 2.0470343464798529e-01 
 6.9500000000000002e+00 2.1037079208044013e-01 
 6.9600000000000000e+00 2.1601746806749292e-01 
 6.9699999999999998e+00 2.2164361884531292e-01 
 6.9800000000000004e+00 2.2724940065006993e-01 
 6.9900000000000002e+00 2.3283496971793211e-01 
 7.0000000000000000e+00 2.3840048228506916e-01 
 7.0099999999999998e+00 2.4389597358895407e-01 
 7.0200000000000005e+00 2.4927448432539095e-01 
 7.0300000000000002e+00 2.5454067891804433e-01 
 7.0400000000000000e+00 2.5969922179057997e-01 
 7.0499999999999998e+00 2.6475477736666342e-01 
 7.0600000000000005e+00 2.6971201006996043e-01 
 7.0700000000000003e+00 2.7457558432413554e-01 
 7.0800000000000001e+00 2.7935016455285466e-01 
 7.0899999999999999e+00 2.8404041517978307e-01 
 7.1000000000000005e+00 2.8865100062858667e-01 
 7.1100000000000003e+00 2.9318658532293007e-01 
 7.1200000000000001e+00 2.9765183368647902e-01 
 7.1299999999999999e+00 3.0205141014289899e-01 
 7.1400000000000006e+00 3.0638997911585569e-01 
 7.1500000000000004e+00 3.1067220502901383e-01 
 7.1600000000000001e+00 3.1490275230603915e-01 
 7.1699999999999999e+00 3.1908628537059713e-01 
 7.1799999999999997e+00 3.2322746864635304e-01 
 7.1900000000000004e+00 3.2733096655697280e-01 
 7.2000000000000002e+00 3.3140144352612100e-01 
 7.2100000000000000e+00 3.3540169668187275e-01 
 7.2199999999999998e+00 3.3929288445418526e-01 
 7.2300000000000004e+00 3.4307721321954820e-01 
 7.2400000000000002e+00 3.4675688935444998e-01 
 7.2500000000000000e+00 3.5033411923538016e-01 
 7.2599999999999998e+00 3.5381110923882803e-01 
 7.2700000000000005e+00 3.5719006574128309e-01 
 7.2800000000000002e+00 3.6047319511923387e-01 
 7.2900000000000000e+00 3.6366270374916987e-01 
 7.2999999999999998e+00 3.6676079800758044e-01 
 7.3100000000000005e+00 3.6976968427095497e-01 
 7.3200000000000003e+00 3.7269156891578209e-01 
 7.3300000000000001e+00 3.7552865831855137e-01 
 7.3399999999999999e+00 3.7828315885575198e-01 
 7.3500000000000005e+00 3.8095727690387332e-01 
 7.3600000000000003e+00 3.8355321883940419e-01 
 7.3700000000000001e+00 3.8607319103883403e-01 
 7.3799999999999999e+00 3.8851939987865208e-01 
 7.3900000000000006e+00 3.9089405173534764e-01 
 7.4000000000000004e+00 3.9319935298540964e-01 
 7.4100000000000001e+00 3.9541959118271208e-01 
 7.4199999999999999e+00 3.9753790059731059e-01 
 7.4299999999999997e+00 3.9955475767996701e-01 
 7.4400000000000004e+00 4.0147063888144330e-01 
 7.4500000000000002e+00 4.0328602065250091e-01 
 7.4600000000000000e+00 4.0500137944390191e-01 
 7.4699999999999998e+00 4.0661719170640809e-01 
 7.4800000000000004e+00 4.0813393389078140e-01 
 7.4900000000000002e+00 4.0955208244778335e-01 
 7.5000000000000000e+00 4.1087211382817601e-01 
 7.5099999999999998e+00 4.1209450448272106e-01 
 7.5200000000000005e+00 4.1321973086218050e-01 
 7.5300000000000002e+00 4.1424826941731591e-01 
 7.5400000000000000e+00 4.1518059659888928e-01 
 7.5499999999999998e+00 4.1601718885766237e-01 
 7.5600000000000005e+00 4.1675852264439711e-01 
 7.5700000000000003e+00 4.1740507440985514e-01 
 7.5800000000000001e+00 4.1795732060479834e-01 
 7.5899999999999999e+00 4.1841573767998858e-01 
 7.6000000000000005e+00 4.1878080208618773e-01 
 7.6100000000000003e+00 4.1905778653152675e-01 
 7.6200000000000001e+00 4.1925059808373971e-01 
 7.6299999999999999e+00 4.1935766473299280e-01 
 7.6400000000000006e+00 4.1937741446945226e-01 
 7.6500000000000004e+00 4.1930827528328424e-01 
 7.6600000000000001e+00 4.1914867516465504e-01 
 7.6699999999999999e+00 4.1889704210373085e-01 
 7.6799999999999997e+00 4.1855180409067788e-01 
 7.6900000000000004e+00 4.1811138911566226e-01 
 7.7000000000000002e+00 4.1757422516885034e-01 
 7.7100000000000000e+00 4.1693874024040822e-01 
 7.7199999999999998e+00 4.1620336232050226e-01 
 7.7300000000000004e+00 4.1536651939929842e-01 
 7.7400000000000002e+00 4.1442663946696312e-01 
 7.7500000000000000e+00 4.1338215051366256e-01 
 7.7599999999999998e+00 4.1223148052956293e-01 
 7.7700000000000005e+00 4.1097305750483026e-01 
 7.7800000000000002e+00 4.0960530942963108e-01 
 7.7900000000000000e+00 4.0812666429413141e-01 
 7.7999999999999998e+00 4.0653555008849757e-01 
 7.8100000000000005e+00 4.0486470732345536e-01 
 7.8200000000000003e+00 4.0314518987988501e-01 
 7.8300000000000001e+00 4.0137289580318319e-01 
 7.8399999999999999e+00 3.9954372313874686e-01 
 7.8500000000000005e+00 3.9765356993197265e-01 
 7.8600000000000003e+00 3.9569833422825784e-01 
 7.8700000000000001e+00 3.9367391407299912e-01 
 7.8799999999999999e+00 3.9157620751159333e-01 
 7.8900000000000006e+00 3.8940111258943716e-01 
 7.9000000000000004e+00 3.8714452735192795e-01 
 7.9100000000000001e+00 3.8480234984446227e-01 
 7.9199999999999999e+00 3.8237047811243707e-01 
 7.9300000000000006e+00 3.7984481020124905e-01 
 7.9400000000000004e+00 3.7722124415629543e-01 
 7.9500000000000002e+00 3.7449567802297290e-01 
 7.9600000000000000e+00 3.7166400984667836e-01 
 7.9699999999999998e+00 3.6872213767280865e-01 
 7.9800000000000004e+00 3.6566595954676040e-01 
 7.9900000000000002e+00 3.6249137351393107e-01 
 8.0000000000000000e+00 3.5919427761971723e-01 
 8.0099999999999998e+00 3.5582462204544135e-01 
 8.0199999999999996e+00 3.5243380681585051e-01 
 8.0299999999999994e+00 3.4901990474147820e-01 
 8.0400000000000009e+00 3.4558098863285747e-01 
 8.0500000000000007e+00 3.4211513130052312e-01 
 8.0600000000000005e+00 3.3862040555500816e-01 
 8.0700000000000003e+00 3.3509488420684613e-01 
 8.0800000000000001e+00 3.3153664006657069e-01 
 8.0899999999999999e+00 3.2794374594471543e-01 
 8.0999999999999996e+00 3.2431427465181389e-01 
 8.1099999999999994e+00 3.2064629899839975e-01 
 8.1200000000000010e+00 3.1693789179500587e-01 
 8.1300000000000008e+00 3.1318712585216718e-01 
 8.1400000000000006e+00 3.0939207398041663e-01 
 8.1500000000000004e+00 3.0555080899028786e-01 
 8.1600000000000001e+00 3.0166140369231437e-01 
 8.1699999999999999e+00 2.9772193089702981e-01 
 8.1799999999999997e+00 2.9373046341496778e-01 
 8.1899999999999995e+00 2.8968507405666188e-01 
 8.1999999999999993e+00 2.8558383563264572e-01 
 8.2100000000000009e+00 2.8143718573108589e-01 
 8.2200000000000006e+00 2.7725915264250878e-01 
 8.2300000000000004e+00 2.7305319523098343e-01 
 8.2400000000000002e+00 2.6882277236057972e-01 
 8.2500000000000000e+00 2.6457134289536738e-01 
 8.2599999999999998e+00 2.6030236569941628e-01 
 8.2699999999999996e+00 2.5601929963679626e-01 
 8.2799999999999994e+00 2.5172560357157708e-01 
 8.2900000000000009e+00 2.4742473636782780e-01 
 8.3000000000000007e+00 2.4312015688961985e-01 
 8.3100000000000005e+00 2.3881532400102218e-01 
 8.3200000000000003e+00 2.3451369656610466e-01 
 8.3300000000000001e+00 2.3021873344893709e-01 
 8.3399999999999999e+00 2.2593389351358931e-01 
 8.3499999999999996e+00 2.2166263562413113e-01 
 8.3599999999999994e+00 2.1740841864463234e-01 
 8.3700000000000010e+00 2.1317470143916203e-01 
 8.3800000000000008e+00 2.0896494287179151e-01 
 8.3900000000000006e+00 2.0478260180658989e-01 
 8.4000000000000004e+00 2.0063113710762692e-01 
 8.4100000000000001e+00 1.9650927702246160e-01 
 8.4199999999999999e+00 1.9241314324014946e-01 
 8.4299999999999997e+00 1.8834228478700527e-01 
 8.4399999999999995e+00 1.8429625068934374e-01 
 8.4499999999999993e+00 1.8027458997347956e-01 
 8.4600000000000009e+00 1.7627685166572679e-01 
 8.4700000000000006e+00 1.7230258479240154e-01 
 8.4800000000000004e+00 1.6835133837981786e-01 
 8.4900000000000002e+00 1.6442266145429046e-01 
 8.5000000000000000e+00 1.6051610304213404e-01 
 8.5099999999999998e+00 1.5663121216966339e-01 
 8.5199999999999996e+00 1.5276753786319316e-01 
 8.5299999999999994e+00 1.4892462914903812e-01 
 8.5400000000000009e+00 1.4510203505351230e-01 
 8.5500000000000007e+00 1.4129930460293180e-01 
 8.5600000000000005e+00 1.3751598682361063e-01 
 8.5700000000000003e+00 1.3375163074186355e-01 
 8.5800000000000001e+00 1.3000578538400531e-01 
 8.5899999999999999e+00 1.2627799977635057e-01 
 8.5999999999999996e+00 1.2256782294521407e-01 
 8.6099999999999994e+00 1.1892793121661348e-01 
 8.6200000000000010e+00 1.1540847071189417e-01 
 8.6300000000000008e+00 1.1200519515036472e-01 
 8.6400000000000006e+00 1.0871385825133180e-01 
 8.6500000000000004e+00 1.0553021373410271e-01 
 8.6600000000000001e+00 1.0245001531798476e-01 
 8.6699999999999999e+00 9.9469016722285253e-02 
 8.6799999999999997e+00 9.6582971666311496e-02 
 8.6899999999999995e+00 9.3787633869370807e-02 
 8.7000000000000011e+00 9.1078757050770009e-02 
 8.7100000000000009e+00 8.8452094929817385e-02 
 8.7200000000000006e+00 8.5903401225819742e-02 
 8.7300000000000004e+00 8.3428429658084391e-02 
 8.7400000000000002e+00 8.1022933945918627e-02 
 8.7500000000000000e+00 7.8682667808629772e-02 
 8.7599999999999998e+00 7.6403384965525137e-02 
 8.7699999999999996e+00 7.4180839135912030e-02 
 8.7799999999999994e+00 7.2010784039097747e-02 
 8.7900000000000009e+00 6.9888973394389209e-02 
 8.8000000000000007e+00 6.7811160921094515e-02 
 8.8100000000000005e+00 6.5803348386959518e-02 
 8.8200000000000003e+00 6.3894130029374649e-02 
 8.8300000000000001e+00 6.2083148272113392e-02 
 8.8399999999999999e+00 6.0370045538949285e-02 
 8.8499999999999996e+00 5.8754464253655839e-02 
 8.8599999999999994e+00 5.7236046840006577e-02 
 8.8700000000000010e+00 5.5814435721774761e-02 
 8.8800000000000008e+00 5.4489273322734427e-02 
 8.8900000000000006e+00 5.3260202066658824e-02 
 8.9000000000000004e+00 5.2126864377321468e-02 
 8.9100000000000001e+00 5.1088902678495876e-02 
 8.9199999999999999e+00 5.0145959393955573e-02 
 8.9299999999999997e+00 4.9297676947474070e-02 
 8.9399999999999995e+00 4.8543697762824883e-02 
 8.9500000000000011e+00 4.7883664263781427e-02 
 8.9600000000000009e+00 4.7317218874117439e-02 
 8.9700000000000006e+00 4.6844004017606335e-02 
 8.9800000000000004e+00 4.6463662118021609e-02 
 8.9900000000000002e+00 4.6175835599136794e-02 
 9.0000000000000000e+00 4.5980166884725393e-02 
 9.0099999999999998e+00 4.5856714786340590e-02 
 9.0199999999999996e+00 4.5787739233629887e-02 
 9.0299999999999994e+00 4.5776184327508282e-02 
 9.0400000000000009e+00 4.5824994168890791e-02 
 9.0500000000000007e+00 4.5937112858692397e-02 
 9.0600000000000005e+00 4.6115484497828110e-02 
 9.0700000000000003e+00 4.6363053187212934e-02 
 9.0800000000000001e+00 4.6682763027761871e-02 
 9.0899999999999999e+00 4.7077558120389926e-02 
 9.0999999999999996e+00 4.7550382566012087e-02 
 9.1099999999999994e+00 4.8104180465543378e-02 
 9.1200000000000010e+00 4.8741895919898907e-02 
 9.1300000000000008e+00 4.9466473029993456e-02 
 9.1400000000000006e+00 5.0280855896742138e-02 
 9.1500000000000004e+00 5.1187988621059943e-02 
 9.1600000000000001e+00 5.2190815303861889e-02 
 9.1699999999999999e+00 5.3292280046062970e-02 
 9.1799999999999997e+00 5.4495326948578185e-02 
 9.1899999999999995e+00 5.5802900112322543e-02 
 9.2000000000000011e+00 5.7217943638211310e-02 
 9.2100000000000009e+00 5.8691445271734206e-02 
 9.2200000000000006e+00 6.0175178758067147e-02 
 9.2300000000000004e+00 6.1673267197653307e-02 
 9.2400000000000002e+00 6.3189833690935851e-02 
 9.2500000000000000e+00 6.4729001338357947e-02 
 9.2599999999999998e+00 6.6294893240362765e-02 
 9.2699999999999996e+00 6.7891632497393467e-02 
 9.2799999999999994e+00 6.9523342209893244e-02 
 9.2900000000000009e+00 7.1194145478305548e-02 
 9.3000000000000007e+00 7.2908165403072961e-02 
 9.3100000000000005e+00 7.4669525084638935e-02 
 9.3200000000000003e+00 7.6482347623446648e-02 
 9.3300000000000001e+00 7.8350756119939274e-02 
 9.3399999999999999e+00 8.0278873674559964e-02 
 9.3499999999999996e+00 8.2270823387751907e-02 
 9.3599999999999994e+00 8.4330728359958279e-02 
 9.3700000000000010e+00 8.6462711691622604e-02 
 9.3800000000000008e+00 8.8670896483187309e-02 
 9.3900000000000006e+00 9.0959405835095944e-02 
 9.4000000000000004e+00 9.3332362847791672e-02 
 9.4100000000000001e+00 9.5749076273863226e-02 
 9.4199999999999999e+00 9.8166083627737266e-02 
 9.4299999999999997e+00 1.0058335115261385e-01 
 9.4399999999999995e+00 1.0300084509169302e-01 
 9.4500000000000011e+00 1.0541853168817529e-01 
 9.4600000000000009e+00 1.0783637718525983e-01 
 9.4700000000000006e+00 1.1025434782614714e-01 
 9.4800000000000004e+00 1.1267240985403726e-01 
 9.4900000000000002e+00 1.1509052951213027e-01 
 9.5000000000000000e+00 1.1750867304362619e-01 
 9.5099999999999998e+00 1.1992680669172510e-01 
 9.5199999999999996e+00 1.2234489669962706e-01 
 9.5299999999999994e+00 1.2476290931053211e-01 
 9.5400000000000009e+00 1.2718081076764073e-01 
 9.5500000000000007e+00 1.2959856731415215e-01 
 9.5600000000000005e+00 1.3201614519326682e-01 
 9.5700000000000003e+00 1.3443351064818479e-01 
 9.5800000000000001e+00 1.3685062992210614e-01 
 9.5899999999999999e+00 1.3926746925823091e-01 
 9.5999999999999996e+00 1.4168399489975916e-01 
 9.6099999999999994e+00 1.4410033504676950e-01 
 9.6200000000000010e+00 1.4651663495053197e-01 
 9.6300000000000008e+00 1.4893288643103228e-01 
 9.6400000000000006e+00 1.5134908130825739e-01 
 9.6500000000000004e+00 1.5376521140219382e-01 
 9.6600000000000001e+00 1.5618126853282815e-01 
 9.6699999999999999e+00 1.5859724452014695e-01 
 9.6799999999999997e+00 1.6101313118413674e-01 
 9.6899999999999995e+00 1.6342892034478407e-01 
 9.7000000000000011e+00 1.6584460382207594e-01 
 9.7100000000000009e+00 1.6826017343599800e-01 
 9.7200000000000006e+00 1.7067562100653727e-01 
 9.7300000000000004e+00 1.7309093835368028e-01 
 9.7400000000000002e+00 1.7550611729741358e-01 
 9.7500000000000000e+00 1.7792114965772374e-01 
 9.7599999999999998e+00 1.8033602725459727e-01 
 9.7699999999999996e+00 1.8275074190802076e-01 
 9.7799999999999994e+00 1.8516528543798072e-01 
 9.7900000000000009e+00 1.8757964966446417e-01 
 9.8000000000000007e+00 1.8999382640745677e-01 
 9.8100000000000005e+00 1.9237779939806285e-01 
 9.8200000000000003e+00 1.9470335459681770e-01 
 9.8300000000000001e+00 1.9697318716785497e-01 
 9.8399999999999999e+00 1.9918999227530831e-01 
 9.8499999999999996e+00 2.0135646508331134e-01 
 9.8599999999999994e+00 2.0347530075599768e-01 
 9.8700000000000010e+00 2.0554919445750136e-01 
 9.8800000000000008e+00 2.0758084135195526e-01 
 9.8900000000000006e+00 2.0957293660349341e-01 
 9.9000000000000004e+00 2.1152817537624943e-01 
 9.9100000000000001e+00 2.1344925283435701e-01 
 9.9199999999999999e+00 2.1533886414194969e-01 
 9.9299999999999997e+00 2.1719970446316120e-01 
 9.9399999999999995e+00 2.1903446896212514e-01 
 9.9500000000000011e+00 2.2084585280297547e-01 
 9.9600000000000009e+00 2.2263655114984521e-01 
 9.9700000000000006e+00 2.2440925916686827e-01 
 9.9800000000000004e+00 2.2616667201817833e-01 
 9.9900000000000002e+00 2.2791148486790902e-01 
 1.0000000000000000e+01 2.2964639288019395e-01 
 1.0010000000000000e+01 2.3135558164970324e-01 
 1.0020000000000000e+01 2.3302192559137674e-01 
 1.0029999999999999e+01 2.3464615309975262e-01 
 1.0039999999999999e+01 2.3622899256936916e-01 
 1.0049999999999999e+01 2.3777117239476453e-01 
 1.0060000000000000e+01 2.3927342097047730e-01 
 1.0070000000000000e+01 2.4073646669104506e-01 
 1.0080000000000000e+01 2.4216103795100641e-01 
 1.0090000000000000e+01 2.4354786314489951e-01 
 1.0100000000000000e+01 2.4489767066726265e-01 
 1.0109999999999999e+01 2.4621118891263397e-01 
 1.0119999999999999e+01 2.4748914627555177e-01 
 1.0129999999999999e+01 2.4873227115055427e-01 
 1.0140000000000001e+01 2.4994129193217987e-01 
 1.0150000000000000e+01 2.5111693701496640e-01 
 1.0160000000000000e+01 2.5225993479345232e-01 
 1.0170000000000000e+01 2.5337101366217579e-01 
 1.0180000000000000e+01 2.5445090201567516e-01 
 1.0190000000000000e+01 2.5550032824848851e-01 
 1.0199999999999999e+01 2.5652002075515418e-01 
 1.0209999999999999e+01 2.5750953289087575e-01 
 1.0220000000000001e+01 2.5846776496472856e-01 
 1.0230000000000000e+01 2.5939446580205788e-01 
 1.0240000000000000e+01 2.6028938422820924e-01 
 1.0250000000000000e+01 2.6115226906852823e-01 
 1.0260000000000000e+01 2.6198286914836039e-01 
 1.0270000000000000e+01 2.6278093329305119e-01 
 1.0279999999999999e+01 2.6354621032794612e-01 
 1.0289999999999999e+01 2.6427844907839071e-01 
 1.0299999999999999e+01 2.6497739836973050e-01 
 1.0310000000000000e+01 2.6564280702731108e-01 
 1.0320000000000000e+01 2.6627442387647771e-01 
 1.0330000000000000e+01 2.6687199774257608e-01 
 1.0340000000000000e+01 2.6743527745095164e-01 
 1.0350000000000000e+01 2.6796401182694995e-01 
 1.0359999999999999e+01 2.6845794969591646e-01 
 1.0369999999999999e+01 2.6891683988319676e-01 
 1.0379999999999999e+01 2.6934043121413626e-01 
 1.0390000000000001e+01 2.6972847251408061e-01 
 1.0400000000000000e+01 2.7008071260837518e-01 
 1.0410000000000000e+01 2.7040365631113111e-01 
 1.0420000000000000e+01 2.7070348033257274e-01 
 1.0430000000000000e+01 2.7097944134221558e-01 
 1.0440000000000000e+01 2.7123079600957506e-01 
 1.0449999999999999e+01 2.7145680100416653e-01 
 1.0459999999999999e+01 2.7165671299550553e-01 
 1.0470000000000001e+01 2.7182978865310747e-01 
 1.0480000000000000e+01 2.7197528464648774e-01 
 1.0490000000000000e+01 2.7209245764516182e-01 
 1.0500000000000000e+01 2.7218056431864518e-01 
 1.0510000000000000e+01 2.7223886133645320e-01 
 1.0520000000000000e+01 2.7226660536810132e-01 
 1.0529999999999999e+01 2.7226305308310506e-01 
 1.0539999999999999e+01 2.7222746115097979e-01 
 1.0549999999999999e+01 2.7215908624124097e-01 
 1.0560000000000000e+01 2.7205718502340398e-01 
 1.0570000000000000e+01 2.7192101416698439e-01 
 1.0580000000000000e+01 2.7174983034149752e-01 
 1.0590000000000000e+01 2.7154289021645889e-01 
 1.0600000000000000e+01 2.7129945046138387e-01 
 1.0609999999999999e+01 2.7103132950592435e-01 
 1.0619999999999999e+01 2.7074997110945614e-01 
 1.0629999999999999e+01 2.7045406993608090e-01 
 1.0640000000000001e+01 2.7014232064990007e-01 
 1.0650000000000000e+01 2.6981341791501529e-01 
 1.0660000000000000e+01 2.6946605639552812e-01 
 1.0670000000000000e+01 2.6909893075554003e-01 
 1.0680000000000000e+01 2.6871073565915260e-01 
 1.0690000000000000e+01 2.6830016577046739e-01 
 1.0699999999999999e+01 2.6786591575358593e-01 
 1.0709999999999999e+01 2.6740668027260978e-01 
 1.0720000000000001e+01 2.6692115399164040e-01 
 1.0730000000000000e+01 2.6640803157477955e-01 
 1.0740000000000000e+01 2.6586600768612861e-01 
 1.0750000000000000e+01 2.6529377698978918e-01 
 1.0760000000000000e+01 2.6469003414986281e-01 
 1.0770000000000000e+01 2.6405347383045102e-01 
 1.0779999999999999e+01 2.6338279069565540e-01 
 1.0789999999999999e+01 2.6267667940957751e-01 
 1.0799999999999999e+01 2.6193383463631881e-01 
 1.0810000000000000e+01 2.6116929994282312e-01 
 1.0820000000000000e+01 2.6039853386174555e-01 
 1.0830000000000000e+01 2.5962085350575409e-01 
 1.0840000000000000e+01 2.5883557598751683e-01 
 1.0850000000000000e+01 2.5804201841970187e-01 
 1.0859999999999999e+01 2.5723949791497724e-01 
 1.0869999999999999e+01 2.5642733158601111e-01 
 1.0879999999999999e+01 2.5560483654547150e-01 
 1.0890000000000001e+01 2.5477132990602647e-01 
 1.0900000000000000e+01 2.5392612878034426e-01 
 1.0910000000000000e+01 2.5306855028109293e-01 
 1.0920000000000000e+01 2.5219791152094051e-01 
 1.0930000000000000e+01 2.5131352961255510e-01 
 1.0940000000000000e+01 2.5041472166860484e-01 
 1.0949999999999999e+01 2.4950080480175774e-01 
 1.0959999999999999e+01 2.4857109612468198e-01 
 1.0970000000000001e+01 2.4762491275004542e-01 
 1.0980000000000000e+01 2.4666157179051651e-01 
 1.0990000000000000e+01 2.4568039035876316e-01 
 1.1000000000000000e+01 2.4468068556745348e-01 
 1.1010000000000000e+01 2.4366649437579299e-01 
 1.1020000000000000e+01 2.4264298542086782e-01 
 1.1029999999999999e+01 2.4161117333216711e-01 
 1.1039999999999999e+01 2.4057207273917994e-01 
 1.1049999999999999e+01 2.3952669827139539e-01 
 1.1060000000000000e+01 2.3847606455830239e-01 
 1.1070000000000000e+01 2.3742118622939040e-01 
 1.1080000000000000e+01 2.3636307791414835e-01 
 1.1090000000000000e+01 2.3530275424206529e-01 
 1.1100000000000000e+01 2.3424122984263035e-01 
 1.1109999999999999e+01 2.3317951934533263e-01 
 1.1119999999999999e+01 2.3211863737966121e-01 
 1.1129999999999999e+01 2.3105959857510519e-01 
 1.1140000000000001e+01 2.3000341756115350e-01 
 1.1150000000000000e+01 2.2895110896729556e-01 
 1.1160000000000000e+01 2.2790368742302036e-01 
 1.1170000000000000e+01 2.2686216755781691e-01 
 1.1180000000000000e+01 2.2582756400117437e-01 
 1.1190000000000000e+01 2.2480089138258180e-01 
 1.1199999999999999e+01 2.2378316433152828e-01 
 1.1209999999999999e+01 2.2277378748457355e-01 
 1.1220000000000001e+01 2.2177141839838935e-01 
 1.1230000000000000e+01 2.2077595108263368e-01 
 1.1240000000000000e+01 2.1978727954696392e-01 
 1.1250000000000000e+01 2.1880529780103769e-01 
 1.1260000000000000e+01 2.1782989985451259e-01 
 1.1270000000000000e+01 2.1686097971704621e-01 
 1.1279999999999999e+01 2.1589843139829615e-01 
 1.1289999999999999e+01 2.1494214890791999e-01 
 1.1299999999999999e+01 2.1399202625557534e-01 
 1.1310000000000000e+01 2.1304795745091967e-01 
 1.1320000000000000e+01 2.1210983650361084e-01 
 1.1330000000000000e+01 2.1117755742330632e-01 
 1.1340000000000000e+01 2.1025101421966369e-01 
 1.1350000000000000e+01 2.0933010090234058e-01 
 1.1359999999999999e+01 2.0841471148099455e-01 
 1.1369999999999999e+01 2.0750473996528321e-01 
 1.1379999999999999e+01 2.0660008036486416e-01 
 1.1390000000000001e+01 2.0570062668939484e-01 
 1.1400000000000000e+01 2.0480627294853315e-01 
 1.1410000000000000e+01 2.0393401309750700e-01 
 1.1420000000000000e+01 2.0310003501864574e-01 
 1.1430000000000000e+01 2.0230302361225891e-01 
 1.1440000000000000e+01 2.0154166377865604e-01 
 1.1449999999999999e+01 2.0081464041814667e-01 
 1.1459999999999999e+01 2.0012063843104033e-01 
 1.1470000000000001e+01 1.9945834271764648e-01 
 1.1480000000000000e+01 1.9882643817827486e-01 
 1.1490000000000000e+01 1.9822360971323488e-01 
 1.1500000000000000e+01 1.9764854222283609e-01 
 1.1510000000000000e+01 1.9709992060738804e-01 
 1.1520000000000000e+01 1.9657642976720024e-01 
 1.1529999999999999e+01 1.9607675460258225e-01 
 1.1539999999999999e+01 1.9559958001384362e-01 
 1.1550000000000001e+01 1.9514359090129380e-01 
 1.1560000000000000e+01 1.9470747216524245e-01 
 1.1570000000000000e+01 1.9428990870599908e-01 
 1.1580000000000000e+01 1.9388958542387319e-01 
 1.1590000000000000e+01 1.9350518721917434e-01 
 1.1600000000000000e+01 1.9313539899221205e-01 
 1.1609999999999999e+01 1.9278635755086518e-01 
 1.1619999999999999e+01 1.9246529885238953e-01 
 1.1629999999999999e+01 1.9217255652116005e-01 
 1.1640000000000001e+01 1.9190846418155172e-01 
 1.1650000000000000e+01 1.9167335545793956e-01 
 1.1660000000000000e+01 1.9146756397469850e-01 
 1.1670000000000000e+01 1.9129142335620355e-01 
 1.1680000000000000e+01 1.9114526722682965e-01 
 1.1690000000000000e+01 1.9102942921095178e-01 
 1.1699999999999999e+01 1.9094424293294496e-01 
 1.1709999999999999e+01 1.9089004201718410e-01 
 1.1720000000000001e+01 1.9086716008804419e-01 
 1.1730000000000000e+01 1.9087593076990025e-01 
 1.1740000000000000e+01 1.9091668768712722e-01 
 1.1750000000000000e+01 1.9098976446410007e-01 
 1.1760000000000000e+01 1.9109549472519380e-01 
 1.1770000000000000e+01 1.9123421209478336e-01 
 1.1779999999999999e+01 1.9140625019724372e-01 
 1.1789999999999999e+01 1.9161194265694989e-01 
 1.1800000000000001e+01 1.9185162309827686e-01 
 1.1810000000000000e+01 1.9211303723965495e-01 
 1.1820000000000000e+01 1.9238456196538301e-01 
 1.1830000000000000e+01 1.9266747764863867e-01 
 1.1840000000000000e+01 1.9296306466259955e-01 
 1.1850000000000000e+01 1.9327260338044330e-01 
 1.1859999999999999e+01 1.9359737417534753e-01 
 1.1869999999999999e+01 1.9393865742048985e-01 
 1.1879999999999999e+01 1.9429773348904791e-01 
 1.1890000000000001e+01 1.9467588275419942e-01 
 1.1900000000000000e+01 1.9507438558912182e-01 
 1.1910000000000000e+01 1.9549452236699286e-01 
 1.1920000000000000e+01 1.9593757346099011e-01 
 1.1930000000000000e+01 1.9640481924429123e-01 
 1.1940000000000000e+01 1.9689754009007385e-01 
 1.1949999999999999e+01 1.9741701637151557e-01 
 1.1959999999999999e+01 1.9796452846179405e-01 
 1.1970000000000001e+01 1.9854135673408702e-01 
 1.1980000000000000e+01 1.9914878156157184e-01 
 1.1990000000000000e+01 1.9978808331742631e-01 
 1.2000000000000000e+01 2.0046054237482802e-01 
 1.2010000000000000e+01 2.0115303562154466e-01 
 1.2020000000000000e+01 2.0185118003482408e-01 
 1.2030000000000001e+01 2.0255436612206434e-01 
 1.2039999999999999e+01 2.0326198439066295e-01 
 1.2050000000000001e+01 2.0397342534801832e-01 
 1.2059999999999999e+01 2.0468807950152790e-01 
 1.2070000000000000e+01 2.0540533735859007e-01 
 1.2080000000000000e+01 2.0612458942660239e-01 
 1.2090000000000000e+01 2.0684522621296286e-01 
 1.2100000000000000e+01 2.0756663822506943e-01 
 1.2109999999999999e+01 2.0828821597031996e-01 
 1.2120000000000001e+01 2.0900934995611256e-01 
 1.2129999999999999e+01 2.0972943068984470e-01 
 1.2140000000000001e+01 2.1044784867891483e-01 
 1.2149999999999999e+01 2.1116399443072034e-01 
 1.2160000000000000e+01 2.1187725845265964e-01 
 1.2170000000000000e+01 2.1258703125213030e-01 
 1.2180000000000000e+01 2.1329270333653033e-01 
 1.2190000000000000e+01 2.1399366521325763e-01 
 1.2199999999999999e+01 2.1468930738971015e-01 
 1.2210000000000001e+01 2.1538106296629150e-01 
 1.2219999999999999e+01 2.1607074156784495e-01 
 1.2230000000000000e+01 2.1675829848842895e-01 
 1.2240000000000000e+01 2.1744368902210109e-01 
 1.2250000000000000e+01 2.1812686846291954e-01 
 1.2260000000000000e+01 2.1880779210494219e-01 
 1.2270000000000000e+01 2.1948641524222712e-01 
 1.2280000000000001e+01 2.2016269316883236e-01 
 1.2289999999999999e+01 2.2083658117881555e-01 
 1.2300000000000001e+01 2.2150803456623516e-01 
 1.2309999999999999e+01 2.2217700862514869e-01 
 1.2320000000000000e+01 2.2284345864961458e-01 
 1.2330000000000000e+01 2.2350733993369049e-01 
 1.2340000000000000e+01 2.2416860777143449e-01 
 1.2350000000000000e+01 2.2482721745690457e-01 
 1.2359999999999999e+01 2.2548312428415873e-01 
 1.2370000000000001e+01 2.2613628354725501e-01 
 1.2379999999999999e+01 2.2678665054025113e-01 
 1.2390000000000001e+01 2.2743418055720546e-01 
 1.2399999999999999e+01 2.2807882889217557e-01 
 1.2410000000000000e+01 2.2870080812262536e-01 
 1.2420000000000000e+01 2.2928140929517599e-01 
 1.2430000000000000e+01 2.2982220540762238e-01 
 1.2440000000000000e+01 2.3032476945775948e-01 
 1.2449999999999999e+01 2.3079067444338217e-01 
 1.2460000000000001e+01 2.3122149336228537e-01 
 1.2469999999999999e+01 2.3161879921226378e-01 
 1.2480000000000000e+01 2.3198416499111255e-01 
 1.2490000000000000e+01 2.3231916369662636e-01 
 1.2500000000000000e+01 2.3262536832660022e-01 
 1.2510000000000000e+01 2.3290435187882896e-01 
 1.2520000000000000e+01 2.3315768735110751e-01 
 1.2530000000000001e+01 2.3338694774123073e-01 
 1.2539999999999999e+01 2.3359370604699345e-01 
 1.2550000000000001e+01 2.3377953526619069e-01 
 1.2559999999999999e+01 2.3394600839661719e-01 
 1.2570000000000000e+01 2.3409469843606800e-01 
 1.2580000000000000e+01 2.3422717838233786e-01 
 1.2590000000000000e+01 2.3434502123322173e-01 
 1.2600000000000000e+01 2.3444979998651447e-01 
 1.2609999999999999e+01 2.3453468700652383e-01 
 1.2620000000000001e+01 2.3459158658506557e-01 
 1.2629999999999999e+01 2.3462016961119664e-01 
 1.2640000000000001e+01 2.3462010697397401e-01 
 1.2649999999999999e+01 2.3459106956245465e-01 
 1.2660000000000000e+01 2.3453272826569552e-01 
 1.2670000000000000e+01 2.3444475397275355e-01 
 1.2680000000000000e+01 2.3432681757268575e-01 
 1.2690000000000000e+01 2.3417858995454907e-01 
 1.2699999999999999e+01 2.3399974200740048e-01 
 1.2710000000000001e+01 2.3378994462029687e-01 
 1.2719999999999999e+01 2.3354886868229532e-01 
 1.2730000000000000e+01 2.3327618508245268e-01 
 1.2740000000000000e+01 2.3297156470982600e-01 
 1.2750000000000000e+01 2.3263467845347219e-01 
 1.2760000000000000e+01 2.3226519720244823e-01 
 1.2770000000000000e+01 2.3186279184581110e-01 
 1.2780000000000001e+01 2.3142713327261766e-01 
 1.2789999999999999e+01 2.3095789237192513e-01 
 1.2800000000000001e+01 2.3045474003279010e-01 
 1.2809999999999999e+01 2.2993004149073643e-01 
 1.2820000000000000e+01 2.2939568049535053e-01 
 1.2830000000000000e+01 2.2885060570678456e-01 
 1.2840000000000000e+01 2.2829376578519031e-01 
 1.2850000000000000e+01 2.2772410939071971e-01 
 1.2859999999999999e+01 2.2714058518352462e-01 
 1.2870000000000001e+01 2.2654214182375687e-01 
 1.2879999999999999e+01 2.2592772797156863e-01 
 1.2890000000000001e+01 2.2529629228711140e-01 
 1.2899999999999999e+01 2.2464678343053751e-01 
 1.2910000000000000e+01 2.2397815006199839e-01 
 1.2920000000000000e+01 2.2328934084164631e-01 
 1.2930000000000000e+01 2.2257930442963303e-01 
 1.2940000000000000e+01 2.2184698948611045e-01 
 1.2949999999999999e+01 2.2109134467123046e-01 
 1.2960000000000001e+01 2.2031131864514480e-01 
 1.2969999999999999e+01 2.1950586006800582e-01 
 1.2980000000000000e+01 2.1867391759996485e-01 
 1.2990000000000000e+01 2.1781443990117419e-01 
 1.3000000000000000e+01 2.1692637563178563e-01 
 1.3010000000000000e+01 2.1601995457108375e-01 
 1.3020000000000000e+01 2.1510661182525503e-01 
 1.3030000000000001e+01 2.1418710404480401e-01 
 1.3039999999999999e+01 2.1326218788023585e-01 
 1.3050000000000001e+01 2.1233261998205460e-01 
 1.3059999999999999e+01 2.1139915700076559e-01 
 1.3070000000000000e+01 2.1046255558687282e-01 
 1.3080000000000000e+01 2.0952357239088151e-01 
 1.3090000000000000e+01 2.0858296406329618e-01 
 1.3100000000000000e+01 2.0764148725462150e-01 
 1.3109999999999999e+01 2.0669989861536214e-01 
 1.3120000000000001e+01 2.0575895479602266e-01 
 1.3129999999999999e+01 2.0481941244710822e-01 
 1.3140000000000001e+01 2.0388202821912282e-01 
 1.3149999999999999e+01 2.0294755876257187e-01 
 1.3160000000000000e+01 2.0201676072795932e-01 
 1.3170000000000000e+01 2.0109039076579038e-01 
 1.3180000000000000e+01 2.0016920552656961e-01 
 1.3190000000000000e+01 1.9925396166080164e-01 
 1.3199999999999999e+01 1.9834541581899118e-01 
 1.3210000000000001e+01 1.9744196042877182e-01 
 1.3219999999999999e+01 1.9654150028096332e-01 
 1.3230000000000000e+01 1.9564406057084799e-01 
 1.3240000000000000e+01 1.9474966649370937e-01 
 1.3250000000000000e+01 1.9385834324483020e-01 
 1.3260000000000000e+01 1.9297011601949349e-01 
 1.3270000000000000e+01 1.9208501001298223e-01 
 1.3280000000000001e+01 1.9120305042057922e-01 
 1.3289999999999999e+01 1.9032426243756795e-01 
 1.3300000000000001e+01 1.8944867125923076e-01 
 1.3309999999999999e+01 1.8857630208085124e-01 
 1.3320000000000000e+01 1.8770718009771176e-01 
 1.3330000000000000e+01 1.8684133050509574e-01 
 1.3340000000000000e+01 1.8597877849828606e-01 
 1.3350000000000000e+01 1.8511954927256566e-01 
 1.3359999999999999e+01 1.8426366802321753e-01 
 1.3370000000000001e+01 1.8341115994552451e-01 
 1.3379999999999999e+01 1.8256205023477001e-01 
 1.3390000000000001e+01 1.8171636408623643e-01 
 1.3399999999999999e+01 1.8087412669520736e-01 
 1.3410000000000000e+01 1.8005358285280634e-01 
 1.3420000000000000e+01 1.7927187237548023e-01 
 1.3430000000000000e+01 1.7852736299649521e-01 
 1.3440000000000000e+01 1.7781842244911761e-01 
 1.3449999999999999e+01 1.7714341846661369e-01 
 1.3460000000000001e+01 1.7650071878224971e-01 
 1.3469999999999999e+01 1.7588869112929228e-01 
 1.3480000000000000e+01 1.7530570324100733e-01 
 1.3490000000000000e+01 1.7475012285066144e-01 
 1.3500000000000000e+01 1.7422031769152085e-01 
 1.3510000000000000e+01 1.7371465549685189e-01 
 1.3520000000000000e+01 1.7323150399992082e-01 
 1.3530000000000001e+01 1.7276923093399393e-01 
 1.3539999999999999e+01 1.7232620403233778e-01 
 1.3550000000000001e+01 1.7190079102821831e-01 
 1.3559999999999999e+01 1.7149135965490223e-01 
 1.3570000000000000e+01 1.7109627764565546e-01 
 1.3580000000000000e+01 1.7071391273374462e-01 
 1.3590000000000000e+01 1.7034263265243590e-01 
 1.3600000000000000e+01 1.6998080513499564e-01 
 1.3609999999999999e+01 1.6964034217551788e-01 
 1.3620000000000001e+01 1.6933388426815976e-01 
 1.3629999999999999e+01 1.6906089189628248e-01 
 1.3640000000000001e+01 1.6882082554324687e-01 
 1.3649999999999999e+01 1.6861314569241417e-01 
 1.3660000000000000e+01 1.6843731282714527e-01 
 1.3670000000000000e+01 1.6829278743080128e-01 
 1.3680000000000000e+01 1.6817902998674325e-01 
 1.3690000000000000e+01 1.6809550097833220e-01 
 1.3699999999999999e+01 1.6804166088892916e-01 
 1.3710000000000001e+01 1.6801697020189521e-01 
 1.3719999999999999e+01 1.6802088940059134e-01 
 1.3730000000000000e+01 1.6805287896837864e-01 
 1.3740000000000000e+01 1.6811239938861813e-01 
 1.3750000000000000e+01 1.6819891114467087e-01 
 1.3760000000000000e+01 1.6831187471989786e-01 
 1.3770000000000000e+01 1.6845075059766015e-01 
 1.3780000000000001e+01 1.6861499926131887e-01 
 1.3789999999999999e+01 1.6880408119423490e-01 
 1.3800000000000001e+01 1.6901745687976943e-01 
 1.3809999999999999e+01 1.6925512929022388e-01 
 1.3820000000000000e+01 1.6951771528682760e-01 
 1.3830000000000000e+01 1.6980559618633298e-01 
 1.3840000000000000e+01 1.7011915330549265e-01 
 1.3850000000000000e+01 1.7045876796105910e-01 
 1.3859999999999999e+01 1.7082482146978492e-01 
 1.3870000000000001e+01 1.7121769514842264e-01 
 1.3879999999999999e+01 1.7163777031372465e-01 
 1.3890000000000001e+01 1.7208542828244378e-01 
 1.3899999999999999e+01 1.7256105037133221e-01 
 1.3910000000000000e+01 1.7306501789714282e-01 
 1.3920000000000000e+01 1.7359771217662792e-01 
 1.3930000000000000e+01 1.7415951452654013e-01 
 1.3940000000000000e+01 1.7475080626363196e-01 
 1.3949999999999999e+01 1.7537196870465596e-01 
 1.3960000000000001e+01 1.7602338316636479e-01 
 1.3969999999999999e+01 1.7670543096551064e-01 
 1.3980000000000000e+01 1.7741849341884652e-01 
 1.3990000000000000e+01 1.7816295184312458e-01 
 1.4000000000000000e+01 1.7893918755509752e-01 
 1.4010000000000000e+01 1.7973759865548608e-01 
 1.4020000000000000e+01 1.8054908818428089e-01 
 1.4030000000000001e+01 1.8137479486713937e-01 
 1.4039999999999999e+01 1.8221585742971838e-01 
 1.4050000000000001e+01 1.8307341459767579e-01 
 1.4059999999999999e+01 1.8394860509666827e-01 
 1.4070000000000000e+01 1.8484256765235374e-01 
 1.4080000000000000e+01 1.8575644099038904e-01 
 1.4090000000000000e+01 1.8669136383643159e-01 
 1.4100000000000000e+01 1.8764847491613865e-01 
 1.4109999999999999e+01 1.8862891295516757e-01 
 1.4120000000000001e+01 1.8963381667917575e-01 
 1.4129999999999999e+01 1.9066432481382001e-01 
 1.4140000000000001e+01 1.9172157608475829e-01 
 1.4149999999999999e+01 1.9280670921764720e-01 
 1.4160000000000000e+01 1.9392086293814473e-01 
 1.4170000000000000e+01 1.9506517597190762e-01 
 1.4180000000000000e+01 1.9624078704459336e-01 
 1.4190000000000000e+01 1.9744883488185921e-01 
 1.4199999999999999e+01 1.9869045820936249e-01 
 1.4210000000000001e+01 1.9995194559067578e-01 
 1.4219999999999999e+01 2.0121918178322981e-01 
 1.4230000000000000e+01 2.0249269980347132e-01 
 1.4240000000000000e+01 2.0377303266784549e-01 
 1.4250000000000000e+01 2.0506071339279838e-01 
 1.4260000000000000e+01 2.0635627499477582e-01 
 1.4270000000000000e+01 2.0766025049022369e-01 
 1.4280000000000001e+01 2.0897317289558803e-01 
 1.4289999999999999e+01 2.1029557522731396e-01 
 1.4300000000000001e+01 2.1162799050184830e-01 
 1.4309999999999999e+01 2.1297095173563593e-01 
 1.4320000000000000e+01 2.1432499194512367e-01 
 1.4330000000000000e+01 2.1569064414675659e-01 
 1.4340000000000000e+01 2.1706844135698081e-01 
 1.4350000000000000e+01 2.1845891659224215e-01 
 1.4359999999999999e+01 2.1986260286898648e-01 
 1.4370000000000001e+01 2.2128003320365985e-01 
 1.4379999999999999e+01 2.2271174061270740e-01 
 1.4390000000000001e+01 2.2415825811257592e-01 
 1.4399999999999999e+01 2.2562011871971030e-01 
 1.4410000000000000e+01 2.2709469442448835e-01 
 1.4420000000000000e+01 2.2857835301717441e-01 
 1.4430000000000000e+01 2.3007012121404694e-01 
 1.4440000000000000e+01 2.3156902573138416e-01 
 1.4449999999999999e+01 2.3307409328546425e-01 
 1.4460000000000001e+01 2.3458435059256566e-01 
 1.4469999999999999e+01 2.3609882436896584e-01 
 1.4480000000000000e+01 2.3761654133094404e-01 
 1.4490000000000000e+01 2.3913652819477765e-01 
 1.4500000000000000e+01 2.4065781167674516e-01 
 1.4510000000000000e+01 2.4217941849312474e-01 
 1.4520000000000000e+01 2.4370037536019465e-01 
 1.4530000000000001e+01 2.4521970899423332e-01 
 1.4539999999999999e+01 2.4673644611151815e-01 
 1.4550000000000001e+01 2.4824961342832846e-01 
 1.4559999999999999e+01 2.4975823766094130e-01 
 1.4570000000000000e+01 2.5126134552563600e-01 
 1.4580000000000000e+01 2.5275796373868997e-01 
 1.4590000000000000e+01 2.5424711901638170e-01 
 1.4600000000000000e+01 2.5572783807498928e-01 
 1.4609999999999999e+01 2.5719926484240818e-01 
 1.4620000000000001e+01 2.5866140569790963e-01 
 1.4629999999999999e+01 2.6011458103483437e-01 
 1.4640000000000001e+01 2.6155911124652509e-01 
 1.4649999999999999e+01 2.6299531672632237e-01 
 1.4660000000000000e+01 2.6442351786756885e-01 
 1.4670000000000000e+01 2.6584403506360532e-01 
 1.4680000000000000e+01 2.6725718870777371e-01 
 1.4690000000000000e+01 2.6866329919341553e-01 
 1.4699999999999999e+01 2.7006268691387247e-01 
 1.4710000000000001e+01 2.7145567226248640e-01 
 1.4719999999999999e+01 2.7284257563259812e-01 
 1.4730000000000000e+01 2.7422371741755019e-01 
 1.4740000000000000e+01 2.7559941801068361e-01 
 1.4750000000000000e+01 2.7696999780534010e-01 
 1.4760000000000000e+01 2.7833577719486130e-01 
 1.4770000000000000e+01 2.7969707657258885e-01 
 1.4780000000000001e+01 2.8105421633186461e-01 
 1.4789999999999999e+01 2.8240751686602938e-01 
 1.4800000000000001e+01 2.8375729856842580e-01 
 1.4809999999999999e+01 2.8508146541346224e-01 
 1.4820000000000000e+01 2.8635903612334057e-01 
 1.4830000000000000e+01 2.8759200321308914e-01 
 1.4840000000000000e+01 2.8878235919773715e-01 
 1.4850000000000000e+01 2.8993209659231362e-01 
 1.4859999999999999e+01 2.9104320791184746e-01 
 1.4870000000000001e+01 2.9211768567136792e-01 
 1.4879999999999999e+01 2.9315752238590337e-01 
 1.4890000000000001e+01 2.9416471057048366e-01 
 1.4899999999999999e+01 2.9514124274013692e-01 
 1.4910000000000000e+01 2.9608911140989297e-01 
 1.4920000000000000e+01 2.9701030909478021e-01 
 1.4930000000000000e+01 2.9790682830982784e-01 
 1.4940000000000000e+01 2.9878066157006483e-01 
 1.4949999999999999e+01 2.9963380139052015e-01 
 1.4960000000000001e+01 3.0046824028622304e-01 
 1.4969999999999999e+01 3.0128597077220193e-01 
 1.4980000000000000e+01 3.0208898536348650e-01 
 1.4990000000000000e+01 3.0287927657510522e-01 
 1.5000000000000000e+01 3.0365883692208728e-01 
 1.5010000000000000e+01 3.0440637818466965e-01 
 1.5020000000000000e+01 3.0510011364872186e-01 
 1.5030000000000001e+01 3.0574128808772161e-01 
 1.5039999999999999e+01 3.0633114627514640e-01 
 1.5050000000000001e+01 3.0687093298447427e-01 
 1.5059999999999999e+01 3.0736189298918259e-01 
 1.5070000000000000e+01 3.0780527106274946e-01 
 1.5080000000000000e+01 3.0820231197865228e-01 
 1.5090000000000000e+01 3.0855426051036883e-01 
 1.5100000000000000e+01 3.0886236143137691e-01 
 1.5109999999999999e+01 3.0912785951515415e-01 
 1.5120000000000001e+01 3.0935199953517828e-01 
 1.5129999999999999e+01 3.0953602626492699e-01 
 1.5140000000000001e+01 3.0968118447787807e-01 
 1.5149999999999999e+01 3.0978871894750915e-01 
 1.5160000000000000e+01 3.0985987444729801e-01 
 1.5170000000000000e+01 3.0989589575072229e-01 
 1.5180000000000000e+01 3.0989802763125979e-01 
 1.5190000000000000e+01 3.0986751486238812e-01 
 1.5199999999999999e+01 3.0980560221758502e-01 
 1.5210000000000001e+01 3.0970532237018789e-01 
 1.5219999999999999e+01 3.0955870344756431e-01 
 1.5230000000000000e+01 3.0936548340423708e-01 
 1.5240000000000000e+01 3.0912540019472939e-01 
 1.5250000000000000e+01 3.0883819177356409e-01 
 1.5260000000000000e+01 3.0850359609526418e-01 
 1.5270000000000000e+01 3.0812135111435263e-01 
 1.5280000000000001e+01 3.0769119478535234e-01 
 1.5289999999999999e+01 3.0721286506278661e-01 
 1.5300000000000001e+01 3.0668609990117796e-01 
 1.5309999999999999e+01 3.0611063725504972e-01 
 1.5320000000000000e+01 3.0548621507892459e-01 
 1.5330000000000000e+01 3.0481257132732581e-01 
 1.5340000000000000e+01 3.0408944395477616e-01 
 1.5350000000000000e+01 3.0331657091579872e-01 
 1.5359999999999999e+01 3.0249369016491645e-01 
 1.5370000000000001e+01 3.0162053965665214e-01 
 1.5379999999999999e+01 3.0069685734552931e-01 
 1.5390000000000001e+01 2.9972238118607014e-01 
 1.5399999999999999e+01 2.9869684913279843e-01 
 1.5410000000000000e+01 2.9763442566651510e-01 
 1.5420000000000000e+01 2.9654803843444311e-01 
 1.5430000000000000e+01 2.9543557014073668e-01 
 1.5440000000000000e+01 2.9429490348955001e-01 
 1.5449999999999999e+01 2.9312392118503733e-01 
 1.5460000000000001e+01 2.9192050593135282e-01 
 1.5469999999999999e+01 2.9068254043265124e-01 
 1.5480000000000000e+01 2.8940790739308608e-01 
 1.5490000000000000e+01 2.8809448951681227e-01 
 1.5500000000000000e+01 2.8674016950798376e-01 
 1.5510000000000000e+01 2.8534283007075495e-01 
 1.5520000000000000e+01 2.8390035390928003e-01 
 1.5530000000000001e+01 2.8241062372771303e-01 
 1.5539999999999999e+01 2.8087152223020895e-01 
 1.5550000000000001e+01 2.7928093212092109e-01 
 1.5559999999999999e+01 2.7763673610400469e-01 
 1.5570000000000000e+01 2.7593681688361299e-01 
 1.5580000000000000e+01 2.7417905716390112e-01 
 1.5590000000000000e+01 2.7236133964902298e-01 
 1.5600000000000000e+01 2.7048154704313287e-01 
 1.5609999999999999e+01 2.6856479644094416e-01 
 1.5620000000000001e+01 2.6663739704409745e-01 
 1.5629999999999999e+01 2.6469901971713933e-01 
 1.5640000000000001e+01 2.6274933532461403e-01 
 1.5649999999999999e+01 2.6078801473106850e-01 
 1.5660000000000000e+01 2.5881472880104694e-01 
 1.5670000000000000e+01 2.5682914839909599e-01 
 1.5680000000000000e+01 2.5483094438976089e-01 
 1.5690000000000000e+01 2.5281978763758722e-01 
 1.5699999999999999e+01 2.5079534900712053e-01 
 1.5710000000000001e+01 2.4875729936290611e-01 
 1.5719999999999999e+01 2.4670530956949063e-01 
 1.5730000000000000e+01 2.4463905049141818e-01 
 1.5740000000000000e+01 2.4255819299323544e-01 
 1.5750000000000000e+01 2.4046240793948770e-01 
 1.5760000000000000e+01 2.3835136619472047e-01 
 1.5770000000000000e+01 2.3622473862347937e-01 
 1.5780000000000001e+01 2.3408219609030959e-01 
 1.5789999999999999e+01 2.3192340945975790e-01 
 1.5800000000000001e+01 2.2974804959636830e-01 
 1.5809999999999999e+01 2.2755475734815137e-01 
 1.5820000000000000e+01 2.2534369890664835e-01 
 1.5830000000000000e+01 2.2311683315170669e-01 
 1.5840000000000000e+01 2.2087611896317227e-01 
 1.5850000000000000e+01 2.1862351522089141e-01 
 1.5859999999999999e+01 2.1636098080471039e-01 
 1.5870000000000001e+01 2.1409047459447511e-01 
 1.5879999999999999e+01 2.1181395547003301e-01 
 1.5890000000000001e+01 2.0953338231122884e-01 
 1.5900000000000000e+01 2.0725071399791006e-01 
 1.5910000000000000e+01 2.0496790940992254e-01 
 1.5920000000000000e+01 2.0268692742711261e-01 
 1.5930000000000000e+01 2.0040972692932654e-01 
 1.5940000000000000e+01 1.9813826679641061e-01 
 1.5949999999999999e+01 1.9587450590821112e-01 
 1.5960000000000001e+01 1.9362040314457396e-01 
 1.5969999999999999e+01 1.9137791738534662e-01 
 1.5980000000000000e+01 1.8914900751037378e-01 
 1.5990000000000000e+01 1.8693563239950295e-01 
 1.6000000000000000e+01 1.8473975093257999e-01 
 1.6009999999999998e+01 1.8256712405991526e-01 
 1.6020000000000000e+01 1.8042160301342214e-01 
 1.6030000000000001e+01 1.7830228209535456e-01 
 1.6039999999999999e+01 1.7620825560796641e-01 
 1.6050000000000001e+01 1.7413861785350931e-01 
 1.6059999999999999e+01 1.7209246313423798e-01 
 1.6070000000000000e+01 1.7006888575240403e-01 
 1.6079999999999998e+01 1.6806698001026207e-01 
 1.6090000000000000e+01 1.6608584021006387e-01 
 1.6100000000000001e+01 1.6412456065406325e-01 
 1.6109999999999999e+01 1.6218223564451406e-01 
 1.6120000000000001e+01 1.6025795948366806e-01 
 1.6129999999999999e+01 1.5835082647377979e-01 
 1.6140000000000001e+01 1.5645993091710103e-01 
 1.6149999999999999e+01 1.5458436711588630e-01 
 1.6160000000000000e+01 1.5272322937238736e-01 
 1.6170000000000002e+01 1.5087561198885813e-01 
 1.6180000000000000e+01 1.4904060926755230e-01 
 1.6190000000000001e+01 1.4721731551072179e-01 
 1.6199999999999999e+01 1.4540482502062102e-01 
 1.6210000000000001e+01 1.4363396604574130e-01 
 1.6219999999999999e+01 1.4193453508339710e-01 
 1.6230000000000000e+01 1.4030407880907120e-01 
 1.6239999999999998e+01 1.3874014389824882e-01 
 1.6250000000000000e+01 1.3724027702641289e-01 
 1.6259999999999998e+01 1.3580202486904855e-01 
 1.6270000000000000e+01 1.3442293410163877e-01 
 1.6280000000000001e+01 1.3310055139966812e-01 
 1.6289999999999999e+01 1.3183242343862109e-01 
 1.6300000000000001e+01 1.3061609689398082e-01 
 1.6309999999999999e+01 1.2944911844123222e-01 
 1.6320000000000000e+01 1.2832903475585850e-01 
 1.6329999999999998e+01 1.2725339251334450e-01 
 1.6340000000000000e+01 1.2621973838917344e-01 
 1.6350000000000001e+01 1.2522561905882984e-01 
 1.6359999999999999e+01 1.2426858119779800e-01 
 1.6370000000000001e+01 1.2334617148156132e-01 
 1.6379999999999999e+01 1.2245593658560448e-01 
 1.6390000000000001e+01 1.2159542318541090e-01 
 1.6399999999999999e+01 1.2076217795646521e-01 
 1.6410000000000000e+01 1.1997433837951108e-01 
 1.6420000000000002e+01 1.1925126197603907e-01 
 1.6430000000000000e+01 1.1859232548265257e-01 
 1.6440000000000001e+01 1.1799690563595429e-01 
 1.6449999999999999e+01 1.1746437917254776e-01 
 1.6460000000000001e+01 1.1699412282903580e-01 
 1.6469999999999999e+01 1.1658551334202187e-01 
 1.6480000000000000e+01 1.1623792744810883e-01 
 1.6489999999999998e+01 1.1595074188390009e-01 
 1.6500000000000000e+01 1.1572333338599858e-01 
 1.6509999999999998e+01 1.1555507869100763e-01 
 1.6520000000000000e+01 1.1544535453553026e-01 
 1.6530000000000001e+01 1.1539353765616969e-01 
 1.6539999999999999e+01 1.1539900478952908e-01 
 1.6550000000000001e+01 1.1546113267221156e-01 
 1.6559999999999999e+01 1.1557929804082025e-01 
 1.6570000000000000e+01 1.1575287763195838e-01 
 1.6579999999999998e+01 1.1598124818222898e-01 
 1.6590000000000000e+01 1.1626378642823536e-01 
 1.6600000000000001e+01 1.1659986910658060e-01 
 1.6609999999999999e+01 1.1698474347776185e-01 
 1.6620000000000001e+01 1.1741488558318514e-01 
 1.6629999999999999e+01 1.1789151533081606e-01 
 1.6640000000000001e+01 1.1841585262862085e-01 
 1.6649999999999999e+01 1.1898911738456504e-01 
 1.6660000000000000e+01 1.1961252950661493e-01 
 1.6670000000000002e+01 1.2028730890273619e-01 
 1.6680000000000000e+01 1.2101467548089448e-01 
 1.6690000000000001e+01 1.2179584914905621e-01 
 1.6699999999999999e+01 1.2263204981518669e-01 
 1.6710000000000001e+01 1.2352449738725244e-01 
 1.6719999999999999e+01 1.2447441177321870e-01 
 1.6730000000000000e+01 1.2548301288105207e-01 
 1.6739999999999998e+01 1.2655152061871769e-01 
 1.6750000000000000e+01 1.2768115489418222e-01 
 1.6759999999999998e+01 1.2887313561541078e-01 
 1.6770000000000000e+01 1.3012868269037006e-01 
 1.6780000000000001e+01 1.3144901602702561e-01 
 1.6789999999999999e+01 1.3283535553334275e-01 
 1.6800000000000001e+01 1.3428892111728841e-01 
 1.6809999999999999e+01 1.3578449803936787e-01 
 1.6820000000000000e+01 1.3729788161447284e-01 
 1.6829999999999998e+01 1.3883180683214474e-01 
 1.6840000000000000e+01 1.4038900868192702e-01 
 1.6850000000000001e+01 1.4197222215336161e-01 
 1.6859999999999999e+01 1.4358418223599034e-01 
 1.6870000000000001e+01 1.4522762391935684e-01 
 1.6879999999999999e+01 1.4690528219300231e-01 
 1.6890000000000001e+01 1.4861989204647041e-01 
 1.6899999999999999e+01 1.5037418846930234e-01 
 1.6910000000000000e+01 1.5217090645104178e-01 
 1.6920000000000002e+01 1.5401278098123056e-01 
 1.6930000000000000e+01 1.5590254704941042e-01 
 1.6940000000000001e+01 1.5784293964512514e-01 
 1.6949999999999999e+01 1.5983669375791576e-01 
 1.6960000000000001e+01 1.6188654437732614e-01 
 1.6969999999999999e+01 1.6399522649289724e-01 
 1.6980000000000000e+01 1.6616547509417301e-01 
 1.6989999999999998e+01 1.6840002517069436e-01 
 1.7000000000000000e+01 1.7070161171200526e-01 
 1.7009999999999998e+01 1.7304121497582081e-01 
 1.7020000000000000e+01 1.7538816238372651e-01 
 1.7030000000000001e+01 1.7774270967106459e-01 
 1.7039999999999999e+01 1.8010511257317735e-01 
 1.7050000000000001e+01 1.8247562682540952e-01 
 1.7059999999999999e+01 1.8485450816310259e-01 
 1.7070000000000000e+01 1.8724201232160129e-01 
 1.7079999999999998e+01 1.8963839503624705e-01 
 1.7090000000000000e+01 1.9204391204238469e-01 
 1.7100000000000001e+01 1.9445881907535645e-01 
 1.7109999999999999e+01 1.9688337187050456e-01 
 1.7120000000000001e+01 1.9931782616317387e-01 
 1.7129999999999999e+01 2.0176243768870572e-01 
 1.7140000000000001e+01 2.0421746218244499e-01 
 1.7149999999999999e+01 2.0668315537973300e-01 
 1.7160000000000000e+01 2.0915977301591465e-01 
 1.7170000000000002e+01 2.1164757082633212e-01 
 1.7180000000000000e+01 2.1414680454632762e-01 
 1.7190000000000001e+01 2.1665772991124610e-01 
 1.7199999999999999e+01 2.1918060265642880e-01 
 1.7210000000000001e+01 2.2171752028136993e-01 
 1.7219999999999999e+01 2.2426930482568802e-01 
 1.7230000000000000e+01 2.2683429883491990e-01 
 1.7239999999999998e+01 2.2941084485459881e-01 
 1.7250000000000000e+01 2.3199728543026157e-01 
 1.7259999999999998e+01 2.3459196310744143e-01 
 1.7270000000000000e+01 2.3719322043167526e-01 
 1.7280000000000001e+01 2.3979939994849714e-01 
 1.7289999999999999e+01 2.4240884420344119e-01 
 1.7300000000000001e+01 2.4501989574204430e-01 
 1.7309999999999999e+01 2.4763089710983965e-01 
 1.7320000000000000e+01 2.5024019085236415e-01 
 1.7329999999999998e+01 2.5284611951515096e-01 
 1.7340000000000000e+01 2.5544702564373700e-01 
 1.7350000000000001e+01 2.5804125178365628e-01 
 1.7359999999999999e+01 2.6062714048044305e-01 
 1.7370000000000001e+01 2.6320303427963410e-01 
 1.7379999999999999e+01 2.6576727572676262e-01 
 1.7390000000000001e+01 2.6831820736736550e-01 
 1.7399999999999999e+01 2.7085417174697601e-01 
 1.7410000000000000e+01 2.7336499533081471e-01 
 1.7420000000000002e+01 2.7584248558649438e-01 
 1.7430000000000000e+01 2.7828795656314159e-01 
 1.7440000000000001e+01 2.8070272230988536e-01 
 1.7449999999999999e+01 2.8308809687585124e-01 
 1.7460000000000001e+01 2.8544539431016841e-01 
 1.7469999999999999e+01 2.8777592866196239e-01 
 1.7480000000000000e+01 2.9008101398036229e-01 
 1.7489999999999998e+01 2.9236196431449374e-01 
 1.7500000000000000e+01 2.9462009371348574e-01 
 1.7509999999999998e+01 2.9685671622646403e-01 
 1.7520000000000000e+01 2.9907314590255746e-01 
 1.7530000000000001e+01 3.0127069679089269e-01 
 1.7539999999999999e+01 3.0345068294059618e-01 
 1.7550000000000001e+01 3.0561441840079689e-01 
 1.7559999999999999e+01 3.0776321722062061e-01 
 1.7570000000000000e+01 3.0989839344919612e-01 
 1.7579999999999998e+01 3.1202126113564937e-01 
 1.7590000000000000e+01 3.1413313432910916e-01 
 1.7600000000000001e+01 3.1623532707870206e-01 
 1.7609999999999999e+01 3.1829672415824767e-01 
 1.7620000000000001e+01 3.2028699168902364e-01 
 1.7629999999999999e+01 3.2220861574133963e-01 
 1.7640000000000001e+01 3.2406408238550810e-01 
 1.7649999999999999e+01 3.2585587769183877e-01 
 1.7660000000000000e+01 3.2758648773064403e-01 
 1.7670000000000002e+01 3.2925839857223432e-01 
 1.7680000000000000e+01 3.3087409628692011e-01 
 1.7690000000000001e+01 3.3243606694501371e-01 
 1.7699999999999999e+01 3.3394679661682497e-01 
 1.7710000000000001e+01 3.3540877137266611e-01 
 1.7719999999999999e+01 3.3682447728284720e-01 
 1.7730000000000000e+01 3.3819640041768029e-01 
 1.7739999999999998e+01 3.3952702684747549e-01 
 1.7750000000000000e+01 3.4081884264254481e-01 
 1.7759999999999998e+01 3.4207433387319841e-01 
 1.7770000000000000e+01 3.4329598660974836e-01 
 1.7780000000000001e+01 3.4448628692250510e-01 
 1.7789999999999999e+01 3.4564772088177947e-01 
 1.7800000000000001e+01 3.4678277455788331e-01 
 1.7809999999999999e+01 3.4787023727014182e-01 
 1.7820000000000000e+01 3.4888788730390791e-01 
 1.7829999999999998e+01 3.4983669417853103e-01 
 1.7840000000000000e+01 3.5071762741336227e-01 
 1.7850000000000001e+01 3.5153165652775137e-01 
 1.7859999999999999e+01 3.5227975104104847e-01 
 1.7870000000000001e+01 3.5296288047260432e-01 
 1.7879999999999999e+01 3.5358201434176867e-01 
 1.7890000000000001e+01 3.5413812216789226e-01 
 1.7899999999999999e+01 3.5463217347032494e-01 
 1.7910000000000000e+01 3.5506513776841736e-01 
 1.7920000000000002e+01 3.5543798458151948e-01 
 1.7930000000000000e+01 3.5575168342898161e-01 
 1.7940000000000001e+01 3.5600720383015411e-01 
 1.7949999999999999e+01 3.5620551530438715e-01 
 1.7960000000000001e+01 3.5634758737103112e-01 
 1.7969999999999999e+01 3.5643438954943613e-01 
 1.7980000000000000e+01 3.5646689135895254e-01 
 1.7989999999999998e+01 3.5644606231893056e-01 
 1.8000000000000000e+01 3.5637287194872047e-01 
 1.8010000000000002e+01 3.5624646668943699e-01 
 1.8020000000000000e+01 3.5606478754726406e-01 
 1.8030000000000001e+01 3.5582699588915567e-01 
 1.8039999999999999e+01 3.5553225308206604e-01 
 1.8050000000000001e+01 3.5517972049294910e-01 
 1.8059999999999999e+01 3.5476855948875913e-01 
 1.8070000000000000e+01 3.5429793143644994e-01 
 1.8079999999999998e+01 3.5376699770297593e-01 
 1.8090000000000000e+01 3.5317491965529080e-01 
 1.8100000000000001e+01 3.5252085866034888e-01 
 1.8109999999999999e+01 3.5180397608510439e-01 
 1.8120000000000001e+01 3.5102343329651103e-01 
 1.8129999999999999e+01 3.5017839166152337e-01 
 1.8140000000000001e+01 3.4926801254709489e-01 
 1.8149999999999999e+01 3.4829145732018030e-01 
 1.8160000000000000e+01 3.4724788734773304e-01 
 1.8170000000000002e+01 3.4613646399670750e-01 
 1.8180000000000000e+01 3.4495634863405816e-01 
 1.8190000000000001e+01 3.4370670262673836e-01 
 1.8199999999999999e+01 3.4238668734170297e-01 
 1.8210000000000001e+01 3.4101830156653756e-01 
 1.8219999999999999e+01 3.3962228328763111e-01 
 1.8230000000000000e+01 3.3819590267013905e-01 
 1.8239999999999998e+01 3.3673642987921881e-01 
 1.8250000000000000e+01 3.3524113508002579e-01 
 1.8260000000000002e+01 3.3370728843771691e-01 
 1.8270000000000000e+01 3.3213216011744917e-01 
 1.8280000000000001e+01 3.3051302028437790e-01 
 1.8289999999999999e+01 3.2884713910366059e-01 
 1.8300000000000001e+01 3.2713178674045257e-01 
 1.8309999999999999e+01 3.2536423335991144e-01 
 1.8320000000000000e+01 3.2354174912719230e-01 
 1.8329999999999998e+01 3.2166160420745299e-01 
 1.8340000000000000e+01 3.1972106876584849e-01 
 1.8350000000000001e+01 3.1771741296753597e-01 
 1.8359999999999999e+01 3.1564790697767253e-01 
 1.8370000000000001e+01 3.1350982096141317e-01 
 1.8379999999999999e+01 3.1130042508391581e-01 
 1.8390000000000001e+01 3.0901698951033529e-01 
 1.8399999999999999e+01 3.0665678440582961e-01 
 1.8410000000000000e+01 3.0425155149973859e-01 
 1.8420000000000002e+01 3.0183436129574115e-01 
 1.8430000000000000e+01 2.9940447712049950e-01 
 1.8440000000000001e+01 2.9696116230067354e-01 
 1.8449999999999999e+01 2.9450368016292633e-01 
 1.8460000000000001e+01 2.9203129403391764e-01 
 1.8469999999999999e+01 2.8954326724031060e-01 
 1.8480000000000000e+01 2.8703886310876503e-01 
 1.8489999999999998e+01 2.8451734496594405e-01 
 1.8500000000000000e+01 2.8197797613850734e-01 
 1.8510000000000002e+01 2.7942001995311727e-01 
 1.8520000000000000e+01 2.7684273973643619e-01 
 1.8530000000000001e+01 2.7424539881512372e-01 
 1.8539999999999999e+01 2.7162726051584324e-01 
 1.8550000000000001e+01 2.6898758816525420e-01 
 1.8559999999999999e+01 2.6632564509002005e-01 
 1.8570000000000000e+01 2.6364069461680029e-01 
 1.8579999999999998e+01 2.6093200007225825e-01 
 1.8590000000000000e+01 2.5819882478305356e-01 
 1.8600000000000001e+01 2.5544043207584854e-01 
 1.8609999999999999e+01 2.5265833630253626e-01 
 1.8620000000000001e+01 2.4985603032422116e-01 
 1.8629999999999999e+01 2.4703574523138824e-01 
 1.8640000000000001e+01 2.4419971211451852e-01 
 1.8649999999999999e+01 2.4135016206409704e-01 
 1.8660000000000000e+01 2.3848932617060481e-01 
 1.8670000000000002e+01 2.3561943552452588e-01 
 1.8680000000000000e+01 2.3274272121634426e-01 
 1.8690000000000001e+01 2.2986141433654095e-01 
 1.8699999999999999e+01 2.2697774597560103e-01 
 1.8710000000000001e+01 2.2409394722400547e-01 
 1.8719999999999999e+01 2.2121224917223933e-01 
 1.8730000000000000e+01 2.1833488291078362e-01 
 1.8739999999999998e+01 2.1546407953012336e-01 
 1.8750000000000000e+01 2.1260207012073959e-01 
 1.8760000000000002e+01 2.0975108577311630e-01 
 1.8770000000000000e+01 2.0691335757773757e-01 
 1.8780000000000001e+01 2.0409111662508439e-01 
 1.8789999999999999e+01 2.0128659400564178e-01 
 1.8800000000000001e+01 1.9850202080989077e-01 
 1.8809999999999999e+01 1.9574086786764164e-01 
 1.8820000000000000e+01 1.9300460656698598e-01 
 1.8829999999999998e+01 1.9029246883583686e-01 
 1.8840000000000000e+01 1.8760368660210330e-01 
 1.8850000000000001e+01 1.8493749179369737e-01 
 1.8859999999999999e+01 1.8229311633853096e-01 
 1.8870000000000001e+01 1.7966979216451331e-01 
 1.8879999999999999e+01 1.7706675119955725e-01 
 1.8890000000000001e+01 1.7448322537157201e-01 
 1.8899999999999999e+01 1.7191844660847047e-01 
 1.8910000000000000e+01 1.6937164683816178e-01 
 1.8920000000000002e+01 1.6684205798855795e-01 
 1.8930000000000000e+01 1.6432891198757085e-01 
 1.8940000000000001e+01 1.6183144076310979e-01 
 1.8949999999999999e+01 1.5934887624308749e-01 
 1.8960000000000001e+01 1.5688045035541331e-01 
 1.8969999999999999e+01 1.5442539502800001e-01 
 1.8980000000000000e+01 1.5198294218875688e-01 
 1.8989999999999998e+01 1.4955232376559668e-01 
 1.9000000000000000e+01 1.4713277168642869e-01 
 1.9010000000000002e+01 1.4476060240538224e-01 
 1.9020000000000000e+01 1.4247062286903889e-01 
 1.9030000000000001e+01 1.4025980074398670e-01 
 1.9039999999999999e+01 1.3812510369681683e-01 
 1.9050000000000001e+01 1.3606349939411744e-01 
 1.9059999999999999e+01 1.3407195550247961e-01 
 1.9070000000000000e+01 1.3214743968849157e-01 
 1.9079999999999998e+01 1.3028691961874433e-01 
 1.9090000000000000e+01 1.2848736295982621e-01 
 1.9100000000000001e+01 1.2674573737832751e-01 
 1.9109999999999999e+01 1.2505901054083846e-01 
 1.9120000000000001e+01 1.2342415011394747e-01 
 1.9129999999999999e+01 1.2183812376424538e-01 
 1.9140000000000001e+01 1.2029789915832070e-01 
 1.9149999999999999e+01 1.1880044396276415e-01 
 1.9160000000000000e+01 1.1734272584416430e-01 
 1.9170000000000002e+01 1.1592171246911133e-01 
 1.9180000000000000e+01 1.1453437150419536e-01 
 1.9190000000000001e+01 1.1317767061600506e-01 
 1.9199999999999999e+01 1.1184857747113100e-01 
 1.9210000000000001e+01 1.1057199237835974e-01 
 1.9219999999999999e+01 1.0937411919919783e-01 
 1.9230000000000000e+01 1.0825388092931126e-01 
 1.9239999999999998e+01 1.0721020056436767e-01 
 1.9250000000000000e+01 1.0624200110003316e-01 
 1.9260000000000002e+01 1.0534820553197496e-01 
 1.9270000000000000e+01 1.0452773685586021e-01 
 1.9280000000000001e+01 1.0377951806735515e-01 
 1.9289999999999999e+01 1.0310247216212716e-01 
 1.9300000000000001e+01 1.0249552213584261e-01 
 1.9309999999999999e+01 1.0195759098416876e-01 
 1.9320000000000000e+01 1.0148760170277212e-01 
 1.9329999999999998e+01 1.0108447728731981e-01 
 1.9340000000000000e+01 1.0074714073347843e-01 
 1.9350000000000001e+01 1.0047451503691496e-01 
 1.9359999999999999e+01 1.0026552319329630e-01 
 1.9370000000000001e+01 1.0011908819828919e-01 
 1.9379999999999999e+01 1.0003413304756052e-01 
 1.9390000000000001e+01 1.0000958073677713e-01 
 1.9399999999999999e+01 1.0004435426160584e-01 
 1.9410000000000000e+01 1.0013733283061696e-01 
 1.9420000000000002e+01 1.0028886556704740e-01 
 1.9430000000000000e+01 1.0050008033856382e-01 
 1.9440000000000001e+01 1.0077210501283311e-01 
 1.9449999999999999e+01 1.0110606745752185e-01 
 1.9460000000000001e+01 1.0150309554029700e-01 
 1.9469999999999999e+01 1.0196431712882506e-01 
 1.9480000000000000e+01 1.0249086009077310e-01 
 1.9489999999999998e+01 1.0308385229380750e-01 
 1.9500000000000000e+01 1.0374442160559542e-01 
 1.9510000000000002e+01 1.0447369589380344e-01 
 1.9520000000000000e+01 1.0527280302609801e-01 
 1.9530000000000001e+01 1.0614287087014644e-01 
 1.9539999999999999e+01 1.0708502729361487e-01 
 1.9550000000000001e+01 1.0810040016417072e-01 
 1.9559999999999999e+01 1.0919011734948003e-01 
 1.9570000000000000e+01 1.1035530671721033e-01 
 1.9579999999999998e+01 1.1159709613502752e-01 
 1.9590000000000000e+01 1.1291661347059928e-01 
 1.9600000000000001e+01 1.1431498659159189e-01 
 1.9609999999999999e+01 1.1576543568847261e-01 
 1.9620000000000001e+01 1.1724248415758819e-01 
 1.9629999999999999e+01 1.1874921467542127e-01 
 1.9640000000000001e+01 1.2028870991845662e-01 
 1.9649999999999999e+01 1.2186405256317687e-01 
 1.9660000000000000e+01 1.2347832528606682e-01 
 1.9670000000000002e+01 1.2513461076360963e-01 
 1.9680000000000000e+01 1.2683599167228837e-01 
 1.9690000000000001e+01 1.2858555068858799e-01 
 1.9699999999999999e+01 1.3038637048899090e-01 
 1.9710000000000001e+01 1.3224153374998210e-01 
 1.9719999999999999e+01 1.3415412314804401e-01 
 1.9730000000000000e+01 1.3612722135966163e-01 
 1.9739999999999998e+01 1.3816391106131731e-01 
 1.9750000000000000e+01 1.4026727492949614e-01 
 1.9760000000000002e+01 1.4244039564068117e-01 
 1.9770000000000000e+01 1.4468635587135528e-01 
 1.9780000000000001e+01 1.4700823829800375e-01 
 1.9789999999999999e+01 1.4940912559710862e-01 
 1.9800000000000001e+01 1.5189210044515533e-01 
 1.9809999999999999e+01 1.5442240973343366e-01 
 1.9820000000000000e+01 1.5696368094850338e-01 
 1.9829999999999998e+01 1.5951656765974592e-01 
 1.9840000000000000e+01 1.6208172343654639e-01 
 1.9850000000000001e+01 1.6465980184828721e-01 
 1.9859999999999999e+01 1.6725145646435069e-01 
 1.9870000000000001e+01 1.6985734085412199e-01 
 1.9879999999999999e+01 1.7247810858698254e-01 
 1.9890000000000001e+01 1.7511441323231750e-01 
 1.9899999999999999e+01 1.7776690835950823e-01 
 1.9910000000000000e+01 1.8043624753793994e-01 
 1.9920000000000002e+01 1.8312308433699498e-01 
 1.9930000000000000e+01 1.8582807232605567e-01 
 1.9940000000000001e+01 1.8855186507450719e-01 
 1.9949999999999999e+01 1.9129511615173089e-01 
 1.9960000000000001e+01 1.9405847912711205e-01 
 1.9969999999999999e+01 1.9684260757003197e-01 
 1.9980000000000000e+01 1.9964815504987590e-01 
 1.9989999999999998e+01 2.0247577513602513e-01 
 2.0000000000000000e+01 2.0532612139786499e-01 
 