0.0000000000000000e+00 -1.0000144204181280e+00 
 1.0000000000000000e-02 -9.9933844507517555e-01 
 2.0000000000000000e-02 -9.9854135093200280e-01 
 2.9999999999999999e-02 -9.9760660841166893e-01 
 4.0000000000000001e-02 -9.9651768793723261e-01 
 5.0000000000000003e-02 -9.9525805993175276e-01 
 5.9999999999999998e-02 -9.9381119481828828e-01 
 7.0000000000000007e-02 -9.9216056301989797e-01 
 8.0000000000000002e-02 -9.9028963495964073e-01 
 8.9999999999999997e-02 -9.8818188106057547e-01 
 1.0000000000000001e-01 -9.8582077174576099e-01 
 1.1000000000000000e-01 -9.8318977743825609e-01 
 1.2000000000000000e-01 -9.8027236856111988e-01 
 1.3000000000000000e-01 -9.7705201553741095e-01 
 1.4000000000000001e-01 -9.7351218879018819e-01 
 1.4999999999999999e-01 -9.6963635874251075e-01 
 1.6000000000000000e-01 -9.6540799581743719e-01 
 1.7000000000000001e-01 -9.6081057043802642e-01 
 1.7999999999999999e-01 -9.5582755302733746e-01 
 1.9000000000000000e-01 -9.5044241400842899e-01 
 2.0000000000000001e-01 -9.4463862380436003e-01 
 2.0999999999999999e-01 -9.3856575011621735e-01 
 2.2000000000000000e-01 -9.3238479160954801e-01 
 2.3000000000000001e-01 -9.2609636515410176e-01 
 2.3999999999999999e-01 -9.1970108761962821e-01 
 2.5000000000000000e-01 -9.1319957587587675e-01 
 2.6000000000000001e-01 -9.0659244679259698e-01 
 2.7000000000000002e-01 -8.9988031723953865e-01 
 2.8000000000000003e-01 -8.9306380408645114e-01 
 2.8999999999999998e-01 -8.8614352420308407e-01 
 2.9999999999999999e-01 -8.7912009445918693e-01 
 3.1000000000000000e-01 -8.7199413172450946e-01 
 3.2000000000000001e-01 -8.6476625286880104e-01 
 3.3000000000000002e-01 -8.5743707476181141e-01 
 3.4000000000000002e-01 -8.5000721427328996e-01 
 3.5000000000000003e-01 -8.4247728827298640e-01 
 3.5999999999999999e-01 -8.3484791363065014e-01 
 3.7000000000000000e-01 -8.2711970721603090e-01 
 3.8000000000000000e-01 -8.1929328589887818e-01 
 3.9000000000000001e-01 -8.1136926654894159e-01 
 4.0000000000000002e-01 -8.0334826603597054e-01 
 4.1000000000000003e-01 -7.9521924129774735e-01 
 4.1999999999999998e-01 -7.8697933867792014e-01 
 4.2999999999999999e-01 -7.7864145915503724e-01 
 4.4000000000000000e-01 -7.7021850370764711e-01 
 4.5000000000000001e-01 -7.6172337331429818e-01 
 4.6000000000000002e-01 -7.5316896895353891e-01 
 4.7000000000000003e-01 -7.4456819160391763e-01 
 4.7999999999999998e-01 -7.3593394224398301e-01 
 4.8999999999999999e-01 -7.2727912185228327e-01 
 5.0000000000000000e-01 -7.1861663140736687e-01 
 5.1000000000000001e-01 -7.0995937188778235e-01 
 5.2000000000000002e-01 -7.0132024427207806e-01 
 5.3000000000000003e-01 -6.9271214953880245e-01 
 5.4000000000000004e-01 -6.8414798866650384e-01 
 5.5000000000000004e-01 -6.7564066263373090e-01 
 5.6000000000000005e-01 -6.6720307241903198e-01 
 5.7000000000000006e-01 -6.5884811900095541e-01 
 5.7999999999999996e-01 -6.5058870335804986e-01 
 5.8999999999999997e-01 -6.4243772646886343e-01 
 5.9999999999999998e-01 -6.3440808931194470e-01 
 6.0999999999999999e-01 -6.2649830232720694e-01 
 6.2000000000000000e-01 -6.1869864326250867e-01 
 6.3000000000000000e-01 -6.1100966405831592e-01 
 6.4000000000000001e-01 -6.0343191665509499e-01 
 6.5000000000000002e-01 -5.9596595299331201e-01 
 6.6000000000000003e-01 -5.8861232501343319e-01 
 6.7000000000000004e-01 -5.8137158465592487e-01 
 6.8000000000000005e-01 -5.7424428386125304e-01 
 6.9000000000000006e-01 -5.6723097456988392e-01 
 7.0000000000000007e-01 -5.6033220872228384e-01 
 7.0999999999999996e-01 -5.5354853825891903e-01 
 7.1999999999999997e-01 -5.4688051512025548e-01 
 7.2999999999999998e-01 -5.4032869124675942e-01 
 7.3999999999999999e-01 -5.3389361857889717e-01 
 7.5000000000000000e-01 -5.2757584905713484e-01 
 7.6000000000000001e-01 -5.2137593462193865e-01 
 7.7000000000000002e-01 -5.1529442721377483e-01 
 7.8000000000000003e-01 -5.0933187877310959e-01 
 7.9000000000000004e-01 -5.0348884124040894e-01 
 8.0000000000000004e-01 -4.9776586655613930e-01 
 8.1000000000000005e-01 -4.9219892895574441e-01 
 8.2000000000000006e-01 -4.8682532263377609e-01 
 8.3000000000000007e-01 -4.8164757946936243e-01 
 8.3999999999999997e-01 -4.7666823134163167e-01 
 8.4999999999999998e-01 -4.7188981012971176e-01 
 8.5999999999999999e-01 -4.6731484771273096e-01 
 8.7000000000000000e-01 -4.6294587596981734e-01 
 8.8000000000000000e-01 -4.5878542678009909e-01 
 8.9000000000000001e-01 -4.5483603202270434e-01 
 9.0000000000000002e-01 -4.5110022357676116e-01 
 9.1000000000000003e-01 -4.4758053332139769e-01 
 9.2000000000000004e-01 -4.4427949313574217e-01 
 9.3000000000000005e-01 -4.4119963489892261e-01 
 9.4000000000000006e-01 -4.3834349049006721e-01 
 9.5000000000000007e-01 -4.3571359178830410e-01 
 9.5999999999999996e-01 -4.3331247067276135e-01 
 9.6999999999999997e-01 -4.3114265902256721e-01 
 9.7999999999999998e-01 -4.2920668871684964e-01 
 9.8999999999999999e-01 -4.2750709163473699e-01 
 1.0000000000000000e+00 -4.2604639965535718e-01 
 1.0100000000000000e+00 -4.2473849479573578e-01 
 1.0200000000000000e+00 -4.2349528369861622e-01 
 1.0300000000000000e+00 -4.2231633518170369e-01 
 1.0400000000000000e+00 -4.2120121806270350e-01 
 1.0500000000000000e+00 -4.2014950115932076e-01 
 1.0600000000000001e+00 -4.1916075328926067e-01 
 1.0700000000000001e+00 -4.1823454327022852e-01 
 1.0800000000000001e+00 -4.1737043991992950e-01 
 1.0900000000000001e+00 -4.1656801205606886e-01 
 1.1000000000000001e+00 -4.1582682849635172e-01 
 1.1100000000000001e+00 -4.1514645805848333e-01 
 1.1200000000000001e+00 -4.1452646956016892e-01 
 1.1300000000000001e+00 -4.1396643181911369e-01 
 1.1400000000000001e+00 -4.1346591365302282e-01 
 1.1500000000000001e+00 -4.1302448387960161e-01 
 1.1599999999999999e+00 -4.1264171131655519e-01 
 1.1699999999999999e+00 -4.1231716478158875e-01 
 1.1799999999999999e+00 -4.1205041309240764e-01 
 1.1899999999999999e+00 -4.1184102506671694e-01 
 1.2000000000000000e+00 -4.1168856952222188e-01 
 1.2100000000000000e+00 -4.1161053209209214e-01 
 1.2200000000000000e+00 -4.1161820377949232e-01 
 1.2300000000000000e+00 -4.1170186145712029e-01 
 1.2400000000000000e+00 -4.1185178199767375e-01 
 1.2500000000000000e+00 -4.1205824227385046e-01 
 1.2600000000000000e+00 -4.1231151915834829e-01 
 1.2700000000000000e+00 -4.1260188952386495e-01 
 1.2800000000000000e+00 -4.1291963024309819e-01 
 1.2900000000000000e+00 -4.1325501818874588e-01 
 1.3000000000000000e+00 -4.1359833023350567e-01 
 1.3100000000000001e+00 -4.1393984325007543e-01 
 1.3200000000000001e+00 -4.1426983411115298e-01 
 1.3300000000000001e+00 -4.1457857968943596e-01 
 1.3400000000000001e+00 -4.1485635685762223e-01 
 1.3500000000000001e+00 -4.1509344248840957e-01 
 1.3600000000000001e+00 -4.1528011345449573e-01 
 1.3700000000000001e+00 -4.1540664662857851e-01 
 1.3800000000000001e+00 -4.1546331888335564e-01 
 1.3900000000000001e+00 -4.1544040709152497e-01 
 1.4000000000000001e+00 -4.1532818812578420e-01 
 1.4099999999999999e+00 -4.1510510225019120e-01 
 1.4199999999999999e+00 -4.1475736541311264e-01 
 1.4299999999999999e+00 -4.1428691801370970e-01 
 1.4399999999999999e+00 -4.1369570045114362e-01 
 1.4500000000000000e+00 -4.1298565312457552e-01 
 1.4600000000000000e+00 -4.1215871643316654e-01 
 1.4700000000000000e+00 -4.1121683077607796e-01 
 1.4800000000000000e+00 -4.1016193655247085e-01 
 1.4900000000000000e+00 -4.0899597416150646e-01 
 1.5000000000000000e+00 -4.0772088400234596e-01 
 1.5100000000000000e+00 -4.0633860647415049e-01 
 1.5200000000000000e+00 -4.0485108197608122e-01 
 1.5300000000000000e+00 -4.0326025090729939e-01 
 1.5400000000000000e+00 -4.0156805366696613e-01 
 1.5500000000000000e+00 -3.9977643065424256e-01 
 1.5600000000000001e+00 -3.9788732226828999e-01 
 1.5700000000000001e+00 -3.9590266890826947e-01 
 1.5800000000000001e+00 -3.9382441097334225e-01 
 1.5900000000000001e+00 -3.9165448886266951e-01 
 1.6000000000000001e+00 -3.8939484297541238e-01 
 1.6100000000000001e+00 -3.8699218435125976e-01 
 1.6200000000000001e+00 -3.8439186165400224e-01 
 1.6300000000000001e+00 -3.8159377171895342e-01 
 1.6400000000000001e+00 -3.7859781138142701e-01 
 1.6500000000000001e+00 -3.7540387747673665e-01 
 1.6600000000000001e+00 -3.7201186684019599e-01 
 1.6699999999999999e+00 -3.6842167630711875e-01 
 1.6799999999999999e+00 -3.6463320271281852e-01 
 1.6899999999999999e+00 -3.6064634289260900e-01 
 1.7000000000000000e+00 -3.5646099368180378e-01 
 1.7100000000000000e+00 -3.5207705191571664e-01 
 1.7200000000000000e+00 -3.4749441442966117e-01 
 1.7300000000000000e+00 -3.4271297805895101e-01 
 1.7400000000000000e+00 -3.3773263963889988e-01 
 1.7500000000000000e+00 -3.3255329600482142e-01 
 1.7600000000000000e+00 -3.2717484399202929e-01 
 1.7700000000000000e+00 -3.2159718043583718e-01 
 1.7800000000000000e+00 -3.1582020217155871e-01 
 1.7900000000000000e+00 -3.0984380603450751e-01 
 1.8000000000000000e+00 -3.0366788885999729e-01 
 1.8100000000000001e+00 -2.9735473066957391e-01 
 1.8200000000000001e+00 -2.9096486787385095e-01 
 1.8300000000000001e+00 -2.8449558189174390e-01 
 1.8400000000000001e+00 -2.7794415414216816e-01 
 1.8500000000000001e+00 -2.7130786604403911e-01 
 1.8600000000000001e+00 -2.6458399901627211e-01 
 1.8700000000000001e+00 -2.5776983447778268e-01 
 1.8800000000000001e+00 -2.5086265384748618e-01 
 1.8900000000000001e+00 -2.4385973854429802e-01 
 1.9000000000000001e+00 -2.3675836998713362e-01 
 1.9100000000000001e+00 -2.2955582959490836e-01 
 1.9199999999999999e+00 -2.2224939878653785e-01 
 1.9299999999999999e+00 -2.1483635898093717e-01 
 1.9399999999999999e+00 -2.0731399159702191e-01 
 1.9500000000000000e+00 -1.9967957805370740e-01 
 1.9600000000000000e+00 -1.9193039976990917e-01 
 1.9700000000000000e+00 -1.8406373816454252e-01 
 1.9800000000000000e+00 -1.7607687465652294e-01 
 1.9900000000000000e+00 -1.6796709066476581e-01 
 2.0000000000000000e+00 -1.5973166760818658e-01 
 2.0100000000000002e+00 -1.5139220122658470e-01 
 2.0200000000000000e+00 -1.4297761999106817e-01 
 2.0300000000000002e+00 -1.3449620441751323e-01 
 2.0400000000000000e+00 -1.2595623502179756e-01 
 2.0499999999999998e+00 -1.1736599231979776e-01 
 2.0600000000000001e+00 -1.0873375682739039e-01 
 2.0699999999999998e+00 -1.0006780906045321e-01 
 2.0800000000000001e+00 -9.1376429534862358e-02 
 2.0899999999999999e+00 -8.2667898766495593e-02 
 2.1000000000000001e+00 -7.3950497271229113e-02 
 2.1099999999999999e+00 -6.5232505564940618e-02 
 2.1200000000000001e+00 -5.6522204163506326e-02 
 2.1299999999999999e+00 -4.7827873582803965e-02 
 2.1400000000000001e+00 -3.9157794338709709e-02 
 2.1499999999999999e+00 -3.0520246947101287e-02 
 2.1600000000000001e+00 -2.1923511923854916e-02 
 2.1699999999999999e+00 -1.3375869784848282e-02 
 2.1800000000000002e+00 -4.8856010459576160e-03 
 2.1899999999999999e+00 3.5390137769393815e-03 
 2.2000000000000002e+00 1.1889694167966480e-02 
 2.2100000000000000e+00 2.0177529399298177e-02 
 2.2200000000000002e+00 2.8419004128426472e-02 
 2.2300000000000000e+00 3.6613930917447815e-02 
 2.2400000000000002e+00 4.4762122328460101e-02 
 2.2500000000000000e+00 5.2863390923559787e-02 
 2.2600000000000002e+00 6.0917549264844766e-02 
 2.2700000000000000e+00 6.8924409914411483e-02 
 2.2800000000000002e+00 7.6883785434357851e-02 
 2.2900000000000000e+00 8.4795488386780304e-02 
 2.3000000000000003e+00 9.2659331333776740e-02 
 2.3100000000000001e+00 1.0047512683744363e-01 
 2.3199999999999998e+00 1.0824268745987850e-01 
 2.3300000000000001e+00 1.1596182576317884e-01 
 2.3399999999999999e+00 1.2363235430944118e-01 
 2.3500000000000001e+00 1.3125408566076335e-01 
 2.3599999999999999e+00 1.3882683237924187e-01 
 2.3700000000000001e+00 1.4635040702697455e-01 
 2.3799999999999999e+00 1.5382462216605794e-01 
 2.3900000000000001e+00 1.6124929035858981e-01 
 2.3999999999999999e+00 1.6862422416666675e-01 
 2.4100000000000001e+00 1.7585691467253278e-01 
 2.4199999999999999e+00 1.8285921717486772e-01 
 2.4300000000000002e+00 1.8963749056042520e-01 
 2.4399999999999999e+00 1.9619809371595759e-01 
 2.4500000000000002e+00 2.0254738552821847e-01 
 2.4600000000000000e+00 2.0869172488396021e-01 
 2.4700000000000002e+00 2.1463747066993633e-01 
 2.4800000000000000e+00 2.2039098177289929e-01 
 2.4900000000000002e+00 2.2595861707960255e-01 
 2.5000000000000000e+00 2.3134673547679860e-01 
 2.5100000000000002e+00 2.3656169585124087e-01 
 2.5200000000000000e+00 2.4160985708968191e-01 
 2.5300000000000002e+00 2.4649757807887507e-01 
 2.5400000000000000e+00 2.5123121770557294e-01 
 2.5500000000000003e+00 2.5581713485652890e-01 
 2.5600000000000001e+00 2.6026168841849551e-01 
 2.5699999999999998e+00 2.6457123727822596e-01 
 2.5800000000000001e+00 2.6875214032247335e-01 
 2.5899999999999999e+00 2.7281075643799035e-01 
 2.6000000000000001e+00 2.7675344451153028e-01 
 2.6099999999999999e+00 2.8058104289606084e-01 
 2.6200000000000001e+00 2.8428733252300897e-01 
 2.6299999999999999e+00 2.8786808614681508e-01 
 2.6400000000000001e+00 2.9131907652192035e-01 
 2.6499999999999999e+00 2.9463607640276512e-01 
 2.6600000000000001e+00 2.9781485854379042e-01 
 2.6699999999999999e+00 3.0085119569943680e-01 
 2.6800000000000002e+00 3.0374086062414518e-01 
 2.6899999999999999e+00 3.0647962607235613e-01 
 2.7000000000000002e+00 3.0906326479851065e-01 
 2.7100000000000000e+00 3.1148754955704916e-01 
 2.7200000000000002e+00 3.1374825310241272e-01 
 2.7300000000000000e+00 3.1584114818904185e-01 
 2.7400000000000002e+00 3.1776200757137746e-01 
 2.7500000000000000e+00 3.1950660400386011e-01 
 2.7600000000000002e+00 3.2107071024093081e-01 
 2.7700000000000000e+00 3.2245009903703004e-01 
 2.7800000000000002e+00 3.2364054314659874e-01 
 2.7900000000000000e+00 3.2463781532407754e-01 
 2.8000000000000003e+00 3.2543768832390729e-01 
 2.8100000000000001e+00 3.2612399467938641e-01 
 2.8199999999999998e+00 3.2678002161103858e-01 
 2.8300000000000001e+00 3.2740072390414254e-01 
 2.8399999999999999e+00 3.2798105634397673e-01 
 2.8500000000000001e+00 3.2851597371581986e-01 
 2.8599999999999999e+00 3.2900043080495051e-01 
 2.8700000000000001e+00 3.2942938239664726e-01 
 2.8799999999999999e+00 3.2979778327618864e-01 
 2.8900000000000001e+00 3.3010058822885341e-01 
 2.8999999999999999e+00 3.3033275203992002e-01 
 2.9100000000000001e+00 3.3048922949466719e-01 
 2.9199999999999999e+00 3.3056497537837337e-01 
 2.9300000000000002e+00 3.3055494447631734e-01 
 2.9399999999999999e+00 3.3045409157377753e-01 
 2.9500000000000002e+00 3.3025737145603262e-01 
 2.9600000000000000e+00 3.2995973890836122e-01 
 2.9700000000000002e+00 3.2955614871604194e-01 
 2.9800000000000000e+00 3.2904155566435334e-01 
 2.9900000000000002e+00 3.2841091453857396e-01 
 3.0000000000000000e+00 3.2765918012398254e-01 
 3.0100000000000002e+00 3.2683141619485490e-01 
 3.0200000000000000e+00 3.2597807366190762e-01 
 3.0300000000000002e+00 3.2510218801508012e-01 
 3.0400000000000000e+00 3.2420679474431180e-01 
 3.0500000000000003e+00 3.2329492933954218e-01 
 3.0600000000000001e+00 3.2236962729071073e-01 
 3.0700000000000003e+00 3.2143392408775673e-01 
 3.0800000000000001e+00 3.2049085522061987e-01 
 3.0899999999999999e+00 3.1954345617923946e-01 
 3.1000000000000001e+00 3.1859476245355489e-01 
 3.1099999999999999e+00 3.1764780953350574e-01 
 3.1200000000000001e+00 3.1670563290903136e-01 
 3.1299999999999999e+00 3.1577126807007128e-01 
 3.1400000000000001e+00 3.1484775050656488e-01 
 3.1499999999999999e+00 3.1393811570845165e-01 
 3.1600000000000001e+00 3.1304539916567103e-01 
 3.1699999999999999e+00 3.1217263636816245e-01 
 3.1800000000000002e+00 3.1132286280586535e-01 
 3.1899999999999999e+00 3.1049911396871926e-01 
 3.2000000000000002e+00 3.0970442534666354e-01 
 3.2100000000000000e+00 3.0892441700432555e-01 
 3.2200000000000002e+00 3.0814383307661553e-01 
 3.2300000000000000e+00 3.0736439515889757e-01 
 3.2400000000000002e+00 3.0658782484653563e-01 
 3.2500000000000000e+00 3.0581584373489373e-01 
 3.2600000000000002e+00 3.0505017341933577e-01 
 3.2700000000000000e+00 3.0429253549522584e-01 
 3.2800000000000002e+00 3.0354465155792787e-01 
 3.2900000000000000e+00 3.0280824320280586e-01 
 3.3000000000000003e+00 3.0208503202522380e-01 
 3.3100000000000001e+00 3.0137673962054573e-01 
 3.3200000000000003e+00 3.0068508758413554e-01 
 3.3300000000000001e+00 3.0001179751135737e-01 
 3.3399999999999999e+00 2.9935859099757506e-01 
 3.3500000000000001e+00 2.9872718963815270e-01 
 3.3599999999999999e+00 2.9811931502845423e-01 
 3.3700000000000001e+00 2.9753668876384365e-01 
 3.3799999999999999e+00 2.9698103243968499e-01 
 3.3900000000000001e+00 2.9645406765134213e-01 
 3.3999999999999999e+00 2.9595751599417919e-01 
 3.4100000000000001e+00 2.9550716365882712e-01 
 3.4199999999999999e+00 2.9511729087993382e-01 
 3.4300000000000002e+00 2.9478736031888880e-01 
 3.4399999999999999e+00 2.9451683463708150e-01 
 3.4500000000000002e+00 2.9430517649590132e-01 
 3.4600000000000000e+00 2.9415184855673776e-01 
 3.4700000000000002e+00 2.9405631348098027e-01 
 3.4800000000000000e+00 2.9401803393001824e-01 
 3.4900000000000002e+00 2.9403647256524112e-01 
 3.5000000000000000e+00 2.9411109204803842e-01 
 3.5100000000000002e+00 2.9424135503979953e-01 
 3.5200000000000000e+00 2.9442672420191390e-01 
 3.5300000000000002e+00 2.9466666219577103e-01 
 3.5400000000000000e+00 2.9496063168276027e-01 
 3.5500000000000003e+00 2.9530809532427116e-01 
 3.5600000000000001e+00 2.9570851578169310e-01 
 3.5700000000000003e+00 2.9616135571641555e-01 
 3.5800000000000001e+00 2.9666607778982795e-01 
 3.5899999999999999e+00 2.9722214466331975e-01 
 3.6000000000000001e+00 2.9782901899828040e-01 
 3.6099999999999999e+00 2.9846709462760435e-01 
 3.6200000000000001e+00 2.9911635418320209e-01 
 3.6299999999999999e+00 2.9977564352498681e-01 
 3.6400000000000001e+00 3.0044380851287183e-01 
 3.6499999999999999e+00 3.0111969500677044e-01 
 3.6600000000000001e+00 3.0180214886659590e-01 
 3.6699999999999999e+00 3.0249001595226144e-01 
 3.6800000000000002e+00 3.0318214212368044e-01 
 3.6899999999999999e+00 3.0387737324076608e-01 
 3.7000000000000002e+00 3.0457455516343174e-01 
 3.7100000000000000e+00 3.0527253375159064e-01 
 3.7200000000000002e+00 3.0597015486515605e-01 
 3.7300000000000000e+00 3.0666626436404126e-01 
 3.7400000000000002e+00 3.0735970810815960e-01 
 3.7500000000000000e+00 3.0804933195742429e-01 
 3.7600000000000002e+00 3.0873398177174866e-01 
 3.7700000000000000e+00 3.0941250341104587e-01 
 3.7800000000000002e+00 3.1008374273522937e-01 
 3.7900000000000000e+00 3.1074654560421233e-01 
 3.8000000000000003e+00 3.1139975787790808e-01 
 3.8100000000000001e+00 3.1204634697270783e-01 
 3.8200000000000003e+00 3.1268996581259895e-01 
 3.8300000000000001e+00 3.1333048851888862e-01 
 3.8399999999999999e+00 3.1396778921288415e-01 
 3.8500000000000001e+00 3.1460174201589275e-01 
 3.8599999999999999e+00 3.1523222104922172e-01 
 3.8700000000000001e+00 3.1585910043417825e-01 
 3.8799999999999999e+00 3.1648225429206966e-01 
 3.8900000000000001e+00 3.1710155674420321e-01 
 3.8999999999999999e+00 3.1771688191188607e-01 
 3.9100000000000001e+00 3.1832810391642563e-01 
 3.9199999999999999e+00 3.1893509687912902e-01 
 3.9300000000000002e+00 3.1953773492130361e-01 
 3.9399999999999999e+00 3.2013589216425653e-01 
 3.9500000000000002e+00 3.2072944272929510e-01 
 3.9600000000000000e+00 3.2131826073772662e-01 
 3.9700000000000002e+00 3.2190222031085824e-01 
 3.9800000000000000e+00 3.2248119556999733e-01 
 3.9900000000000002e+00 3.2305506063645112e-01 
 4.0000000000000000e+00 3.2362368963152677e-01 
 4.0099999999999998e+00 3.2414633034968882e-01 
 4.0200000000000005e+00 3.2458447689880743e-01 
 4.0300000000000002e+00 3.2494137287029845e-01 
 4.0400000000000000e+00 3.2522026185557779e-01 
 4.0499999999999998e+00 3.2542438744606139e-01 
 4.0600000000000005e+00 3.2555699323316512e-01 
 4.0700000000000003e+00 3.2562132280830480e-01 
 4.0800000000000001e+00 3.2562061976289647e-01 
 4.0899999999999999e+00 3.2555812768835590e-01 
 4.0999999999999996e+00 3.2543709017609906e-01 
 4.1100000000000003e+00 3.2526075081754180e-01 
 4.1200000000000001e+00 3.2503235320410001e-01 
 4.1299999999999999e+00 3.2475514092718960e-01 
 4.1399999999999997e+00 3.2443235757822647e-01 
 4.1500000000000004e+00 3.2406724674862647e-01 
 4.1600000000000001e+00 3.2366305202980555e-01 
 4.1699999999999999e+00 3.2322301701317963e-01 
 4.1799999999999997e+00 3.2275038529016453e-01 
 4.1900000000000004e+00 3.2224840045217612e-01 
 4.2000000000000002e+00 3.2172030609063040e-01 
 4.2100000000000000e+00 3.2115399748168522e-01 
 4.2199999999999998e+00 3.2053505307715779e-01 
 4.2300000000000004e+00 3.1986324123195298e-01 
 4.2400000000000002e+00 3.1913833030097577e-01 
 4.2500000000000000e+00 3.1836008863913101e-01 
 4.2599999999999998e+00 3.1752828460132360e-01 
 4.2700000000000005e+00 3.1664268654245836e-01 
 4.2800000000000002e+00 3.1570306281744037e-01 
 4.2900000000000000e+00 3.1470918178117441e-01 
 4.2999999999999998e+00 3.1366081178856536e-01 
 4.3100000000000005e+00 3.1255772119451802e-01 
 4.3200000000000003e+00 3.1139967835393756e-01 
 4.3300000000000001e+00 3.1018645162172870e-01 
 4.3399999999999999e+00 3.0891780935279634e-01 
 4.3500000000000005e+00 3.0759351990204531e-01 
 4.3600000000000003e+00 3.0621335162438068e-01 
 4.3700000000000001e+00 3.0477707287470729e-01 
 4.3799999999999999e+00 3.0328445200792997e-01 
 4.3899999999999997e+00 3.0173525737895368e-01 
 4.4000000000000004e+00 3.0012925734268314e-01 
 4.4100000000000001e+00 2.9848428222389145e-01 
 4.4199999999999999e+00 2.9681735142173932e-01 
 4.4299999999999997e+00 2.9512701690271359e-01 
 4.4400000000000004e+00 2.9341183063330090e-01 
 4.4500000000000002e+00 2.9167034457998836e-01 
 4.4600000000000000e+00 2.8990111070926272e-01 
 4.4699999999999998e+00 2.8810268098761083e-01 
 4.4800000000000004e+00 2.8627360738151925e-01 
 4.4900000000000002e+00 2.8441244185747522e-01 
 4.5000000000000000e+00 2.8251773638196542e-01 
 4.5099999999999998e+00 2.8058804292147665e-01 
 4.5200000000000005e+00 2.7862191344249559e-01 
 4.5300000000000002e+00 2.7661789991150942e-01 
 4.5400000000000000e+00 2.7457455429500477e-01 
 4.5499999999999998e+00 2.7249042855946853e-01 
 4.5600000000000005e+00 2.7036407467138729e-01 
 4.5700000000000003e+00 2.6819404459724827e-01 
 4.5800000000000001e+00 2.6597889030353816e-01 
 4.5899999999999999e+00 2.6371716375674376e-01 
 4.6000000000000005e+00 2.6140741692335168e-01 
 4.6100000000000003e+00 2.5906907575327298e-01 
 4.6200000000000001e+00 2.5672195418102040e-01 
 4.6299999999999999e+00 2.5436518614998455e-01 
 4.6399999999999997e+00 2.5199790560355573e-01 
 4.6500000000000004e+00 2.4961924648512429e-01 
 4.6600000000000001e+00 2.4722834273808111e-01 
 4.6699999999999999e+00 2.4482432830581646e-01 
 4.6799999999999997e+00 2.4240633713172074e-01 
 4.6900000000000004e+00 2.3997350315918428e-01 
 4.7000000000000002e+00 2.3752496033159792e-01 
 4.7100000000000000e+00 2.3505984259235194e-01 
 4.7199999999999998e+00 2.3257728388483676e-01 
 4.7300000000000004e+00 2.3007641815244267e-01 
 4.7400000000000002e+00 2.2755637933856060e-01 
 4.7500000000000000e+00 2.2501630138658074e-01 
 4.7599999999999998e+00 2.2245531823989356e-01 
 4.7700000000000005e+00 2.1987256384188933e-01 
 4.7800000000000002e+00 2.1726717213595895e-01 
 4.7900000000000000e+00 2.1463827706549266e-01 
 4.7999999999999998e+00 2.1198501257388094e-01 
 4.8100000000000005e+00 2.0931522941274802e-01 
 4.8200000000000003e+00 2.0663715623541315e-01 
 4.8300000000000001e+00 2.0395049383780800e-01 
 4.8399999999999999e+00 2.0125494301586447e-01 
 4.8500000000000005e+00 1.9855020456551417e-01 
 4.8600000000000003e+00 1.9583597928268953e-01 
 4.8700000000000001e+00 1.9311196796332217e-01 
 4.8799999999999999e+00 1.9037787140334397e-01 
 4.8899999999999997e+00 1.8763339039868684e-01 
 4.9000000000000004e+00 1.8487822574528245e-01 
 4.9100000000000001e+00 1.8211207823906317e-01 
 4.9199999999999999e+00 1.7933464867596061e-01 
 4.9299999999999997e+00 1.7654563785190669e-01 
 4.9400000000000004e+00 1.7374474656283306e-01 
 4.9500000000000002e+00 1.7093167560467212e-01 
 4.9600000000000000e+00 1.6810612577335549e-01 
 4.9699999999999998e+00 1.6526779786481507e-01 
 4.9800000000000004e+00 1.6241639267498251e-01 
 4.9900000000000002e+00 1.5955161099979021e-01 
 5.0000000000000000e+00 1.5667315363516976e-01 
 5.0099999999999998e+00 1.5378018304249788e-01 
 5.0200000000000005e+00 1.5087202747868633e-01 
 5.0300000000000002e+00 1.4794863643297057e-01 
 5.0400000000000000e+00 1.4500995939458536e-01 
 5.0499999999999998e+00 1.4205594585276562e-01 
 5.0600000000000005e+00 1.3908654529674608e-01 
 5.0700000000000003e+00 1.3610170721576226e-01 
 5.0800000000000001e+00 1.3310138109904884e-01 
 5.0899999999999999e+00 1.3008551643584079e-01 
 5.1000000000000005e+00 1.2705406271537281e-01 
 5.1100000000000003e+00 1.2400696942688044e-01 
 5.1200000000000001e+00 1.2094418605959834e-01 
 5.1299999999999999e+00 1.1786566210276150e-01 
 5.1399999999999997e+00 1.1477134704560490e-01 
 5.1500000000000004e+00 1.1166119037736325e-01 
 5.1600000000000001e+00 1.0853514158727202e-01 
 5.1699999999999999e+00 1.0539315016456594e-01 
 5.1799999999999997e+00 1.0223516559847999e-01 
 5.1900000000000004e+00 9.9061137378248829e-02 
 5.2000000000000002e+00 9.5871014993108017e-02 
 5.2100000000000000e+00 9.2665494382494232e-02 
 5.2199999999999998e+00 8.9444510256275742e-02 
 5.2300000000000004e+00 8.6206870259334156e-02 
 5.2400000000000002e+00 8.2951382036551946e-02 
 5.2500000000000000e+00 7.9676853232810735e-02 
 5.2599999999999998e+00 7.6382091492992396e-02 
 5.2700000000000005e+00 7.3065904461978554e-02 
 5.2800000000000002e+00 6.9727099784651692e-02 
 5.2900000000000000e+00 6.6364485105893406e-02 
 5.2999999999999998e+00 6.2976868070585612e-02 
 5.3100000000000005e+00 5.9563056323609878e-02 
 5.3200000000000003e+00 5.6121857509848730e-02 
 5.3300000000000001e+00 5.2652079274183750e-02 
 5.3399999999999999e+00 4.9152529261496845e-02 
 5.3500000000000005e+00 4.5622015116669586e-02 
 5.3600000000000003e+00 4.2059344484584517e-02 
 5.3700000000000001e+00 3.8463325010123214e-02 
 5.3799999999999999e+00 3.4832764338167579e-02 
 5.3899999999999997e+00 3.1166470113599506e-02 
 5.4000000000000004e+00 2.7463249981300564e-02 
 5.4100000000000001e+00 2.3735336618490185e-02 
 5.4199999999999999e+00 1.9996099524095576e-02 
 5.4299999999999997e+00 1.6246051575561752e-02 
 5.4400000000000004e+00 1.2485705650333398e-02 
 5.4500000000000002e+00 8.7155746258562004e-03 
 5.4600000000000000e+00 4.9361713795748469e-03 
 5.4699999999999998e+00 1.1480087889343508e-03 
 5.4800000000000004e+00 -2.6484002686206001e-03 
 5.4900000000000002e+00 -6.4525429156443229e-03 
 5.5000000000000000e+00 -1.0263906274692126e-02 
 5.5099999999999998e+00 -1.4081977468319004e-02 
 5.5200000000000005e+00 -1.7906243619080262e-02 
 5.5300000000000002e+00 -2.1736191849530219e-02 
 5.5400000000000000e+00 -2.5571309282224182e-02 
 5.5499999999999998e+00 -2.9411083039717144e-02 
 5.5600000000000005e+00 -3.3255000244564424e-02 
 5.5700000000000003e+00 -3.7102548019320308e-02 
 5.5800000000000001e+00 -4.0953213486540144e-02 
 5.5899999999999999e+00 -4.4806483768778896e-02 
 5.6000000000000005e+00 -4.8661845988591912e-02 
 5.6100000000000003e+00 -5.2525568299348263e-02 
 5.6200000000000001e+00 -5.6403275689489087e-02 
 5.6299999999999999e+00 -6.0293490534175861e-02 
 5.6399999999999997e+00 -6.4194735208570067e-02 
 5.6500000000000004e+00 -6.8105532087833501e-02 
 5.6600000000000001e+00 -7.2024403547126956e-02 
 5.6699999999999999e+00 -7.5949871961612250e-02 
 5.6799999999999997e+00 -7.9880459706450857e-02 
 5.6900000000000004e+00 -8.3814689156804595e-02 
 5.7000000000000002e+00 -8.7751082687834228e-02 
 5.7100000000000000e+00 -9.1688162674701590e-02 
 5.7199999999999998e+00 -9.5624451492568152e-02 
 5.7300000000000004e+00 -9.9558471516595748e-02 
 5.7400000000000002e+00 -1.0348874512194511e-01 
 5.7500000000000000e+00 -1.0741379468377812e-01 
 5.7599999999999998e+00 -1.1133214257725620e-01 
 5.7700000000000005e+00 -1.1524231117754118e-01 
 5.7800000000000002e+00 -1.1914282285979384e-01 
 5.7900000000000000e+00 -1.2303219999917600e-01 
 5.7999999999999998e+00 -1.2690896497084914e-01 
 5.8100000000000005e+00 -1.3075320764828260e-01 
 5.8200000000000003e+00 -1.3454730429357997e-01 
 5.8300000000000001e+00 -1.3829320686485588e-01 
 5.8399999999999999e+00 -1.4199286732022462e-01 
 5.8500000000000005e+00 -1.4564823761780082e-01 
 5.8600000000000003e+00 -1.4926126971569814e-01 
 5.8700000000000001e+00 -1.5283391557203121e-01 
 5.8799999999999999e+00 -1.5636812714491433e-01 
 5.8899999999999997e+00 -1.5986585639246179e-01 
 5.9000000000000004e+00 -1.6332905527278821e-01 
 5.9100000000000001e+00 -1.6675967574400727e-01 
 5.9199999999999999e+00 -1.7015966976423358e-01 
 5.9299999999999997e+00 -1.7353098929158148e-01 
 5.9400000000000004e+00 -1.7687558628416550e-01 
 5.9500000000000002e+00 -1.8019541270009939e-01 
 5.9600000000000000e+00 -1.8349242049749775e-01 
 5.9699999999999998e+00 -1.8676856163447489e-01 
 5.9800000000000004e+00 -1.9002578806914538e-01 
 5.9900000000000002e+00 -1.9326605175962294e-01 
 6.0000000000000000e+00 -1.9649130466402220e-01 
 6.0099999999999998e+00 -1.9966984315990435e-01 
 6.0200000000000005e+00 -2.0276950038749533e-01 
 6.0300000000000002e+00 -2.0579153344890558e-01 
 6.0400000000000000e+00 -2.0873719944624633e-01 
 6.0499999999999998e+00 -2.1160775548162858e-01 
 6.0600000000000005e+00 -2.1440445865716354e-01 
 6.0700000000000003e+00 -2.1712856607496164e-01 
 6.0800000000000001e+00 -2.1978133483713416e-01 
 6.0899999999999999e+00 -2.2236402204579203e-01 
 6.1000000000000005e+00 -2.2487788480304649e-01 
 6.1100000000000003e+00 -2.2732418021100800e-01 
 6.1200000000000001e+00 -2.2970416537178781e-01 
 6.1299999999999999e+00 -2.3201909738749688e-01 
 6.1400000000000006e+00 -2.3427023336024633e-01 
 6.1500000000000004e+00 -2.3645883039214680e-01 
 6.1600000000000001e+00 -2.3858614558530944e-01 
 6.1699999999999999e+00 -2.4065343604184519e-01 
 6.1799999999999997e+00 -2.4266195886386505e-01 
 6.1900000000000004e+00 -2.4461297115348016e-01 
 6.2000000000000002e+00 -2.4650773001280113e-01 
 6.2100000000000000e+00 -2.4835872417780924e-01 
 6.2199999999999998e+00 -2.5017510437896590e-01 
 6.2300000000000004e+00 -2.5195312071010256e-01 
 6.2400000000000002e+00 -2.5368902326505038e-01 
 6.2500000000000000e+00 -2.5537906213764083e-01 
 6.2599999999999998e+00 -2.5701948742170533e-01 
 6.2700000000000005e+00 -2.5860654921107540e-01 
 6.2800000000000002e+00 -2.6013649759958213e-01 
 6.2900000000000000e+00 -2.6160558268105710e-01 
 6.2999999999999998e+00 -2.6301005454933163e-01 
 6.3100000000000005e+00 -2.6434616329823718e-01 
 6.3200000000000003e+00 -2.6561015902160501e-01 
 6.3300000000000001e+00 -2.6679829181326653e-01 
 6.3399999999999999e+00 -2.6790681176705317e-01 
 6.3500000000000005e+00 -2.6893196897679639e-01 
 6.3600000000000003e+00 -2.6987001353632739e-01 
 6.3700000000000001e+00 -2.7071719553947765e-01 
 6.3799999999999999e+00 -2.7146976508007858e-01 
 6.3900000000000006e+00 -2.7212397225196155e-01 
 6.4000000000000004e+00 -2.7267606714895787e-01 
 6.4100000000000001e+00 -2.7317258223156160e-01 
 6.4199999999999999e+00 -2.7366267397200233e-01 
 6.4299999999999997e+00 -2.7414652848171461e-01 
 6.4400000000000004e+00 -2.7462433187213325e-01 
 6.4500000000000002e+00 -2.7509627025469269e-01 
 6.4600000000000000e+00 -2.7556252974082773e-01 
 6.4699999999999998e+00 -2.7602329644197304e-01 
 6.4800000000000004e+00 -2.7647875646956321e-01 
 6.4900000000000002e+00 -2.7692909593503290e-01 
 6.5000000000000000e+00 -2.7737450094981680e-01 
 6.5099999999999998e+00 -2.7781515762534947e-01 
 6.5200000000000005e+00 -2.7825125207306572e-01 
 6.5300000000000002e+00 -2.7868297040440010e-01 
 6.5400000000000000e+00 -2.7911049873078730e-01 
 6.5499999999999998e+00 -2.7953402316366188e-01 
 6.5600000000000005e+00 -2.7995372981445871e-01 
 6.5700000000000003e+00 -2.8036980479461221e-01 
 6.5800000000000001e+00 -2.8078243421555715e-01 
 6.5899999999999999e+00 -2.8119180418872813e-01 
 6.6000000000000005e+00 -2.8159810082555992e-01 
 6.6100000000000003e+00 -2.8199701694103979e-01 
 6.6200000000000001e+00 -2.8238496580617445e-01 
 6.6299999999999999e+00 -2.8276321421642714e-01 
 6.6400000000000006e+00 -2.8313302896726145e-01 
 6.6500000000000004e+00 -2.8349567685414057e-01 
 6.6600000000000001e+00 -2.8385242467252791e-01 
 6.6699999999999999e+00 -2.8420453921788696e-01 
 6.6799999999999997e+00 -2.8455328728568108e-01 
 6.6900000000000004e+00 -2.8489993567137362e-01 
 6.7000000000000002e+00 -2.8524575117042794e-01 
 6.7100000000000000e+00 -2.8559200057830747e-01 
 6.7199999999999998e+00 -2.8593995069047562e-01 
 6.7300000000000004e+00 -2.8629086830239575e-01 
 6.7400000000000002e+00 -2.8664602020953123e-01 
 6.7500000000000000e+00 -2.8700667320734541e-01 
 6.7599999999999998e+00 -2.8737409409130177e-01 
 6.7700000000000005e+00 -2.8774954965686367e-01 
 6.7800000000000002e+00 -2.8813430669949447e-01 
 6.7900000000000000e+00 -2.8852963201465753e-01 
 6.7999999999999998e+00 -2.8893679239781628e-01 
 6.8100000000000005e+00 -2.8939679595391088e-01 
 6.8200000000000003e+00 -2.8994785698805181e-01 
 6.8300000000000001e+00 -2.9058705159595805e-01 
 6.8399999999999999e+00 -2.9131145587334856e-01 
 6.8500000000000005e+00 -2.9211814591594248e-01 
 6.8600000000000003e+00 -2.9300419781945858e-01 
 6.8700000000000001e+00 -2.9396668767961598e-01 
 6.8799999999999999e+00 -2.9500269159213360e-01 
 6.8900000000000006e+00 -2.9610928565273065e-01 
 6.9000000000000004e+00 -2.9728354595712575e-01 
 6.9100000000000001e+00 -2.9852254860103811e-01 
 6.9199999999999999e+00 -2.9982336968018664e-01 
 6.9299999999999997e+00 -3.0118308529029042e-01 
 6.9400000000000004e+00 -3.0259877152706843e-01 
 6.9500000000000002e+00 -3.0406750448623954e-01 
 6.9600000000000000e+00 -3.0558636026352276e-01 
 6.9699999999999998e+00 -3.0715241495463719e-01 
 6.9800000000000004e+00 -3.0876274465530179e-01 
 6.9900000000000002e+00 -3.1041442546123543e-01 
 7.0000000000000000e+00 -3.1210453346815714e-01 
 7.0099999999999998e+00 -3.1383796241063233e-01 
 7.0200000000000005e+00 -3.1562381632020930e-01 
 7.0300000000000002e+00 -3.1746548673808089e-01 
 7.0400000000000000e+00 -3.1936636520544026e-01 
 7.0499999999999998e+00 -3.2132984326348063e-01 
 7.0600000000000005e+00 -3.2335931245339528e-01 
 7.0700000000000003e+00 -3.2545816431637692e-01 
 7.0800000000000001e+00 -3.2762979039361889e-01 
 7.0899999999999999e+00 -3.2987758222631425e-01 
 7.1000000000000005e+00 -3.3220493135565637e-01 
 7.1100000000000003e+00 -3.3461522932283794e-01 
 7.1200000000000001e+00 -3.3711186766905221e-01 
 7.1299999999999999e+00 -3.3969823793549242e-01 
 7.1400000000000006e+00 -3.4237773166335184e-01 
 7.1500000000000004e+00 -3.4515374039382313e-01 
 7.1600000000000001e+00 -3.4802965566809962e-01 
 7.1699999999999999e+00 -3.5100886902737449e-01 
 7.1799999999999997e+00 -3.5409477201284079e-01 
 7.1900000000000004e+00 -3.5729075616569189e-01 
 7.2000000000000002e+00 -3.6060021302712042e-01 
 7.2100000000000000e+00 -3.6397338477712232e-01 
 7.2199999999999998e+00 -3.6735795289504758e-01 
 7.2300000000000004e+00 -3.7075346787112118e-01 
 7.2400000000000002e+00 -3.7415948019556705e-01 
 7.2500000000000000e+00 -3.7757554035861018e-01 
 7.2599999999999998e+00 -3.8100119885047523e-01 
 7.2700000000000005e+00 -3.8443600616138701e-01 
 7.2800000000000002e+00 -3.8787951278156957e-01 
 7.2900000000000000e+00 -3.9133126920124789e-01 
 7.2999999999999998e+00 -3.9479082591064657e-01 
 7.3100000000000005e+00 -3.9825773339999049e-01 
 7.3200000000000003e+00 -4.0173154215950369e-01 
 7.3300000000000001e+00 -4.0521180267941109e-01 
 7.3399999999999999e+00 -4.0869806544993731e-01 
 7.3500000000000005e+00 -4.1218988096130726e-01 
 7.3600000000000003e+00 -4.1568679970374500e-01 
 7.3700000000000001e+00 -4.1918837216747540e-01 
 7.3799999999999999e+00 -4.2269414884272305e-01 
 7.3900000000000006e+00 -4.2620368021971300e-01 
 7.4000000000000004e+00 -4.2971651678866918e-01 
 7.4100000000000001e+00 -4.3323967358012522e-01 
 7.4199999999999999e+00 -4.3677924449537359e-01 
 7.4299999999999997e+00 -4.4033339833077723e-01 
 7.4400000000000004e+00 -4.4390030388269969e-01 
 7.4500000000000002e+00 -4.4747812994750330e-01 
 7.4600000000000000e+00 -4.5106504532155151e-01 
 7.4699999999999998e+00 -4.5465921880120741e-01 
 7.4800000000000004e+00 -4.5825881918283440e-01 
 7.4900000000000002e+00 -4.6186201526279491e-01 
 7.5000000000000000e+00 -4.6546697583745233e-01 
 7.5099999999999998e+00 -4.6907186970316983e-01 
 7.5200000000000005e+00 -4.7267486565631067e-01 
 7.5300000000000002e+00 -4.7627413249323741e-01 
 7.5400000000000000e+00 -4.7986783901031344e-01 
 7.5499999999999998e+00 -4.8345415400390179e-01 
 7.5600000000000005e+00 -4.8703124627036593e-01 
 7.5700000000000003e+00 -4.9059728460606822e-01 
 7.5800000000000001e+00 -4.9415043780737217e-01 
 7.5899999999999999e+00 -4.9768887467064077e-01 
 7.6000000000000005e+00 -5.0121076399223741e-01 
 7.6100000000000003e+00 -5.0465771086921851e-01 
 7.6200000000000001e+00 -5.0797590192915121e-01 
 7.6299999999999999e+00 -5.1117037826416323e-01 
 7.6400000000000006e+00 -5.1424618096638242e-01 
 7.6500000000000004e+00 -5.1720835112793617e-01 
 7.6600000000000001e+00 -5.2006192984095234e-01 
 7.6699999999999999e+00 -5.2281195819755877e-01 
 7.6799999999999997e+00 -5.2546347728988307e-01 
 7.6900000000000004e+00 -5.2802152821005333e-01 
 7.7000000000000002e+00 -5.3049115205019681e-01 
 7.7100000000000000e+00 -5.3287738990244149e-01 
 7.7199999999999998e+00 -5.3518528285891498e-01 
 7.7300000000000004e+00 -5.3741987201174535e-01 
 7.7400000000000002e+00 -5.3958619845305977e-01 
 7.7500000000000000e+00 -5.4168930327498643e-01 
 7.7599999999999998e+00 -5.4373422756965284e-01 
 7.7700000000000005e+00 -5.4572601242918706e-01 
 7.7800000000000002e+00 -5.4766969894571627e-01 
 7.7900000000000000e+00 -5.4957032821136864e-01 
 7.7999999999999998e+00 -5.5143294131827170e-01 
 7.8100000000000005e+00 -5.5321347367806228e-01 
 7.8200000000000003e+00 -5.5486482034186757e-01 
 7.8300000000000001e+00 -5.5638746186105170e-01 
 7.8399999999999999e+00 -5.5778187878697894e-01 
 7.8500000000000005e+00 -5.5904855167101353e-01 
 7.8600000000000003e+00 -5.6018796106451951e-01 
 7.8700000000000001e+00 -5.6120058751886104e-01 
 7.8799999999999999e+00 -5.6208691158540236e-01 
 7.8900000000000006e+00 -5.6284741381550762e-01 
 7.9000000000000004e+00 -5.6348257476054087e-01 
 7.9100000000000001e+00 -5.6399287497186634e-01 
 7.9199999999999999e+00 -5.6437879500084831e-01 
 7.9300000000000006e+00 -5.6464081539885080e-01 
 7.9400000000000004e+00 -5.6477941671723797e-01 
 7.9500000000000002e+00 -5.6479507950737406e-01 
 7.9600000000000000e+00 -5.6468828432062312e-01 
 7.9699999999999998e+00 -5.6445951170834952e-01 
 7.9800000000000004e+00 -5.6410924222191716e-01 
 7.9900000000000002e+00 -5.6363795641269032e-01 
 8.0000000000000000e+00 -5.6304613483203325e-01 
 8.0099999999999998e+00 -5.6237358524630920e-01 
 8.0199999999999996e+00 -5.6165584610136454e-01 
 8.0299999999999994e+00 -5.6088699396778818e-01 
 8.0400000000000009e+00 -5.6006110541616871e-01 
 8.0500000000000007e+00 -5.5917225701709528e-01 
 8.0600000000000005e+00 -5.5821452534115645e-01 
 8.0700000000000003e+00 -5.5718198695894106e-01 
 8.0800000000000001e+00 -5.5606871844103789e-01 
 8.0899999999999999e+00 -5.5486879635803577e-01 
 8.0999999999999996e+00 -5.5357629728052349e-01 
 8.1099999999999994e+00 -5.5218529777908976e-01 
 8.1200000000000010e+00 -5.5068987442432327e-01 
 8.1300000000000008e+00 -5.4908410378681327e-01 
 8.1400000000000006e+00 -5.4736206243714824e-01 
 8.1500000000000004e+00 -5.4551782694591711e-01 
 8.1600000000000001e+00 -5.4354547388370844e-01 
 8.1699999999999999e+00 -5.4143907982111128e-01 
 8.1799999999999997e+00 -5.3919272132871432e-01 
 8.1899999999999995e+00 -5.3680047497710637e-01 
 8.1999999999999993e+00 -5.3425641733687623e-01 
 8.2100000000000009e+00 -5.3162751311835099e-01 
 8.2200000000000006e+00 -5.2898560577548848e-01 
 8.2300000000000004e+00 -5.2633208999432113e-01 
 8.2400000000000002e+00 -5.2366836046088172e-01 
 8.2500000000000000e+00 -5.2099581186120303e-01 
 8.2599999999999998e+00 -5.1831583888131805e-01 
 8.2699999999999996e+00 -5.1562983620725933e-01 
 8.2799999999999994e+00 -5.1293919852505987e-01 
 8.2900000000000009e+00 -5.1024532052075200e-01 
 8.3000000000000007e+00 -5.0754959688036938e-01 
 8.3100000000000005e+00 -5.0485342228994445e-01 
 8.3200000000000003e+00 -5.0215819143551010e-01 
 8.3300000000000001e+00 -4.9946529900309899e-01 
 8.3399999999999999e+00 -4.9677613967874407e-01 
 8.3499999999999996e+00 -4.9409210814847804e-01 
 8.3599999999999994e+00 -4.9141459909833379e-01 
 8.3700000000000010e+00 -4.8874500721434366e-01 
 8.3800000000000008e+00 -4.8608472718254142e-01 
 8.3900000000000006e+00 -4.8343515368895940e-01 
 8.4000000000000004e+00 -4.8079768141963042e-01 
 8.4100000000000001e+00 -4.7816835973580996e-01 
 8.4199999999999999e+00 -4.7554243923002654e-01 
 8.4299999999999997e+00 -4.7292011643522264e-01 
 8.4399999999999995e+00 -4.7030158788434073e-01 
 8.4499999999999993e+00 -4.6768705011032324e-01 
 8.4600000000000009e+00 -4.6507669964611226e-01 
 8.4700000000000006e+00 -4.6247073302465108e-01 
 8.4800000000000004e+00 -4.5986934677888180e-01 
 8.4900000000000002e+00 -4.5727273744174679e-01 
 8.5000000000000000e+00 -4.5468110154618857e-01 
 8.5099999999999998e+00 -4.5209463562514957e-01 
 8.5199999999999996e+00 -4.4951353621157225e-01 
 8.5299999999999994e+00 -4.4693799983839910e-01 
 8.5400000000000009e+00 -4.4436822303857215e-01 
 8.5500000000000007e+00 -4.4180440234503476e-01 
 8.5600000000000005e+00 -4.3924673429072891e-01 
 8.5700000000000003e+00 -4.3669541540859708e-01 
 8.5800000000000001e+00 -4.3415064223158173e-01 
 8.5899999999999999e+00 -4.3161261129262535e-01 
 8.5999999999999996e+00 -4.2908151912467041e-01 
 8.6099999999999994e+00 -4.2663568637920218e-01 
 8.6200000000000010e+00 -4.2434944804639751e-01 
 8.6300000000000008e+00 -4.2221702216723728e-01 
 8.6400000000000006e+00 -4.2023262678270129e-01 
 8.6500000000000004e+00 -4.1839047993376971e-01 
 8.6600000000000001e+00 -4.1668479966142274e-01 
 8.6699999999999999e+00 -4.1510980400664044e-01 
 8.6799999999999997e+00 -4.1365971101040311e-01 
 8.6899999999999995e+00 -4.1232873871369080e-01 
 8.7000000000000011e+00 -4.1111110515748350e-01 
 8.7100000000000009e+00 -4.1000102838276187e-01 
 8.7200000000000006e+00 -4.0899272643050577e-01 
 8.7300000000000004e+00 -4.0808041734169542e-01 
 8.7400000000000002e+00 -4.0725831915731092e-01 
 8.7500000000000000e+00 -4.0652064991833253e-01 
 8.7599999999999998e+00 -4.0586162766574030e-01 
 8.7699999999999996e+00 -4.0527547044051454e-01 
 8.7799999999999994e+00 -4.0475639628363530e-01 
 8.7900000000000009e+00 -4.0429862323608273e-01 
 8.8000000000000007e+00 -4.0389636933883710e-01 
 8.8100000000000005e+00 -4.0355896170000566e-01 
 8.8200000000000003e+00 -4.0330204462606656e-01 
 8.8300000000000001e+00 -4.0312931195555629e-01 
 8.8399999999999999e+00 -4.0304445752701146e-01 
 8.8499999999999996e+00 -4.0305117517896849e-01 
 8.8599999999999994e+00 -4.0315315874996405e-01 
 8.8700000000000010e+00 -4.0335410207853456e-01 
 8.8800000000000008e+00 -4.0365769900321652e-01 
 8.8900000000000006e+00 -4.0406764336254652e-01 
 8.9000000000000004e+00 -4.0458762899506101e-01 
 8.9100000000000001e+00 -4.0522134973929663e-01 
 8.9199999999999999e+00 -4.0597249943378982e-01 
 8.9299999999999997e+00 -4.0684477191707713e-01 
 8.9399999999999995e+00 -4.0784186102769504e-01 
 8.9500000000000011e+00 -4.0896746060418032e-01 
 8.9600000000000009e+00 -4.1022526448506913e-01 
 8.9700000000000006e+00 -4.1161896650889818e-01 
 8.9800000000000004e+00 -4.1315226051420395e-01 
 8.9900000000000002e+00 -4.1482884033952294e-01 
 9.0000000000000000e+00 -4.1665239982339175e-01 
 9.0099999999999998e+00 -4.1856472069094097e-01 
 9.0199999999999996e+00 -4.2050493988579568e-01 
 9.0299999999999994e+00 -4.2247278407423422e-01 
 9.0400000000000009e+00 -4.2446797992253527e-01 
 9.0500000000000007e+00 -4.2649025409697650e-01 
 9.0600000000000005e+00 -4.2853933326383647e-01 
 9.0700000000000003e+00 -4.3061494408939355e-01 
 9.0800000000000001e+00 -4.3271681323992606e-01 
 9.0899999999999999e+00 -4.3484466738171229e-01 
 9.0999999999999996e+00 -4.3699823318103059e-01 
 9.1099999999999994e+00 -4.3917723730415925e-01 
 9.1200000000000010e+00 -4.4138140641737700e-01 
 9.1300000000000008e+00 -4.4361046718696134e-01 
 9.1400000000000006e+00 -4.4586414627919102e-01 
 9.1500000000000004e+00 -4.4814217036034432e-01 
 9.1600000000000001e+00 -4.5044426609669952e-01 
 9.1699999999999999e+00 -4.5277016015453508e-01 
 9.1799999999999997e+00 -4.5511957920012919e-01 
 9.1899999999999995e+00 -4.5749224989976017e-01 
 9.2000000000000011e+00 -4.5988789891970683e-01 
 9.2100000000000009e+00 -4.6231759957176999e-01 
 9.2200000000000006e+00 -4.6478943079216861e-01 
 9.2300000000000004e+00 -4.6729862768380614e-01 
 9.2400000000000002e+00 -4.6984042534958614e-01 
 9.2500000000000000e+00 -4.7241005889241205e-01 
 9.2599999999999998e+00 -4.7500276341518732e-01 
 9.2699999999999996e+00 -4.7761377402081556e-01 
 9.2799999999999994e+00 -4.8023832581220016e-01 
 9.2900000000000009e+00 -4.8287165389224507e-01 
 9.3000000000000007e+00 -4.8550899336385289e-01 
 9.3100000000000005e+00 -4.8814557932992758e-01 
 9.3200000000000003e+00 -4.9077664689337258e-01 
 9.3300000000000001e+00 -4.9339743115709139e-01 
 9.3399999999999999e+00 -4.9600316722398757e-01 
 9.3499999999999996e+00 -4.9858909019696451e-01 
 9.3599999999999994e+00 -5.0115043517892577e-01 
 9.3700000000000010e+00 -5.0368243727277517e-01 
 9.3800000000000008e+00 -5.0618033158141551e-01 
 9.3900000000000006e+00 -5.0863935320775056e-01 
 9.4000000000000004e+00 -5.1105473725468387e-01 
 9.4100000000000001e+00 -5.1340033959420395e-01 
 9.4199999999999999e+00 -5.1565481166608407e-01 
 9.4299999999999997e+00 -5.1782058192490499e-01 
 9.4399999999999995e+00 -5.1990007882524714e-01 
 9.4500000000000011e+00 -5.2189573082169161e-01 
 9.4600000000000009e+00 -5.2380996636881827e-01 
 9.4700000000000006e+00 -5.2564521392120811e-01 
 9.4800000000000004e+00 -5.2740390193344167e-01 
 9.4900000000000002e+00 -5.2908845886009970e-01 
 9.5000000000000000e+00 -5.3070131315576274e-01 
 9.5099999999999998e+00 -5.3224489327501134e-01 
 9.5199999999999996e+00 -5.3372162767242626e-01 
 9.5299999999999994e+00 -5.3513394480258814e-01 
 9.5400000000000009e+00 -5.3648427312007763e-01 
 9.5500000000000007e+00 -5.3777504107947505e-01 
 9.5600000000000005e+00 -5.3900867713536116e-01 
 9.5700000000000003e+00 -5.4018760974231661e-01 
 9.5800000000000001e+00 -5.4131426735492205e-01 
 9.5899999999999999e+00 -5.4239107842775802e-01 
 9.5999999999999996e+00 -5.4342047141540517e-01 
 9.6099999999999994e+00 -5.4436355569583739e-01 
 9.6200000000000010e+00 -5.4518019765361558e-01 
 9.6300000000000008e+00 -5.4587096125320111e-01 
 9.6400000000000006e+00 -5.4643641045905555e-01 
 9.6500000000000004e+00 -5.4687710923564059e-01 
 9.6600000000000001e+00 -5.4719362154741757e-01 
 9.6699999999999999e+00 -5.4738651135884808e-01 
 9.6799999999999997e+00 -5.4745634263439358e-01 
 9.6899999999999995e+00 -5.4740367933851575e-01 
 9.7000000000000011e+00 -5.4722908543567594e-01 
 9.7100000000000009e+00 -5.4693312489033585e-01 
 9.7200000000000006e+00 -5.4651636166695683e-01 
 9.7300000000000004e+00 -5.4597935973000045e-01 
 9.7400000000000002e+00 -5.4532268304392828e-01 
 9.7500000000000000e+00 -5.4454689557320179e-01 
 9.7599999999999998e+00 -5.4365256128228245e-01 
 9.7699999999999996e+00 -5.4264024413563194e-01 
 9.7799999999999994e+00 -5.4151050809771173e-01 
 9.7900000000000009e+00 -5.4026391713298305e-01 
 9.8000000000000007e+00 -5.3890103520590782e-01 
 9.8100000000000005e+00 -5.3745818843071103e-01 
 9.8200000000000003e+00 -5.3596860338415742e-01 
 9.8300000000000001e+00 -5.3442819472451752e-01 
 9.8399999999999999e+00 -5.3283287711006211e-01 
 9.8499999999999996e+00 -5.3117856519906193e-01 
 9.8599999999999994e+00 -5.2946117364978773e-01 
 9.8700000000000010e+00 -5.2767661712050984e-01 
 9.8800000000000008e+00 -5.2582081026949967e-01 
 9.8900000000000006e+00 -5.2388966775502765e-01 
 9.9000000000000004e+00 -5.2187910423536454e-01 
 9.9100000000000001e+00 -5.1978503436878087e-01 
 9.9199999999999999e+00 -5.1760337281354762e-01 
 9.9299999999999997e+00 -5.1533003422793533e-01 
 9.9399999999999995e+00 -5.1296093327021475e-01 
 9.9500000000000011e+00 -5.1049198459865630e-01 
 9.9600000000000009e+00 -5.0791910287153141e-01 
 9.9700000000000006e+00 -5.0523820274711040e-01 
 9.9800000000000004e+00 -5.0244519888366412e-01 
 9.9900000000000002e+00 -4.9953600593946312e-01 
 1.0000000000000000e+01 -4.9650653857277827e-01 
 1.0010000000000000e+01 -4.9340072658173340e-01 
 1.0020000000000000e+01 -4.9026721738908641e-01 
 1.0029999999999999e+01 -4.8710900209005875e-01 
 1.0039999999999999e+01 -4.8392907177987204e-01 
 1.0049999999999999e+01 -4.8073041755374790e-01 
 1.0060000000000000e+01 -4.7751603050690716e-01 
 1.0070000000000000e+01 -4.7428890173457272e-01 
 1.0080000000000000e+01 -4.7105202233196536e-01 
 1.0090000000000000e+01 -4.6780838339430680e-01 
 1.0100000000000000e+01 -4.6456097601681856e-01 
 1.0109999999999999e+01 -4.6131279129472214e-01 
 1.0119999999999999e+01 -4.5806682032323914e-01 
 1.0129999999999999e+01 -4.5482605419759109e-01 
 1.0140000000000001e+01 -4.5159348401299904e-01 
 1.0150000000000000e+01 -4.4837210086468565e-01 
 1.0160000000000000e+01 -4.4516489584787194e-01 
 1.0170000000000000e+01 -4.4197486005777942e-01 
 1.0180000000000000e+01 -4.3880498458962963e-01 
 1.0190000000000000e+01 -4.3565826053864420e-01 
 1.0199999999999999e+01 -4.3253767900004469e-01 
 1.0209999999999999e+01 -4.2943615114793637e-01 
 1.0220000000000001e+01 -4.2634478275740895e-01 
 1.0230000000000000e+01 -4.2326385682516260e-01 
 1.0240000000000000e+01 -4.2019365634789585e-01 
 1.0250000000000000e+01 -4.1713446432230766e-01 
 1.0260000000000000e+01 -4.1408656374509717e-01 
 1.0270000000000000e+01 -4.1105023761296333e-01 
 1.0279999999999999e+01 -4.0802576892260517e-01 
 1.0289999999999999e+01 -4.0501344067072181e-01 
 1.0299999999999999e+01 -4.0201353585401223e-01 
 1.0310000000000000e+01 -3.9902633746917493e-01 
 1.0320000000000000e+01 -3.9605212851291011e-01 
 1.0330000000000000e+01 -3.9309119198191611e-01 
 1.0340000000000000e+01 -3.9014381087289213e-01 
 1.0350000000000000e+01 -3.8721026818253707e-01 
 1.0359999999999999e+01 -3.8429084690755005e-01 
 1.0369999999999999e+01 -3.8138583004463011e-01 
 1.0379999999999999e+01 -3.7849550059047626e-01 
 1.0390000000000001e+01 -3.7562014154178708e-01 
 1.0400000000000000e+01 -3.7276003589526252e-01 
 1.0410000000000000e+01 -3.6998695170528512e-01 
 1.0420000000000000e+01 -3.6736886621546772e-01 
 1.0430000000000000e+01 -3.6490037620635435e-01 
 1.0440000000000000e+01 -3.6257607845848899e-01 
 1.0449999999999999e+01 -3.6039056975241568e-01 
 1.0459999999999999e+01 -3.5833844686867844e-01 
 1.0470000000000001e+01 -3.5641430658782086e-01 
 1.0480000000000000e+01 -3.5461274569038764e-01 
 1.0490000000000000e+01 -3.5292836095692248e-01 
 1.0500000000000000e+01 -3.5135574916796936e-01 
 1.0510000000000000e+01 -3.4988950710407229e-01 
 1.0520000000000000e+01 -3.4852423154577528e-01 
 1.0529999999999999e+01 -3.4725451927362228e-01 
 1.0539999999999999e+01 -3.4607496706815732e-01 
 1.0549999999999999e+01 -3.4498017170992440e-01 
 1.0560000000000000e+01 -3.4396472997946737e-01 
 1.0570000000000000e+01 -3.4302323865733059e-01 
 1.0580000000000000e+01 -3.4215029452405787e-01 
 1.0590000000000000e+01 -3.4134049436019320e-01 
 1.0600000000000000e+01 -3.4058843494628055e-01 
 1.0609999999999999e+01 -3.3990675681005822e-01 
 1.0619999999999999e+01 -3.3931338418965878e-01 
 1.0629999999999999e+01 -3.3881083943121765e-01 
 1.0640000000000001e+01 -3.3840164488087027e-01 
 1.0650000000000000e+01 -3.3808832288475216e-01 
 1.0660000000000000e+01 -3.3787339578899878e-01 
 1.0670000000000000e+01 -3.3775938593974564e-01 
 1.0680000000000000e+01 -3.3774881568312809e-01 
 1.0690000000000000e+01 -3.3784420736528165e-01 
 1.0699999999999999e+01 -3.3804808333234176e-01 
 1.0709999999999999e+01 -3.3836296593044390e-01 
 1.0720000000000001e+01 -3.3879137750572363e-01 
 1.0730000000000000e+01 -3.3933584040431625e-01 
 1.0740000000000000e+01 -3.3999887697235726e-01 
 1.0750000000000000e+01 -3.4078300955598217e-01 
 1.0760000000000000e+01 -3.4169076050132646e-01 
 1.0770000000000000e+01 -3.4272465215452552e-01 
 1.0779999999999999e+01 -3.4388720686171481e-01 
 1.0789999999999999e+01 -3.4518094696902990e-01 
 1.0799999999999999e+01 -3.4660839482260614e-01 
 1.0810000000000000e+01 -3.4811950940208697e-01 
 1.0820000000000000e+01 -3.4966350668952212e-01 
 1.0830000000000000e+01 -3.5124179453465809e-01 
 1.0840000000000000e+01 -3.5285578078724122e-01 
 1.0850000000000000e+01 -3.5450687329701780e-01 
 1.0859999999999999e+01 -3.5619647991373399e-01 
 1.0869999999999999e+01 -3.5792600848713618e-01 
 1.0879999999999999e+01 -3.5969686686697055e-01 
 1.0890000000000001e+01 -3.6151046290298378e-01 
 1.0900000000000000e+01 -3.6336820444492146e-01 
 1.0910000000000000e+01 -3.6527149934253023e-01 
 1.0920000000000000e+01 -3.6722175544555630e-01 
 1.0930000000000000e+01 -3.6922038060374601e-01 
 1.0940000000000000e+01 -3.7126878266684554e-01 
 1.0949999999999999e+01 -3.7336836948460128e-01 
 1.0959999999999999e+01 -3.7552054890675945e-01 
 1.0970000000000001e+01 -3.7772672878306668e-01 
 1.0980000000000000e+01 -3.7998831696326851e-01 
 1.0990000000000000e+01 -3.8230672129711163e-01 
 1.1000000000000000e+01 -3.8468334963434225e-01 
 1.1010000000000000e+01 -3.8711191441194925e-01 
 1.1020000000000000e+01 -3.8958207205841283e-01 
 1.1029999999999999e+01 -3.9208914641071607e-01 
 1.1039999999999999e+01 -3.9462846130584217e-01 
 1.1049999999999999e+01 -3.9719534058077438e-01 
 1.1060000000000000e+01 -3.9978510807249623e-01 
 1.1070000000000000e+01 -4.0239308761799003e-01 
 1.1080000000000000e+01 -4.0501460305423942e-01 
 1.1090000000000000e+01 -4.0764497821822754e-01 
 1.1100000000000000e+01 -4.1027953694693764e-01 
 1.1109999999999999e+01 -4.1291360307735281e-01 
 1.1119999999999999e+01 -4.1554250044645624e-01 
 1.1129999999999999e+01 -4.1816155289123114e-01 
 1.1140000000000001e+01 -4.2076608424866119e-01 
 1.1150000000000000e+01 -4.2335141835572854e-01 
 1.1160000000000000e+01 -4.2591287904941688e-01 
 1.1170000000000000e+01 -4.2844579016670936e-01 
 1.1180000000000000e+01 -4.3094547554458917e-01 
 1.1190000000000000e+01 -4.3340725902003951e-01 
 1.1199999999999999e+01 -4.3582646443004358e-01 
 1.1209999999999999e+01 -4.3820675932326758e-01 
 1.1220000000000001e+01 -4.4055493465216650e-01 
 1.1230000000000000e+01 -4.4287099935940499e-01 
 1.1240000000000000e+01 -4.4515496238764912e-01 
 1.1250000000000000e+01 -4.4740683267956427e-01 
 1.1260000000000000e+01 -4.4962661917781616e-01 
 1.1270000000000000e+01 -4.5181433082507017e-01 
 1.1279999999999999e+01 -4.5396997656399191e-01 
 1.1289999999999999e+01 -4.5609356533724693e-01 
 1.1299999999999999e+01 -4.5818510608750079e-01 
 1.1310000000000000e+01 -4.6024460775741932e-01 
 1.1320000000000000e+01 -4.6227207928966740e-01 
 1.1330000000000000e+01 -4.6426752962691092e-01 
 1.1340000000000000e+01 -4.6623096771181538e-01 
 1.1350000000000000e+01 -4.6816240248704638e-01 
 1.1359999999999999e+01 -4.7006184289526942e-01 
 1.1369999999999999e+01 -4.7192929787915006e-01 
 1.1379999999999999e+01 -4.7376477638135384e-01 
 1.1390000000000001e+01 -4.7556828734454659e-01 
 1.1400000000000000e+01 -4.7733983971139327e-01 
 1.1410000000000000e+01 -4.7903937917666023e-01 
 1.1420000000000000e+01 -4.8062829489587711e-01 
 1.1430000000000000e+01 -4.8210876100285471e-01 
 1.1440000000000000e+01 -4.8348295163140381e-01 
 1.1449999999999999e+01 -4.8475304091533511e-01 
 1.1459999999999999e+01 -4.8592120298845948e-01 
 1.1470000000000001e+01 -4.8698961198458784e-01 
 1.1480000000000000e+01 -4.8796044203753058e-01 
 1.1490000000000000e+01 -4.8883586728109873e-01 
 1.1500000000000000e+01 -4.8961806184910300e-01 
 1.1510000000000000e+01 -4.9030919987535421e-01 
 1.1520000000000000e+01 -4.9091145549366316e-01 
 1.1529999999999999e+01 -4.9142700283784058e-01 
 1.1539999999999999e+01 -4.9185801604169721e-01 
 1.1550000000000001e+01 -4.9220666923904399e-01 
 1.1560000000000000e+01 -4.9247513656369152e-01 
 1.1570000000000000e+01 -4.9266559214945066e-01 
 1.1580000000000000e+01 -4.9278021013013218e-01 
 1.1590000000000000e+01 -4.9282116463954684e-01 
 1.1600000000000000e+01 -4.9279062981150545e-01 
 1.1609999999999999e+01 -4.9270656437042598e-01 
 1.1619999999999999e+01 -4.9258263143964082e-01 
 1.1629999999999999e+01 -4.9241456175133264e-01 
 1.1640000000000001e+01 -4.9219808603768395e-01 
 1.1650000000000000e+01 -4.9192893503087737e-01 
 1.1660000000000000e+01 -4.9160283946309541e-01 
 1.1670000000000000e+01 -4.9121553006652069e-01 
 1.1680000000000000e+01 -4.9076273757333577e-01 
 1.1690000000000000e+01 -4.9024019271572328e-01 
 1.1699999999999999e+01 -4.8964362622586566e-01 
 1.1709999999999999e+01 -4.8896876883594559e-01 
 1.1720000000000001e+01 -4.8821135127814541e-01 
 1.1730000000000000e+01 -4.8736710428464808e-01 
 1.1740000000000000e+01 -4.8643175858763593e-01 
 1.1750000000000000e+01 -4.8540104491929154e-01 
 1.1760000000000000e+01 -4.8427069401179756e-01 
 1.1770000000000000e+01 -4.8303643659733653e-01 
 1.1779999999999999e+01 -4.8169400340809099e-01 
 1.1789999999999999e+01 -4.8023912517624356e-01 
 1.1800000000000001e+01 -4.7866753263397643e-01 
 1.1810000000000000e+01 -4.7703229630103078e-01 
 1.1820000000000000e+01 -4.7538940064201496e-01 
 1.1830000000000000e+01 -4.7373894730641392e-01 
 1.1840000000000000e+01 -4.7208103794371253e-01 
 1.1850000000000000e+01 -4.7041577420339575e-01 
 1.1859999999999999e+01 -4.6874325773494840e-01 
 1.1869999999999999e+01 -4.6706359018785543e-01 
 1.1879999999999999e+01 -4.6537687321160165e-01 
 1.1890000000000001e+01 -4.6368320845567179e-01 
 1.1900000000000000e+01 -4.6198269756955129e-01 
 1.1910000000000000e+01 -4.6027544220272470e-01 
 1.1920000000000000e+01 -4.5856154400467697e-01 
 1.1930000000000000e+01 -4.5684110462489297e-01 
 1.1940000000000000e+01 -4.5511422571285765e-01 
 1.1949999999999999e+01 -4.5338100891805583e-01 
 1.1959999999999999e+01 -4.5164155588997246e-01 
 1.1970000000000001e+01 -4.4989596827809208e-01 
 1.1980000000000000e+01 -4.4814434773190026e-01 
 1.1990000000000000e+01 -4.4638679590088159e-01 
 1.2000000000000000e+01 -4.4462341443452091e-01 
 1.2010000000000000e+01 -4.4284942037366115e-01 
 1.2020000000000000e+01 -4.4106107334382749e-01 
 1.2030000000000001e+01 -4.3926003887152815e-01 
 1.2039999999999999e+01 -4.3744798248327255e-01 
 1.2050000000000001e+01 -4.3562656970556785e-01 
 1.2059999999999999e+01 -4.3379746606492381e-01 
 1.2070000000000000e+01 -4.3196233708784759e-01 
 1.2080000000000000e+01 -4.3012284830084868e-01 
 1.2090000000000000e+01 -4.2828066523043518e-01 
 1.2100000000000000e+01 -4.2643745340311562e-01 
 1.2109999999999999e+01 -4.2459487834539839e-01 
 1.2120000000000001e+01 -4.2275460558379174e-01 
 1.2129999999999999e+01 -4.2091830064480501e-01 
 1.2140000000000001e+01 -4.1908762905494545e-01 
 1.2149999999999999e+01 -4.1726425634072278e-01 
 1.2160000000000000e+01 -4.1544984802864421e-01 
 1.2170000000000000e+01 -4.1364606964521911e-01 
 1.2180000000000000e+01 -4.1185458671695574e-01 
 1.2190000000000000e+01 -4.1007706477036249e-01 
 1.2199999999999999e+01 -4.0831516933194784e-01 
 1.2210000000000001e+01 -4.0660720723779370e-01 
 1.2219999999999999e+01 -4.0498817576964946e-01 
 1.2230000000000000e+01 -4.0345477612252240e-01 
 1.2240000000000000e+01 -4.0200370949142150e-01 
 1.2250000000000000e+01 -4.0063167707135477e-01 
 1.2260000000000000e+01 -3.9933538005733049e-01 
 1.2270000000000000e+01 -3.9811151964435693e-01 
 1.2280000000000001e+01 -3.9695679702744208e-01 
 1.2289999999999999e+01 -3.9586791340159488e-01 
 1.2300000000000001e+01 -3.9484156996182274e-01 
 1.2309999999999999e+01 -3.9387446790313474e-01 
 1.2320000000000000e+01 -3.9296330842053834e-01 
 1.2330000000000000e+01 -3.9210479270904236e-01 
 1.2340000000000000e+01 -3.9129562196365492e-01 
 1.2350000000000000e+01 -3.9053249737938422e-01 
 1.2359999999999999e+01 -3.8981212015123856e-01 
 1.2370000000000001e+01 -3.8913119147422603e-01 
 1.2379999999999999e+01 -3.8848641254335531e-01 
 1.2390000000000001e+01 -3.8787448455363416e-01 
 1.2399999999999999e+01 -3.8729210870007125e-01 
 1.2410000000000000e+01 -3.8676424584029501e-01 
 1.2420000000000000e+01 -3.8631790513749598e-01 
 1.2430000000000000e+01 -3.8595286024502445e-01 
 1.2440000000000000e+01 -3.8566888481623079e-01 
 1.2449999999999999e+01 -3.8546575250446541e-01 
 1.2460000000000001e+01 -3.8534323696307865e-01 
 1.2469999999999999e+01 -3.8530111184542093e-01 
 1.2480000000000000e+01 -3.8533915080484266e-01 
 1.2490000000000000e+01 -3.8545712749469413e-01 
 1.2500000000000000e+01 -3.8565481556832587e-01 
 1.2510000000000000e+01 -3.8593198867908812e-01 
 1.2520000000000000e+01 -3.8628842048033135e-01 
 1.2530000000000001e+01 -3.8672388462540602e-01 
 1.2539999999999999e+01 -3.8723815476766227e-01 
 1.2550000000000001e+01 -3.8783100456045078e-01 
 1.2559999999999999e+01 -3.8850220765712162e-01 
 1.2570000000000000e+01 -3.8925153771102561e-01 
 1.2580000000000000e+01 -3.9007876837551270e-01 
 1.2590000000000000e+01 -3.9098367330393347e-01 
 1.2600000000000000e+01 -3.9196602614963832e-01 
 1.2609999999999999e+01 -3.9299861973236605e-01 
 1.2620000000000001e+01 -3.9405704968150962e-01 
 1.2629999999999999e+01 -3.9514529386489988e-01 
 1.2640000000000001e+01 -3.9626733015036886e-01 
 1.2649999999999999e+01 -3.9742713640574712e-01 
 1.2660000000000000e+01 -3.9862869049886684e-01 
 1.2670000000000000e+01 -3.9987597029755872e-01 
 1.2680000000000000e+01 -4.0117295366965428e-01 
 1.2690000000000000e+01 -4.0252361848298485e-01 
 1.2699999999999999e+01 -4.0393194260538179e-01 
 1.2710000000000001e+01 -4.0540190390467667e-01 
 1.2719999999999999e+01 -4.0693748024870008e-01 
 1.2730000000000000e+01 -4.0854264950528435e-01 
 1.2740000000000000e+01 -4.1022138954226006e-01 
 1.2750000000000000e+01 -4.1197767822745879e-01 
 1.2760000000000000e+01 -4.1381549342871188e-01 
 1.2770000000000000e+01 -4.1573881301385063e-01 
 1.2780000000000001e+01 -4.1775161485070683e-01 
 1.2789999999999999e+01 -4.1985787680711062e-01 
 1.2800000000000001e+01 -4.2206157675089484e-01 
 1.2809999999999999e+01 -4.2431742508047737e-01 
 1.2820000000000000e+01 -4.2657746413456993e-01 
 1.2830000000000000e+01 -4.2884166969143855e-01 
 1.2840000000000000e+01 -4.3111001752935102e-01 
 1.2850000000000000e+01 -4.3338248342657459e-01 
 1.2859999999999999e+01 -4.3565904316137660e-01 
 1.2870000000000001e+01 -4.3793967251202476e-01 
 1.2879999999999999e+01 -4.4022434725678522e-01 
 1.2890000000000001e+01 -4.4251304317392687e-01 
 1.2899999999999999e+01 -4.4480573604171536e-01 
 1.2910000000000000e+01 -4.4710240163841974e-01 
 1.2920000000000000e+01 -4.4940301574230601e-01 
 1.2930000000000000e+01 -4.5170755413164193e-01 
 1.2940000000000000e+01 -4.5401599258469483e-01 
 1.2949999999999999e+01 -4.5632830687973197e-01 
 1.2960000000000001e+01 -4.5864447279502113e-01 
 1.2969999999999999e+01 -4.6096446610882835e-01 
 1.2980000000000000e+01 -4.6328826259942268e-01 
 1.2990000000000000e+01 -4.6561583804507012e-01 
 1.3000000000000000e+01 -4.6794716822403837e-01 
 1.3010000000000000e+01 -4.7028512195983474e-01 
 1.3020000000000000e+01 -4.7263189776822140e-01 
 1.3030000000000001e+01 -4.7498646596584854e-01 
 1.3039999999999999e+01 -4.7734779686936457e-01 
 1.3050000000000001e+01 -4.7971486079542092e-01 
 1.3059999999999999e+01 -4.8208662806066566e-01 
 1.3070000000000000e+01 -4.8446206898175020e-01 
 1.3080000000000000e+01 -4.8684015387532303e-01 
 1.3090000000000000e+01 -4.8921985305803423e-01 
 1.3100000000000000e+01 -4.9160013684653364e-01 
 1.3109999999999999e+01 -4.9397997555747086e-01 
 1.3120000000000001e+01 -4.9635833950749619e-01 
 1.3129999999999999e+01 -4.9873419901325799e-01 
 1.3140000000000001e+01 -5.0110652439140779e-01 
 1.3149999999999999e+01 -5.0347428595859345e-01 
 1.3160000000000000e+01 -5.0583645403146660e-01 
 1.3170000000000000e+01 -5.0819199892667555e-01 
 1.3180000000000000e+01 -5.1053989096087049e-01 
 1.3190000000000000e+01 -5.1287910045070118e-01 
 1.3199999999999999e+01 -5.1520859771281735e-01 
 1.3210000000000001e+01 -5.1749544615950893e-01 
 1.3219999999999999e+01 -5.1970930934612691e-01 
 1.3230000000000000e+01 -5.2185305780391700e-01 
 1.3240000000000000e+01 -5.2392956206412233e-01 
 1.3250000000000000e+01 -5.2594169265798729e-01 
 1.3260000000000000e+01 -5.2789232011675613e-01 
 1.3270000000000000e+01 -5.2978431497167278e-01 
 1.3280000000000001e+01 -5.3162054775398193e-01 
 1.3289999999999999e+01 -5.3340388899492663e-01 
 1.3300000000000001e+01 -5.3513720922575225e-01 
 1.3309999999999999e+01 -5.3682337897770172e-01 
 1.3320000000000000e+01 -5.3846526878202039e-01 
 1.3330000000000000e+01 -5.4006574916995154e-01 
 1.3340000000000000e+01 -5.4162769067273964e-01 
 1.3350000000000000e+01 -5.4315396382162862e-01 
 1.3359999999999999e+01 -5.4464743914786284e-01 
 1.3370000000000001e+01 -5.4611098718268647e-01 
 1.3379999999999999e+01 -5.4754747845734308e-01 
 1.3390000000000001e+01 -5.4895978350307773e-01 
 1.3399999999999999e+01 -5.5035077285113365e-01 
 1.3410000000000000e+01 -5.5169938007113206e-01 
 1.3420000000000000e+01 -5.5298286860190893e-01 
 1.3430000000000000e+01 -5.5420160377853267e-01 
 1.3440000000000000e+01 -5.5535595093607137e-01 
 1.3449999999999999e+01 -5.5644627540959335e-01 
 1.3460000000000001e+01 -5.5747294253416690e-01 
 1.3469999999999999e+01 -5.5843631764485968e-01 
 1.3480000000000000e+01 -5.5933676607674065e-01 
 1.3490000000000000e+01 -5.6017465316487736e-01 
 1.3500000000000000e+01 -5.6095034424433843e-01 
 1.3510000000000000e+01 -5.6166420465019173e-01 
 1.3520000000000000e+01 -5.6231659971750569e-01 
 1.3530000000000001e+01 -5.6290789478134851e-01 
 1.3539999999999999e+01 -5.6343845517678814e-01 
 1.3550000000000001e+01 -5.6390864623889303e-01 
 1.3559999999999999e+01 -5.6431883330273125e-01 
 1.3570000000000000e+01 -5.6466938170337111e-01 
 1.3580000000000000e+01 -5.6496065677588059e-01 
 1.3590000000000000e+01 -5.6519302385532810e-01 
 1.3600000000000000e+01 -5.6536684827678174e-01 
 1.3609999999999999e+01 -5.6549986923717677e-01 
 1.3620000000000001e+01 -5.6560771533209986e-01 
 1.3629999999999999e+01 -5.6568758599459557e-01 
 1.3640000000000001e+01 -5.6573668065770888e-01 
 1.3649999999999999e+01 -5.6575219875448446e-01 
 1.3660000000000000e+01 -5.6573133971796730e-01 
 1.3670000000000000e+01 -5.6567130298120205e-01 
 1.3680000000000000e+01 -5.6556928797723360e-01 
 1.3690000000000000e+01 -5.6542249413910672e-01 
 1.3699999999999999e+01 -5.6522812089986629e-01 
 1.3710000000000001e+01 -5.6498336769255708e-01 
 1.3719999999999999e+01 -5.6468543395022408e-01 
 1.3730000000000000e+01 -5.6433151910591173e-01 
 1.3740000000000000e+01 -5.6391882259266513e-01 
 1.3750000000000000e+01 -5.6344454384352893e-01 
 1.3760000000000000e+01 -5.6290588229154814e-01 
 1.3770000000000000e+01 -5.6230003736976752e-01 
 1.3780000000000001e+01 -5.6162420851123163e-01 
 1.3789999999999999e+01 -5.6087559514898566e-01 
 1.3800000000000001e+01 -5.6005139671607407e-01 
 1.3809999999999999e+01 -5.5918445663503624e-01 
 1.3820000000000000e+01 -5.5830944360716717e-01 
 1.3830000000000000e+01 -5.5742629498364682e-01 
 1.3840000000000000e+01 -5.5653494811565474e-01 
 1.3850000000000000e+01 -5.5563534035437057e-01 
 1.3859999999999999e+01 -5.5472740905097406e-01 
 1.3870000000000001e+01 -5.5381109155664454e-01 
 1.3879999999999999e+01 -5.5288632522256220e-01 
 1.3890000000000001e+01 -5.5195304739990603e-01 
 1.3899999999999999e+01 -5.5101119543985622e-01 
 1.3910000000000000e+01 -5.5006070669359197e-01 
 1.3920000000000000e+01 -5.4910151851229316e-01 
 1.3930000000000000e+01 -5.4813356824713944e-01 
 1.3940000000000000e+01 -5.4715679324931044e-01 
 1.3949999999999999e+01 -5.4617113086998581e-01 
 1.3960000000000001e+01 -5.4517651846034487e-01 
 1.3969999999999999e+01 -5.4417289337156793e-01 
 1.3980000000000000e+01 -5.4316019295483386e-01 
 1.3990000000000000e+01 -5.4213835456132287e-01 
 1.4000000000000000e+01 -5.4110731554221436e-01 
 1.4010000000000000e+01 -5.4006331035661037e-01 
 1.4020000000000000e+01 -5.3900379291539746e-01 
 1.4030000000000001e+01 -5.3793052974743261e-01 
 1.4039999999999999e+01 -5.3684528738157311e-01 
 1.4050000000000001e+01 -5.3574983234667506e-01 
 1.4059999999999999e+01 -5.3464593117159620e-01 
 1.4070000000000000e+01 -5.3353535038519262e-01 
 1.4080000000000000e+01 -5.3241985651632184e-01 
 1.4090000000000000e+01 -5.3130121609384062e-01 
 1.4100000000000000e+01 -5.3018119564660571e-01 
 1.4109999999999999e+01 -5.2906156170347407e-01 
 1.4120000000000001e+01 -5.2794408079330235e-01 
 1.4129999999999999e+01 -5.2683051944494808e-01 
 1.4140000000000001e+01 -5.2572264418726744e-01 
 1.4149999999999999e+01 -5.2462222154911797e-01 
 1.4160000000000000e+01 -5.2353101805935587e-01 
 1.4170000000000000e+01 -5.2245080024683865e-01 
 1.4180000000000000e+01 -5.2138333464042297e-01 
 1.4190000000000000e+01 -5.2033038776896567e-01 
 1.4199999999999999e+01 -5.1929372616132374e-01 
 1.4210000000000001e+01 -5.1828856422024461e-01 
 1.4219999999999999e+01 -5.1732794638417179e-01 
 1.4230000000000000e+01 -5.1641038423550378e-01 
 1.4240000000000000e+01 -5.1553438935664075e-01 
 1.4250000000000000e+01 -5.1469847332998175e-01 
 1.4260000000000000e+01 -5.1390114773792639e-01 
 1.4270000000000000e+01 -5.1314092416287393e-01 
 1.4280000000000001e+01 -5.1241631418722366e-01 
 1.4289999999999999e+01 -5.1172582939337563e-01 
 1.4300000000000001e+01 -5.1106798136372844e-01 
 1.4309999999999999e+01 -5.1044128168068226e-01 
 1.4320000000000000e+01 -5.0984424192663602e-01 
 1.4330000000000000e+01 -5.0927537368398934e-01 
 1.4340000000000000e+01 -5.0873318853514160e-01 
 1.4350000000000000e+01 -5.0821619806249230e-01 
 1.4359999999999999e+01 -5.0772291384844070e-01 
 1.4370000000000001e+01 -5.0725184747538632e-01 
 1.4379999999999999e+01 -5.0680151052572875e-01 
 1.4390000000000001e+01 -5.0637041458186716e-01 
 1.4399999999999999e+01 -5.0595707122620126e-01 
 1.4410000000000000e+01 -5.0558314892034517e-01 
 1.4420000000000000e+01 -5.0527070794409545e-01 
 1.4430000000000000e+01 -5.0501884760712412e-01 
 1.4440000000000000e+01 -5.0482666721910330e-01 
 1.4449999999999999e+01 -5.0469326608970488e-01 
 1.4460000000000001e+01 -5.0461774352860111e-01 
 1.4469999999999999e+01 -5.0459919884546400e-01 
 1.4480000000000000e+01 -5.0463673134996556e-01 
 1.4490000000000000e+01 -5.0472944035177791e-01 
 1.4500000000000000e+01 -5.0487642516057318e-01 
 1.4510000000000000e+01 -5.0507678508602338e-01 
 1.4520000000000000e+01 -5.0532961943780053e-01 
 1.4530000000000001e+01 -5.0563402752557685e-01 
 1.4539999999999999e+01 -5.0598910865902413e-01 
 1.4550000000000001e+01 -5.0639396214781474e-01 
 1.4559999999999999e+01 -5.0684768730162044e-01 
 1.4570000000000000e+01 -5.0734938343011371e-01 
 1.4580000000000000e+01 -5.0789814984296622e-01 
 1.4590000000000000e+01 -5.0849308584985031e-01 
 1.4600000000000000e+01 -5.0913329076043790e-01 
 1.4609999999999999e+01 -5.0980914972403513e-01 
 1.4620000000000001e+01 -5.1051314695132588e-01 
 1.4629999999999999e+01 -5.1124753034404868e-01 
 1.4640000000000001e+01 -5.1201454780394284e-01 
 1.4649999999999999e+01 -5.1281644723274666e-01 
 1.4660000000000000e+01 -5.1365547653219945e-01 
 1.4670000000000000e+01 -5.1453388360403962e-01 
 1.4680000000000000e+01 -5.1545391635000593e-01 
 1.4690000000000000e+01 -5.1641782267183745e-01 
 1.4699999999999999e+01 -5.1742785047127282e-01 
 1.4710000000000001e+01 -5.1848624765005114e-01 
 1.4719999999999999e+01 -5.1959526210991058e-01 
 1.4730000000000000e+01 -5.2075714175259058e-01 
 1.4740000000000000e+01 -5.2197413447982965e-01 
 1.4750000000000000e+01 -5.2324848819336645e-01 
 1.4760000000000000e+01 -5.2458245079494004e-01 
 1.4770000000000000e+01 -5.2597827018628918e-01 
 1.4780000000000001e+01 -5.2743819426915284e-01 
 1.4789999999999999e+01 -5.2896447094526899e-01 
 1.4800000000000001e+01 -5.3055934811637773e-01 
 1.4809999999999999e+01 -5.3219487426668177e-01 
 1.4820000000000000e+01 -5.3384159273492870e-01 
 1.4830000000000000e+01 -5.3549949370467076e-01 
 1.4840000000000000e+01 -5.3716856735946061e-01 
 1.4850000000000000e+01 -5.3884880388285106e-01 
 1.4859999999999999e+01 -5.4054019345839499e-01 
 1.4870000000000001e+01 -5.4224272626964531e-01 
 1.4879999999999999e+01 -5.4395639250015393e-01 
 1.4890000000000001e+01 -5.4568118233347462e-01 
 1.4899999999999999e+01 -5.4741708595315908e-01 
 1.4910000000000000e+01 -5.4916409354276108e-01 
 1.4920000000000000e+01 -5.5092219528583264e-01 
 1.4930000000000000e+01 -5.5269138136592655e-01 
 1.4940000000000000e+01 -5.5447164196659582e-01 
 1.4949999999999999e+01 -5.5626296727139291e-01 
 1.4960000000000001e+01 -5.5806534746387104e-01 
 1.4969999999999999e+01 -5.5987877272758202e-01 
 1.4980000000000000e+01 -5.6170323324607963e-01 
 1.4990000000000000e+01 -5.6353871920291587e-01 
 1.5000000000000000e+01 -5.6538522078164366e-01 
 1.5010000000000000e+01 -5.6724748770258426e-01 
 1.5020000000000000e+01 -5.6912886554909847e-01 
 1.5030000000000001e+01 -5.7102723829929936e-01 
 1.5039999999999999e+01 -5.7294048993129831e-01 
 1.5050000000000001e+01 -5.7486650442320897e-01 
 1.5059999999999999e+01 -5.7680316575314261e-01 
 1.5070000000000000e+01 -5.7874835789921308e-01 
 1.5080000000000000e+01 -5.8069996483953168e-01 
 1.5090000000000000e+01 -5.8265587055221124e-01 
 1.5100000000000000e+01 -5.8461395901536439e-01 
 1.5109999999999999e+01 -5.8657211420710342e-01 
 1.5120000000000001e+01 -5.8852822010554129e-01 
 1.5129999999999999e+01 -5.9048016068878928e-01 
 1.5140000000000001e+01 -5.9242581993496135e-01 
 1.5149999999999999e+01 -5.9436308182216846e-01 
 1.5160000000000000e+01 -5.9628983032852467e-01 
 1.5170000000000000e+01 -5.9820394943214117e-01 
 1.5180000000000000e+01 -6.0010332311113090e-01 
 1.5190000000000000e+01 -6.0198583534360628e-01 
 1.5199999999999999e+01 -6.0384937010767981e-01 
 1.5210000000000001e+01 -6.0567995905492145e-01 
 1.5219999999999999e+01 -6.0746603417651557e-01 
 1.5230000000000000e+01 -6.0920907995999896e-01 
 1.5240000000000000e+01 -6.1091058089290640e-01 
 1.5250000000000000e+01 -6.1257202146277390e-01 
 1.5260000000000000e+01 -6.1419488615713713e-01 
 1.5270000000000000e+01 -6.1578065946353200e-01 
 1.5280000000000001e+01 -6.1733082586949417e-01 
 1.5289999999999999e+01 -6.1884686986255866e-01 
 1.5300000000000001e+01 -6.2033027593026213e-01 
 1.5309999999999999e+01 -6.2178252856013938e-01 
 1.5320000000000000e+01 -6.2320511223972708e-01 
 1.5330000000000000e+01 -6.2459951145656023e-01 
 1.5340000000000000e+01 -6.2596721069817451e-01 
 1.5350000000000000e+01 -6.2730969445210594e-01 
 1.5359999999999999e+01 -6.2862844720588995e-01 
 1.5370000000000001e+01 -6.2992495344706256e-01 
 1.5379999999999999e+01 -6.3120069766315889e-01 
 1.5390000000000001e+01 -6.3245716434171539e-01 
 1.5399999999999999e+01 -6.3369583797026685e-01 
 1.5410000000000000e+01 -6.3488732958190441e-01 
 1.5420000000000000e+01 -6.3600228863909780e-01 
 1.5430000000000000e+01 -6.3704225727345321e-01 
 1.5440000000000000e+01 -6.3800877761657659e-01 
 1.5449999999999999e+01 -6.3890339180007383e-01 
 1.5460000000000001e+01 -6.3972764195555110e-01 
 1.5469999999999999e+01 -6.4048307021461381e-01 
 1.5480000000000000e+01 -6.4117121870886862e-01 
 1.5490000000000000e+01 -6.4179362956992103e-01 
 1.5500000000000000e+01 -6.4235184492937714e-01 
 1.5510000000000000e+01 -6.4284740691884290e-01 
 1.5520000000000000e+01 -6.4328185766992430e-01 
 1.5530000000000001e+01 -6.4365673931422718e-01 
 1.5539999999999999e+01 -6.4397359398335752e-01 
 1.5550000000000001e+01 -6.4423396380892139e-01 
 1.5559999999999999e+01 -6.4443939092252467e-01 
 1.5570000000000000e+01 -6.4459141745577342e-01 
 1.5580000000000000e+01 -6.4469158554027339e-01 
 1.5590000000000000e+01 -6.4474143730763067e-01 
 1.5600000000000000e+01 -6.4474251488945122e-01 
 1.5609999999999999e+01 -6.4469970446054348e-01 
 1.5620000000000001e+01 -6.4461539793359124e-01 
 1.5629999999999999e+01 -6.4448739604701344e-01 
 1.5640000000000001e+01 -6.4431349953922923e-01 
 1.5649999999999999e+01 -6.4409150914865754e-01 
 1.5660000000000000e+01 -6.4381922561371729e-01 
 1.5670000000000000e+01 -6.4349444967282765e-01 
 1.5680000000000000e+01 -6.4311498206440765e-01 
 1.5690000000000000e+01 -6.4267862352687610e-01 
 1.5699999999999999e+01 -6.4218317479865206e-01 
 1.5710000000000001e+01 -6.4162643661815455e-01 
 1.5719999999999999e+01 -6.4100620972380284e-01 
 1.5730000000000000e+01 -6.4032029485401543e-01 
 1.5740000000000000e+01 -6.3956649274721178e-01 
 1.5750000000000000e+01 -6.3874260414181061e-01 
 1.5760000000000000e+01 -6.3784642977623118e-01 
 1.5770000000000000e+01 -6.3687577038889220e-01 
 1.5780000000000001e+01 -6.3582842671821282e-01 
 1.5789999999999999e+01 -6.3470219950261231e-01 
 1.5800000000000001e+01 -6.3349488948050903e-01 
 1.5809999999999999e+01 -6.3223753691142281e-01 
 1.5820000000000000e+01 -6.3096243419795950e-01 
 1.5830000000000000e+01 -6.2966926029317050e-01 
 1.5840000000000000e+01 -6.2835769415010589e-01 
 1.5850000000000000e+01 -6.2702741472181645e-01 
 1.5859999999999999e+01 -6.2567810096135279e-01 
 1.5870000000000001e+01 -6.2430943182176524e-01 
 1.5879999999999999e+01 -6.2292108625610498e-01 
 1.5890000000000001e+01 -6.2151274321742189e-01 
 1.5900000000000000e+01 -6.2008408165876705e-01 
 1.5910000000000000e+01 -6.1863478053319088e-01 
 1.5920000000000000e+01 -6.1716451879374401e-01 
 1.5930000000000000e+01 -6.1567297539347698e-01 
 1.5940000000000000e+01 -6.1415982928544055e-01 
 1.5949999999999999e+01 -6.1262475942268502e-01 
 1.5960000000000001e+01 -6.1106744475826091e-01 
 1.5969999999999999e+01 -6.0948756424521966e-01 
 1.5980000000000000e+01 -6.0788479683661056e-01 
 1.5990000000000000e+01 -6.0625882148548516e-01 
 1.6000000000000000e+01 -6.0460931714489385e-01 
 1.6009999999999998e+01 -6.0293346932512648e-01 
 1.6020000000000000e+01 -6.0123066322909957e-01 
 1.6030000000000001e+01 -5.9950387734880528e-01 
 1.6039999999999999e+01 -5.9775609017623643e-01 
 1.6050000000000001e+01 -5.9599028020338340e-01 
 1.6059999999999999e+01 -5.9420942592223946e-01 
 1.6070000000000000e+01 -5.9241650582479510e-01 
 1.6079999999999998e+01 -5.9061449840304359e-01 
 1.6090000000000000e+01 -5.8880638214897552e-01 
 1.6100000000000001e+01 -5.8699513555458327e-01 
 1.6109999999999999e+01 -5.8518373711185945e-01 
 1.6120000000000001e+01 -5.8337516531279465e-01 
 1.6129999999999999e+01 -5.8157239864938204e-01 
 1.6140000000000001e+01 -5.7977841561361210e-01 
 1.6149999999999999e+01 -5.7799619469747809e-01 
 1.6160000000000000e+01 -5.7622871439297063e-01 
 1.6170000000000002e+01 -5.7447895319208209e-01 
 1.6180000000000000e+01 -5.7274988958680506e-01 
 1.6190000000000001e+01 -5.7104450206913016e-01 
 1.6199999999999999e+01 -5.6936576913105053e-01 
 1.6210000000000001e+01 -5.6771961185251407e-01 
 1.6219999999999999e+01 -5.6610940357839878e-01 
 1.6230000000000000e+01 -5.6453430119808712e-01 
 1.6239999999999998e+01 -5.6299346160096353e-01 
 1.6250000000000000e+01 -5.6148604167641036e-01 
 1.6259999999999998e+01 -5.6001119831381208e-01 
 1.6270000000000000e+01 -5.5856808840255101e-01 
 1.6280000000000001e+01 -5.5715586883201129e-01 
 1.6289999999999999e+01 -5.5577369649157660e-01 
 1.6300000000000001e+01 -5.5442072827062960e-01 
 1.6309999999999999e+01 -5.5309612105855455e-01 
 1.6320000000000000e+01 -5.5179903174473399e-01 
 1.6329999999999998e+01 -5.5052861721855229e-01 
 1.6340000000000000e+01 -5.4928403436939188e-01 
 1.6350000000000001e+01 -5.4806444008663668e-01 
 1.6359999999999999e+01 -5.4686899125967059e-01 
 1.6370000000000001e+01 -5.4569684477787617e-01 
 1.6379999999999999e+01 -5.4454715753063754e-01 
 1.6390000000000001e+01 -5.4341908640733749e-01 
 1.6399999999999999e+01 -5.4231178829736026e-01 
 1.6410000000000000e+01 -5.4125781427211439e-01 
 1.6420000000000002e+01 -5.4028915867272131e-01 
 1.6430000000000000e+01 -5.3940414329313147e-01 
 1.6440000000000001e+01 -5.3860108992729461e-01 
 1.6449999999999999e+01 -5.3787832036916139e-01 
 1.6460000000000001e+01 -5.3723415641268168e-01 
 1.6469999999999999e+01 -5.3666691985180626e-01 
 1.6480000000000000e+01 -5.3617493248048487e-01 
 1.6489999999999998e+01 -5.3575651609266817e-01 
 1.6500000000000000e+01 -5.3540999248230614e-01 
 1.6509999999999998e+01 -5.3513368344334933e-01 
 1.6520000000000000e+01 -5.3492591076974771e-01 
 1.6530000000000001e+01 -5.3478499625545173e-01 
 1.6539999999999999e+01 -5.3470926169441169e-01 
 1.6550000000000001e+01 -5.3469702888057768e-01 
 1.6559999999999999e+01 -5.3474661960790004e-01 
 1.6570000000000000e+01 -5.3485635567032919e-01 
 1.6579999999999998e+01 -5.3502455886181510e-01 
 1.6590000000000000e+01 -5.3524955097630833e-01 
 1.6600000000000001e+01 -5.3552965380775897e-01 
 1.6609999999999999e+01 -5.3585509674333587e-01 
 1.6620000000000001e+01 -5.3621935251421304e-01 
 1.6629999999999999e+01 -5.3662560793034808e-01 
 1.6640000000000001e+01 -5.3707704980169901e-01 
 1.6649999999999999e+01 -5.3757686493822343e-01 
 1.6660000000000000e+01 -5.3812824014987926e-01 
 1.6670000000000002e+01 -5.3873436224662430e-01 
 1.6680000000000000e+01 -5.3939841803841593e-01 
 1.6690000000000001e+01 -5.4012359433521251e-01 
 1.6699999999999999e+01 -5.4091307794697130e-01 
 1.6710000000000001e+01 -5.4177005568365066e-01 
 1.6719999999999999e+01 -5.4269771435520775e-01 
 1.6730000000000000e+01 -5.4369924077160092e-01 
 1.6739999999999998e+01 -5.4477782174278733e-01 
 1.6750000000000000e+01 -5.4593664407872555e-01 
 1.6759999999999998e+01 -5.4717889458937252e-01 
 1.6770000000000000e+01 -5.4850776008468694e-01 
 1.6780000000000001e+01 -5.4992642737462605e-01 
 1.6789999999999999e+01 -5.5143808326914723e-01 
 1.6800000000000001e+01 -5.5304591457820917e-01 
 1.6809999999999999e+01 -5.5470896002476167e-01 
 1.6820000000000000e+01 -5.5638402425016009e-01 
 1.6829999999999998e+01 -5.5807094294196591e-01 
 1.6840000000000000e+01 -5.5976955178774346e-01 
 1.6850000000000001e+01 -5.6147968647505486e-01 
 1.6859999999999999e+01 -5.6320118269146224e-01 
 1.6870000000000001e+01 -5.6493387612452994e-01 
 1.6879999999999999e+01 -5.6667760246181942e-01 
 1.6890000000000001e+01 -5.6843219739089479e-01 
 1.6899999999999999e+01 -5.7019749659931773e-01 
 1.6910000000000000e+01 -5.7197333577465226e-01 
 1.6920000000000002e+01 -5.7375955060446071e-01 
 1.6930000000000000e+01 -5.7555597677630521e-01 
 1.6940000000000001e+01 -5.7736244997774999e-01 
 1.6949999999999999e+01 -5.7917880589635651e-01 
 1.6960000000000001e+01 -5.8100488021968899e-01 
 1.6969999999999999e+01 -5.8284050863530912e-01 
 1.6980000000000000e+01 -5.8468552683078079e-01 
 1.6989999999999998e+01 -5.8653977049366579e-01 
 1.7000000000000000e+01 -5.8840307531152813e-01 
 1.7009999999999998e+01 -5.9028169789608287e-01 
 1.7020000000000000e+01 -5.9218048524689704e-01 
 1.7030000000000001e+01 -5.9409715863330703e-01 
 1.7039999999999999e+01 -5.9602943932464947e-01 
 1.7050000000000001e+01 -5.9797504859026263e-01 
 1.7059999999999999e+01 -5.9993170769948234e-01 
 1.7070000000000000e+01 -6.0189713792164723e-01 
 1.7079999999999998e+01 -6.0386906052609279e-01 
 1.7090000000000000e+01 -6.0584519678215776e-01 
 1.7100000000000001e+01 -6.0782326795917840e-01 
 1.7109999999999999e+01 -6.0980099532649124e-01 
 1.7120000000000001e+01 -6.1177610015343464e-01 
 1.7129999999999999e+01 -6.1374630370934447e-01 
 1.7140000000000001e+01 -6.1570932726355931e-01 
 1.7149999999999999e+01 -6.1766289208541469e-01 
 1.7160000000000000e+01 -6.1960471944424922e-01 
 1.7170000000000002e+01 -6.2153253060939928e-01 
 1.7180000000000000e+01 -6.2344404685020138e-01 
 1.7190000000000001e+01 -6.2533698943599392e-01 
 1.7199999999999999e+01 -6.2720907963611272e-01 
 1.7210000000000001e+01 -6.2903379139039717e-01 
 1.7219999999999999e+01 -6.3078775822135358e-01 
 1.7230000000000000e+01 -6.3247344077232437e-01 
 1.7239999999999998e+01 -6.3409329968664985e-01 
 1.7250000000000000e+01 -6.3564979560767243e-01 
 1.7259999999999998e+01 -6.3714538917873231e-01 
 1.7270000000000000e+01 -6.3858254104317191e-01 
 1.7280000000000001e+01 -6.3996371184433209e-01 
 1.7289999999999999e+01 -6.4129136222555372e-01 
 1.7300000000000001e+01 -6.4256795283017898e-01 
 1.7309999999999999e+01 -6.4379594430154830e-01 
 1.7320000000000000e+01 -6.4497779728300397e-01 
 1.7329999999999998e+01 -6.4611597241788654e-01 
 1.7340000000000000e+01 -6.4721293034953808e-01 
 1.7350000000000001e+01 -6.4827113172129947e-01 
 1.7359999999999999e+01 -6.4929303717651166e-01 
 1.7370000000000001e+01 -6.5028110735851685e-01 
 1.7379999999999999e+01 -6.5123780291065569e-01 
 1.7390000000000001e+01 -6.5216558447627004e-01 
 1.7399999999999999e+01 -6.5306691269870065e-01 
 1.7410000000000000e+01 -6.5391231623231638e-01 
 1.7420000000000002e+01 -6.5467111119609522e-01 
 1.7430000000000000e+01 -6.5534393943029390e-01 
 1.7440000000000001e+01 -6.5593144277516957e-01 
 1.7449999999999999e+01 -6.5643426307097874e-01 
 1.7460000000000001e+01 -6.5685304215797835e-01 
 1.7469999999999999e+01 -6.5718842187642512e-01 
 1.7480000000000000e+01 -6.5744104406657589e-01 
 1.7489999999999998e+01 -6.5761155056868748e-01 
 1.7500000000000000e+01 -6.5770058322301661e-01 
 1.7509999999999998e+01 -6.5770878386982012e-01 
 1.7520000000000000e+01 -6.5763679434935485e-01 
 1.7530000000000001e+01 -6.5748525650187750e-01 
 1.7539999999999999e+01 -6.5725481216764503e-01 
 1.7550000000000001e+01 -6.5694610318691404e-01 
 1.7559999999999999e+01 -6.5655977139994148e-01 
 1.7570000000000000e+01 -6.5609645864698396e-01 
 1.7579999999999998e+01 -6.5555680676829864e-01 
 1.7590000000000000e+01 -6.5494145760414180e-01 
 1.7600000000000001e+01 -6.5425105299477049e-01 
 1.7609999999999999e+01 -6.5351006604679474e-01 
 1.7620000000000001e+01 -6.5273962179024692e-01 
 1.7629999999999999e+01 -6.5193533995051867e-01 
 1.7640000000000001e+01 -6.5109284025300096e-01 
 1.7649999999999999e+01 -6.5020774242308554e-01 
 1.7660000000000000e+01 -6.4927566618616306e-01 
 1.7670000000000002e+01 -6.4829223126762536e-01 
 1.7680000000000000e+01 -6.4725305739286398e-01 
 1.7690000000000001e+01 -6.4615376428726945e-01 
 1.7699999999999999e+01 -6.4498997167623395e-01 
 1.7710000000000001e+01 -6.4375729928514791e-01 
 1.7719999999999999e+01 -6.4245136683940363e-01 
 1.7730000000000000e+01 -6.4106779406439141e-01 
 1.7739999999999998e+01 -6.3960220068550344e-01 
 1.7750000000000000e+01 -6.3805020642813026e-01 
 1.7759999999999998e+01 -6.3640743101766406e-01 
 1.7770000000000000e+01 -6.3466949417949503e-01 
 1.7780000000000001e+01 -6.3283201563901503e-01 
 1.7789999999999999e+01 -6.3089061512161615e-01 
 1.7800000000000001e+01 -6.2884091235268835e-01 
 1.7809999999999999e+01 -6.2673343535891812e-01 
 1.7820000000000000e+01 -6.2462191784883303e-01 
 1.7829999999999998e+01 -6.2250678807059212e-01 
 1.7840000000000000e+01 -6.2038847427235111e-01 
 1.7850000000000001e+01 -6.1826740470226815e-01 
 1.7859999999999999e+01 -6.1614400760850141e-01 
 1.7870000000000001e+01 -6.1401871123920682e-01 
 1.7879999999999999e+01 -6.1189194384254308e-01 
 1.7890000000000001e+01 -6.0976413366666615e-01 
 1.7899999999999999e+01 -6.0763570895973484e-01 
 1.7910000000000000e+01 -6.0550709796990509e-01 
 1.7920000000000002e+01 -6.0337872894533495e-01 
 1.7930000000000000e+01 -6.0125103013418268e-01 
 1.7940000000000001e+01 -5.9912442978460390e-01 
 1.7949999999999999e+01 -5.9699935614475774e-01 
 1.7960000000000001e+01 -5.9487623746279983e-01 
 1.7969999999999999e+01 -5.9275550198688920e-01 
 1.7980000000000000e+01 -5.9063757796518168e-01 
 1.7989999999999998e+01 -5.8852289364583610e-01 
 1.8000000000000000e+01 -5.8641187727700839e-01 
 1.8010000000000002e+01 -5.8430336473642730e-01 
 1.8020000000000000e+01 -5.8219593535781566e-01 
 1.8030000000000001e+01 -5.8008963257331991e-01 
 1.8039999999999999e+01 -5.7798449981508959e-01 
 1.8050000000000001e+01 -5.7588058051527125e-01 
 1.8059999999999999e+01 -5.7377791810601453e-01 
 1.8070000000000000e+01 -5.7167655601946588e-01 
 1.8079999999999998e+01 -5.6957653768777483e-01 
 1.8090000000000000e+01 -5.6747790654308794e-01 
 1.8100000000000001e+01 -5.6538070601755408e-01 
 1.8109999999999999e+01 -5.6328497954332202e-01 
 1.8120000000000001e+01 -5.6119077055253819e-01 
 1.8129999999999999e+01 -5.5909812247735236e-01 
 1.8140000000000001e+01 -5.5700707874991084e-01 
 1.8149999999999999e+01 -5.5491768280236331e-01 
 1.8160000000000000e+01 -5.5282997806685630e-01 
 1.8170000000000002e+01 -5.5074400797553857e-01 
 1.8180000000000000e+01 -5.4865981596055891e-01 
 1.8190000000000001e+01 -5.4657744545406395e-01 
 1.8199999999999999e+01 -5.4449693988820314e-01 
 1.8210000000000001e+01 -5.4247725783580381e-01 
 1.8219999999999999e+01 -5.4057414577243823e-01 
 1.8230000000000000e+01 -5.3878282898436558e-01 
 1.8239999999999998e+01 -5.3709853275784825e-01 
 1.8250000000000000e+01 -5.3551648237914584e-01 
 1.8260000000000002e+01 -5.3403190313451987e-01 
 1.8270000000000000e+01 -5.3264002031023161e-01 
 1.8280000000000001e+01 -5.3133605919254090e-01 
 1.8289999999999999e+01 -5.3011524506770968e-01 
 1.8300000000000001e+01 -5.2897280322199780e-01 
 1.8309999999999999e+01 -5.2790395894166697e-01 
 1.8320000000000000e+01 -5.2690393751297737e-01 
 1.8329999999999998e+01 -5.2596796422219050e-01 
 1.8340000000000000e+01 -5.2509126435556652e-01 
 1.8350000000000001e+01 -5.2426906319936672e-01 
 1.8359999999999999e+01 -5.2349658603985227e-01 
 1.8370000000000001e+01 -5.2276905816328334e-01 
 1.8379999999999999e+01 -5.2208170485592142e-01 
 1.8390000000000001e+01 -5.2142975140402692e-01 
 1.8399999999999999e+01 -5.2080842309386099e-01 
 1.8410000000000000e+01 -5.2024061833067947e-01 
 1.8420000000000002e+01 -5.1975292905739101e-01 
 1.8430000000000000e+01 -5.1934612086673515e-01 
 1.8440000000000001e+01 -5.1902095935145109e-01 
 1.8449999999999999e+01 -5.1877821010427849e-01 
 1.8460000000000001e+01 -5.1861863871795655e-01 
 1.8469999999999999e+01 -5.1854301078522480e-01 
 1.8480000000000000e+01 -5.1855209189882256e-01 
 1.8489999999999998e+01 -5.1864664765148938e-01 
 1.8500000000000000e+01 -5.1882744363596467e-01 
 1.8510000000000002e+01 -5.1909524544498786e-01 
 1.8520000000000000e+01 -5.1945081867129816e-01 
 1.8530000000000001e+01 -5.1989492890763533e-01 
 1.8539999999999999e+01 -5.2042834174673835e-01 
 1.8550000000000001e+01 -5.2105182278134721e-01 
 1.8559999999999999e+01 -5.2176613760420065e-01 
 1.8570000000000000e+01 -5.2257205180803890e-01 
 1.8579999999999998e+01 -5.2347033098560047e-01 
 1.8590000000000000e+01 -5.2446174072962570e-01 
 1.8600000000000001e+01 -5.2554704663285357e-01 
 1.8609999999999999e+01 -5.2669426147747311e-01 
 1.8620000000000001e+01 -5.2787240978764138e-01 
 1.8629999999999999e+01 -5.2908377476904678e-01 
 1.8640000000000001e+01 -5.3033063962737947e-01 
 1.8649999999999999e+01 -5.3161528756832810e-01 
 1.8660000000000000e+01 -5.3294000179758283e-01 
 1.8670000000000002e+01 -5.3430706552083251e-01 
 1.8680000000000000e+01 -5.3571876194376611e-01 
 1.8690000000000001e+01 -5.3717737427207390e-01 
 1.8699999999999999e+01 -5.3868518571144419e-01 
 1.8710000000000001e+01 -5.4024447946756748e-01 
 1.8719999999999999e+01 -5.4185753874613207e-01 
 1.8730000000000000e+01 -5.4352664675282825e-01 
 1.8739999999999998e+01 -5.4525408669334441e-01 
 1.8750000000000000e+01 -5.4704214177337096e-01 
 1.8760000000000002e+01 -5.4889309519859686e-01 
 1.8770000000000000e+01 -5.5080923017471051e-01 
 1.8780000000000001e+01 -5.5279282990740286e-01 
 1.8789999999999999e+01 -5.5484617760236177e-01 
 1.8800000000000001e+01 -5.5697155646527796e-01 
 1.8809999999999999e+01 -5.5914841906878876e-01 
 1.8820000000000000e+01 -5.6135270856005615e-01 
 1.8829999999999998e+01 -5.6358144400655064e-01 
 1.8840000000000000e+01 -5.6583164447574585e-01 
 1.8850000000000001e+01 -5.6810032903511287e-01 
 1.8859999999999999e+01 -5.7038451675212309e-01 
 1.8870000000000001e+01 -5.7268122669425015e-01 
 1.8879999999999999e+01 -5.7498747792896432e-01 
 1.8890000000000001e+01 -5.7730028952373935e-01 
 1.8899999999999999e+01 -5.7961668054604565e-01 
 1.8910000000000000e+01 -5.8193367006335683e-01 
 1.8920000000000002e+01 -5.8424827714314420e-01 
 1.8930000000000000e+01 -5.8655752085287882e-01 
 1.8940000000000001e+01 -5.8885842026003443e-01 
 1.8949999999999999e+01 -5.9114799443208144e-01 
 1.8960000000000001e+01 -5.9342326243649357e-01 
 1.8969999999999999e+01 -5.9568124334074102e-01 
 1.8980000000000000e+01 -5.9791895621229774e-01 
 1.8989999999999998e+01 -6.0013342011863391e-01 
 1.9000000000000000e+01 -6.0232165412722316e-01 
 1.9010000000000002e+01 -6.0448888629826725e-01 
 1.9020000000000000e+01 -6.0664226219151285e-01 
 1.9030000000000001e+01 -6.0878167712375120e-01 
 1.9039999999999999e+01 -6.1090702641177042e-01 
 1.9050000000000001e+01 -6.1301820537236151e-01 
 1.9059999999999999e+01 -6.1511510932231261e-01 
 1.9070000000000000e+01 -6.1719763357841484e-01 
 1.9079999999999998e+01 -6.1926567345745642e-01 
 1.9090000000000000e+01 -6.2131912427622837e-01 
 1.9100000000000001e+01 -6.2335788135151959e-01 
 1.9109999999999999e+01 -6.2538184000011909e-01 
 1.9120000000000001e+01 -6.2739089553881766e-01 
 1.9129999999999999e+01 -6.2938494328440375e-01 
 1.9140000000000001e+01 -6.3136387855366838e-01 
 1.9149999999999999e+01 -6.3332759666339955e-01 
 1.9160000000000000e+01 -6.3527599293038850e-01 
 1.9170000000000002e+01 -6.3720896267142402e-01 
 1.9180000000000000e+01 -6.3912640120329500e-01 
 1.9190000000000001e+01 -6.4102820384279269e-01 
 1.9199999999999999e+01 -6.4291426590670508e-01 
 1.9210000000000001e+01 -6.4473490037872128e-01 
 1.9219999999999999e+01 -6.4644285322457617e-01 
 1.9230000000000000e+01 -6.4804166923413353e-01 
 1.9239999999999998e+01 -6.4953489319725499e-01 
 1.9250000000000000e+01 -6.5092606990380408e-01 
 1.9260000000000002e+01 -6.5221874414364278e-01 
 1.9270000000000000e+01 -6.5341646070663340e-01 
 1.9280000000000001e+01 -6.5452276438263934e-01 
 1.9289999999999999e+01 -6.5554119996152249e-01 
 1.9300000000000001e+01 -6.5647531223314604e-01 
 1.9309999999999999e+01 -6.5732864598737206e-01 
 1.9320000000000000e+01 -6.5810474601406366e-01 
 1.9329999999999998e+01 -6.5880715710308280e-01 
 1.9340000000000000e+01 -6.5943942404429279e-01 
 1.9350000000000001e+01 -6.6000509162755594e-01 
 1.9359999999999999e+01 -6.6050770464273445e-01 
 1.9370000000000001e+01 -6.6095080787969152e-01 
 1.9379999999999999e+01 -6.6133794612828933e-01 
 1.9390000000000001e+01 -6.6167266417839077e-01 
 1.9399999999999999e+01 -6.6195850681985824e-01 
 1.9410000000000000e+01 -6.6219051339485668e-01 
 1.9420000000000002e+01 -6.6235975079981524e-01 
 1.9430000000000000e+01 -6.6246380515599335e-01 
 1.9440000000000001e+01 -6.6250026258465056e-01 
 1.9449999999999999e+01 -6.6246670920704620e-01 
 1.9460000000000001e+01 -6.6236073114443983e-01 
 1.9469999999999999e+01 -6.6217991451809100e-01 
 1.9480000000000000e+01 -6.6192184544925881e-01 
 1.9489999999999998e+01 -6.6158411005920303e-01 
 1.9500000000000000e+01 -6.6116429446918279e-01 
 1.9510000000000002e+01 -6.6065998480045773e-01 
 1.9520000000000000e+01 -6.6006876717428742e-01 
 1.9530000000000001e+01 -6.5938822771193095e-01 
 1.9539999999999999e+01 -6.5861595253464822e-01 
 1.9550000000000001e+01 -6.5774952776369811e-01 
 1.9559999999999999e+01 -6.5678653952034072e-01 
 1.9570000000000000e+01 -6.5572457392583483e-01 
 1.9579999999999998e+01 -6.5456121710144055e-01 
 1.9590000000000000e+01 -6.5329405516841654e-01 
 1.9600000000000001e+01 -6.5192067424802258e-01 
 1.9609999999999999e+01 -6.5048113615224101e-01 
 1.9620000000000001e+01 -6.4901685828111744e-01 
 1.9629999999999999e+01 -6.4752746013800966e-01 
 1.9640000000000001e+01 -6.4601256122627337e-01 
 1.9649999999999999e+01 -6.4447178104926650e-01 
 1.9660000000000000e+01 -6.4290473911034451e-01 
 1.9670000000000002e+01 -6.4131105491286478e-01 
 1.9680000000000000e+01 -6.3969034796018465e-01 
 1.9690000000000001e+01 -6.3804223775565982e-01 
 1.9699999999999999e+01 -6.3636634380264800e-01 
 1.9710000000000001e+01 -6.3466228560450499e-01 
 1.9719999999999999e+01 -6.3292968266458871e-01 
 1.9730000000000000e+01 -6.3116815448625452e-01 
 1.9739999999999998e+01 -6.2937732057286067e-01 
 1.9750000000000000e+01 -6.2755680042776241e-01 
 1.9760000000000002e+01 -6.2570621355431733e-01 
 1.9770000000000000e+01 -6.2382517945588267e-01 
 1.9780000000000001e+01 -6.2191331763581403e-01 
 1.9789999999999999e+01 -6.1997024759746933e-01 
 1.9800000000000001e+01 -6.1799558884420414e-01 
 1.9809999999999999e+01 -6.1598619394767207e-01 
 1.9820000000000000e+01 -6.1394177971322217e-01 
 1.9829999999999998e+01 -6.1186626199475969e-01 
 1.9840000000000000e+01 -6.0976355664618676e-01 
 1.9850000000000001e+01 -6.0763757952140807e-01 
 1.9859999999999999e+01 -6.0549224647432820e-01 
 1.9870000000000001e+01 -6.0333147335884918e-01 
 1.9879999999999999e+01 -6.0115917602887659e-01 
 1.9890000000000001e+01 -5.9897927033831255e-01 
 1.9899999999999999e+01 -5.9679567214106244e-01 
 1.9910000000000000e+01 -5.9461229729102838e-01 
 1.9920000000000002e+01 -5.9243306164211507e-01 
 1.9930000000000000e+01 -5.9026188104822697e-01 
 1.9940000000000001e+01 -5.8810267136326644e-01 
 1.9949999999999999e+01 -5.8595934844113873e-01 
 1.9960000000000001e+01 -5.8383582813574597e-01 
 1.9969999999999999e+01 -5.8173602630099364e-01 
 1.9980000000000000e+01 -5.7966385879078408e-01 
 1.9989999999999998e+01 -5.7762324145902233e-01 
 2.0000000000000000e+01 -5.7561809015961085e-01 
 