0.0000000000000000e+00 -1.0000013314436837e+00 
 1.0000000000000000e-02 -9.9254332385776434e-01 
 2.0000000000000000e-02 -9.8439746699244091e-01 
 2.9999999999999999e-02 -9.7553960325979894e-01 
 4.0000000000000001e-02 -9.6594557507192391e-01 
 5.0000000000000003e-02 -9.5559122484090120e-01 
 5.9999999999999998e-02 -9.4445239497881628e-01 
 7.0000000000000007e-02 -9.3250492789775463e-01 
 8.0000000000000002e-02 -9.1972466600980163e-01 
 8.9999999999999997e-02 -9.0608745172704286e-01 
 1.0000000000000001e-01 -8.9156912746156358e-01 
 1.1000000000000000e-01 -8.7614553562544928e-01 
 1.2000000000000000e-01 -8.5979251863078554e-01 
 1.3000000000000000e-01 -8.4248591888965763e-01 
 1.4000000000000001e-01 -8.2420157881415101e-01 
 1.4999999999999999e-01 -8.0491534081635119e-01 
 1.6000000000000000e-01 -7.8460304730834363e-01 
 1.7000000000000001e-01 -7.6324054070221370e-01 
 1.7999999999999999e-01 -7.4080366341004700e-01 
 1.9000000000000000e-01 -7.1726825784392867e-01 
 2.0000000000000001e-01 -6.9261016641594453e-01 
 2.0999999999999999e-01 -6.6652580090584224e-01 
 2.2000000000000000e-01 -6.3883821136800778e-01 
 2.3000000000000001e-01 -6.0971319762648424e-01 
 2.3999999999999999e-01 -5.7931655950531424e-01 
 2.5000000000000000e-01 -5.4781409682854065e-01 
 2.6000000000000001e-01 -5.1537160942020632e-01 
 2.7000000000000002e-01 -4.8215489710435400e-01 
 2.8000000000000003e-01 -4.4832975970502659e-01 
 2.8999999999999998e-01 -4.1406199704626695e-01 
 2.9999999999999999e-01 -3.7951740895211766e-01 
 3.1000000000000000e-01 -3.4486179524662169e-01 
 3.2000000000000001e-01 -3.1026095575382173e-01 
 3.3000000000000002e-01 -2.7588069029776074e-01 
 3.4000000000000002e-01 -2.4188679870248148e-01 
 3.5000000000000003e-01 -2.0844508079202678e-01 
 3.5999999999999999e-01 -1.7572133639043952e-01 
 3.7000000000000000e-01 -1.4388136532176232e-01 
 3.8000000000000000e-01 -1.1309096741003810e-01 
 3.9000000000000001e-01 -8.3515942479309602e-02 
 4.0000000000000002e-01 -5.5322090353619569e-02 
 4.1000000000000003e-01 -2.8001301499469163e-02 
 4.1999999999999998e-01 -9.7856112590452571e-04 
 4.2999999999999999e-01 2.5680688829213982e-02 
 4.4000000000000000e-01 5.1911006428025541e-02 
 4.5000000000000001e-01 7.7646949732669501e-02 
 4.6000000000000002e-01 1.0282307680528516e-01 
 4.7000000000000003e-01 1.2737394570801189e-01 
 4.7999999999999998e-01 1.5123411450298885e-01 
 4.8999999999999999e-01 1.7433814125235567e-01 
 5.0000000000000000e-01 1.9662058401825150e-01 
 5.1000000000000001e-01 2.1801600086281575e-01 
 5.2000000000000002e-01 2.3845894984818766e-01 
 5.3000000000000003e-01 2.5788398903650672e-01 
 5.4000000000000004e-01 2.7622567648991209e-01 
 5.5000000000000004e-01 2.9341857027054313e-01 
 5.6000000000000005e-01 3.0939722844053930e-01 
 5.7000000000000006e-01 3.2409620906203984e-01 
 5.7999999999999996e-01 3.3745007019718387e-01 
 5.8999999999999997e-01 3.4939336990811115e-01 
 5.9999999999999998e-01 3.5986066625696084e-01 
 6.0999999999999999e-01 3.6871468845152749e-01 
 6.2000000000000000e-01 3.7589483129246432e-01 
 6.3000000000000000e-01 3.8145065123119787e-01 
 6.4000000000000001e-01 3.8543170471915494e-01 
 6.5000000000000002e-01 3.8788754820776222e-01 
 6.6000000000000003e-01 3.8886773814844655e-01 
 6.7000000000000004e-01 3.8842183099263455e-01 
 6.8000000000000005e-01 3.8659938319175302e-01 
 6.9000000000000006e-01 3.8344995119722863e-01 
 7.0000000000000007e-01 3.7902309146048818e-01 
 7.0999999999999996e-01 3.7336836043295846e-01 
 7.1999999999999997e-01 3.6653531456606603e-01 
 7.2999999999999998e-01 3.5857351031123774e-01 
 7.3999999999999999e-01 3.4953250411990028e-01 
 7.5000000000000000e-01 3.3946185244348037e-01 
 7.6000000000000001e-01 3.2841111173340481e-01 
 7.7000000000000002e-01 3.1642983844110029e-01 
 7.8000000000000003e-01 3.0356758901799347e-01 
 7.9000000000000004e-01 2.8987391991551126e-01 
 8.0000000000000004e-01 2.7539838758508017e-01 
 8.1000000000000005e-01 2.6005575157078753e-01 
 8.2000000000000006e-01 2.4379597041900797e-01 
 8.3000000000000007e-01 2.2672139908459979e-01 
 8.3999999999999997e-01 2.0893439252242135e-01 
 8.4999999999999998e-01 1.9053730568733046e-01 
 8.5999999999999999e-01 1.7163249353418553e-01 
 8.7000000000000000e-01 1.5232231101784471e-01 
 8.8000000000000000e-01 1.3270911309316627e-01 
 8.9000000000000001e-01 1.1289525471500839e-01 
 9.0000000000000002e-01 9.2983090838229254e-02 
 9.1000000000000003e-01 7.3074976417687121e-02 
 9.2000000000000004e-01 5.3273266408240122e-02 
 9.3000000000000005e-01 3.3680315764746505e-02 
 9.4000000000000006e-01 1.4398479442064516e-02 
 9.5000000000000007e-01 -4.4698876049477643e-03 
 9.5999999999999996e-01 -2.2822430421431894e-02 
 9.6999999999999997e-01 -4.0556794052529932e-02 
 9.7999999999999998e-01 -5.7570623543383659e-02 
 9.8999999999999999e-01 -7.3761563939134744e-02 
 1.0000000000000000e+00 -8.9027260284925136e-02 
 1.0100000000000000e+00 -1.0377692011523185e-01 
 1.0200000000000000e+00 -1.1844496327552660e-01 
 1.0300000000000000e+00 -1.3296685327744295e-01 
 1.0400000000000000e+00 -1.4727805363261440e-01 
 1.0500000000000000e+00 -1.6131402785267446e-01 
 1.0600000000000001e+00 -1.7501023944925673e-01 
 1.0700000000000001e+00 -1.8830215193399463e-01 
 1.0800000000000001e+00 -2.0112522881852174e-01 
 1.0900000000000001e+00 -2.1341493361447161e-01 
 1.1000000000000001e+00 -2.2510672983347774e-01 
 1.1100000000000001e+00 -2.3613608098717362e-01 
 1.1200000000000001e+00 -2.4643845058719283e-01 
 1.1300000000000001e+00 -2.5594930214516887e-01 
 1.1400000000000001e+00 -2.6460409917273525e-01 
 1.1500000000000001e+00 -2.7233830518152546e-01 
 1.1599999999999999e+00 -2.7908738368317304e-01 
 1.1699999999999999e+00 -2.8478679818931169e-01 
 1.1799999999999999e+00 -2.8937201221157477e-01 
 1.1899999999999999e+00 -2.9277848926159589e-01 
 1.2000000000000000e+00 -2.9494169285100841e-01 
 1.2100000000000000e+00 -2.9582088202175266e-01 
 1.2200000000000000e+00 -2.9545471200744772e-01 
 1.2300000000000000e+00 -2.9389774060724572e-01 
 1.2400000000000000e+00 -2.9120452562029897e-01 
 1.2500000000000000e+00 -2.8742962484575951e-01 
 1.2600000000000000e+00 -2.8262759608277949e-01 
 1.2700000000000000e+00 -2.7685299713051115e-01 
 1.2800000000000000e+00 -2.7016038578810664e-01 
 1.2900000000000000e+00 -2.6260431985471805e-01 
 1.3000000000000000e+00 -2.5423935712949763e-01 
 1.3100000000000001e+00 -2.4512005541159748e-01 
 1.3200000000000001e+00 -2.3530097250016974e-01 
 1.3300000000000001e+00 -2.2483666619436665e-01 
 1.3400000000000001e+00 -2.1378169429334032e-01 
 1.3500000000000001e+00 -2.0219061459624293e-01 
 1.3600000000000001e+00 -1.9011798490222662e-01 
 1.3700000000000001e+00 -1.7761836301044356e-01 
 1.3800000000000001e+00 -1.6474630672004592e-01 
 1.3900000000000001e+00 -1.5155637383018580e-01 
 1.4000000000000001e+00 -1.3810312214001552e-01 
 1.4099999999999999e+00 -1.2412352950759074e-01 
 1.4199999999999999e+00 -1.0937638156705534e-01 
 1.4299999999999999e+00 -9.3948947781695213e-02 
 1.4399999999999999e+00 -7.7928497614795922e-02 
 1.4500000000000000e+00 -6.1402300529643045e-02 
 1.4600000000000000e+00 -4.4457625989522187e-02 
 1.4700000000000000e+00 -2.7181743457718899e-02 
 1.4800000000000000e+00 -9.6619223975187851e-03 
 1.4900000000000000e+00 8.0145677277926042e-03 
 1.5000000000000000e+00 2.5760457454929664e-02 
 1.5100000000000000e+00 4.3488477320606816e-02 
 1.5200000000000000e+00 6.1111357861538484e-02 
 1.5300000000000000e+00 7.8541829614439063e-02 
 1.5400000000000000e+00 9.5692623116023029e-02 
 1.5500000000000000e+00 1.1247646890300478e-01 
 1.5600000000000001e+00 1.2880609751209871e-01 
 1.5700000000000001e+00 1.4459423948001926e-01 
 1.5800000000000001e+00 1.5975362534348081e-01 
 1.5900000000000001e+00 1.7419698563919789e-01 
 1.6000000000000001e+00 1.8783705090388469e-01 
 1.6100000000000001e+00 2.0091710539685942e-01 
 1.6200000000000001e+00 2.1370727510983967e-01 
 1.6300000000000001e+00 2.2616055317813960e-01 
 1.6400000000000001e+00 2.3822993273707332e-01 
 1.6500000000000001e+00 2.4986840692195494e-01 
 1.6600000000000001e+00 2.6102896886809857e-01 
 1.6699999999999999e+00 2.7166461171081813e-01 
 1.6799999999999999e+00 2.8172832858542818e-01 
 1.6899999999999999e+00 2.9117311262724255e-01 
 1.7000000000000000e+00 2.9995195697157545e-01 
 1.7100000000000000e+00 3.0801785475374099e-01 
 1.7200000000000000e+00 3.1532379910905323e-01 
 1.7300000000000000e+00 3.2182278317282631e-01 
 1.7400000000000000e+00 3.2746780008037440e-01 
 1.7500000000000000e+00 3.3221184296701156e-01 
 1.7600000000000000e+00 3.3600790496805188e-01 
 1.7700000000000000e+00 3.3880897921880959e-01 
 1.7800000000000000e+00 3.4056805885459873e-01 
 1.7900000000000000e+00 3.4123813701073347e-01 
 1.8000000000000000e+00 3.4077220682252785e-01 
 1.8100000000000001e+00 3.3930321115640799e-01 
 1.8200000000000001e+00 3.3701492627306040e-01 
 1.8300000000000001e+00 3.3393659539918985e-01 
 1.8400000000000001e+00 3.3009746176150112e-01 
 1.8500000000000001e+00 3.2552676858669899e-01 
 1.8600000000000001e+00 3.2025375910148818e-01 
 1.8700000000000001e+00 3.1430767653257347e-01 
 1.8800000000000001e+00 3.0771776410665963e-01 
 1.8900000000000001e+00 3.0051326505045145e-01 
 1.9000000000000001e+00 2.9272342259065365e-01 
 1.9100000000000001e+00 2.8437747995397106e-01 
 1.9199999999999999e+00 2.7550468036710857e-01 
 1.9299999999999999e+00 2.6613426705677062e-01 
 1.9399999999999999e+00 2.5629548324966211e-01 
 1.9500000000000000e+00 2.4601757217248788e-01 
 1.9600000000000000e+00 2.3532977705195263e-01 
 1.9700000000000000e+00 2.2426134111476115e-01 
 1.9800000000000000e+00 2.1284150758761819e-01 
 1.9900000000000000e+00 2.0109951969722853e-01 
 2.0000000000000000e+00 1.8906462067029695e-01 
 2.0100000000000002e+00 1.7658741142833800e-01 
 2.0200000000000000e+00 1.6354317797294216e-01 
 2.0300000000000002e+00 1.4999819115092500e-01 
 2.0400000000000000e+00 1.3601872180910454e-01 
 2.0499999999999998e+00 1.2167104079429698e-01 
 2.0600000000000001e+00 1.0702141895331846e-01 
 2.0699999999999998e+00 9.2136127132987036e-02 
 2.0800000000000001e+00 7.7081436180118201e-02 
 2.0899999999999999e+00 6.1923616941530091e-02 
 2.1000000000000001e+00 4.6728940264038121e-02 
 2.1099999999999999e+00 3.1563676994460443e-02 
 2.1200000000000001e+00 1.6494097979612515e-02 
 2.1299999999999999e+00 1.5864740663124877e-03 
 2.1400000000000001e+00 -1.3092923898624237e-02 
 2.1499999999999999e+00 -2.7477825068379508e-02 
 2.1600000000000001e+00 -4.1501958596137867e-02 
 2.1699999999999999e+00 -5.5099053635081191e-02 
 2.1800000000000002e+00 -6.8202839338393995e-02 
 2.1899999999999999e+00 -8.0747044859258266e-02 
 2.2000000000000002e+00 -9.2665399350858380e-02 
 2.2100000000000000e+00 -1.0420433235325982e-01 
 2.2200000000000002e+00 -1.1562320534114041e-01 
 2.2300000000000000e+00 -1.2687514536959743e-01 
 2.2400000000000002e+00 -1.3791327949373017e-01 
 2.2500000000000000e+00 -1.4869073476863592e-01 
 2.2600000000000002e+00 -1.5916063824941401e-01 
 2.2700000000000000e+00 -1.6927611699116174e-01 
 2.2800000000000002e+00 -1.7899029804897837e-01 
 2.2900000000000000e+00 -1.8825630847796132e-01 
 2.3000000000000003e+00 -1.9702727533320968e-01 
 2.3100000000000001e+00 -2.0525632566982099e-01 
 2.3199999999999998e+00 -2.1289658654289401e-01 
 2.3300000000000001e+00 -2.1990118500752723e-01 
 2.3399999999999999e+00 -2.2622324811881842e-01 
 2.3500000000000001e+00 -2.3181590293186641e-01 
 2.3599999999999999e+00 -2.3663227650176902e-01 
 2.3700000000000001e+00 -2.4062549588362497e-01 
 2.3799999999999999e+00 -2.4374868813253217e-01 
 2.3900000000000001e+00 -2.4595498030358928e-01 
 2.3999999999999999e+00 -2.4719749945189431e-01 
 2.4100000000000001e+00 -2.4773091195199509e-01 
 2.4199999999999999e+00 -2.4785373223237947e-01 
 2.4300000000000002e+00 -2.4758485942905642e-01 
 2.4399999999999999e+00 -2.4694319267803480e-01 
 2.4500000000000002e+00 -2.4594763111532350e-01 
 2.4600000000000000e+00 -2.4461707387693146e-01 
 2.4700000000000002e+00 -2.4297042009886743e-01 
 2.4800000000000000e+00 -2.4102656891714053e-01 
 2.4900000000000002e+00 -2.3880441946775938e-01 
 2.5000000000000000e+00 -2.3632287088673309e-01 
 2.5100000000000002e+00 -2.3360082231007037e-01 
 2.5200000000000000e+00 -2.3065717287378029e-01 
 2.5300000000000002e+00 -2.2751082171387155e-01 
 2.5400000000000000e+00 -2.2418066796635325e-01 
 2.5500000000000003e+00 -2.2068561076723400e-01 
 2.5600000000000001e+00 -2.1704454925252301e-01 
 2.5699999999999998e+00 -2.1327638255822903e-01 
 2.5800000000000001e+00 -2.0940000982036072e-01 
 2.5899999999999999e+00 -2.0543433017492738e-01 
 2.6000000000000001e+00 -2.0139824275793750e-01 
 2.6099999999999999e+00 -1.9715235306343085e-01 
 2.6200000000000001e+00 -1.9257233325925474e-01 
 2.6299999999999999e+00 -1.8769968249213101e-01 
 2.6400000000000001e+00 -1.8257589990878051e-01 
 2.6499999999999999e+00 -1.7724248465592513e-01 
 2.6600000000000001e+00 -1.7174093588028569e-01 
 2.6699999999999999e+00 -1.6611275272858411e-01 
 2.6800000000000002e+00 -1.6039943434754123e-01 
 2.6899999999999999e+00 -1.5464247988387889e-01 
 2.7000000000000002e+00 -1.4888338848431798e-01 
 2.7100000000000000e+00 -1.4316365929558036e-01 
 2.7200000000000002e+00 -1.3752479146438690e-01 
 2.7300000000000000e+00 -1.3200828413745946e-01 
 2.7400000000000002e+00 -1.2665563646151889e-01 
 2.7500000000000000e+00 -1.2150834758328709e-01 
 2.7600000000000002e+00 -1.1660791664948490e-01 
 2.7700000000000000e+00 -1.1199584280683417e-01 
 2.7800000000000002e+00 -1.0771362520205581e-01 
 2.7900000000000000e+00 -1.0380276298187159e-01 
 2.8000000000000003e+00 -1.0030475529300253e-01 
 2.8100000000000001e+00 -9.7146295519449366e-02 
 2.8199999999999998e+00 -9.4241380903710495e-02 
 2.8300000000000001e+00 -9.1612466380254443e-02 
 2.8399999999999999e+00 -8.9282006883550036e-02 
 2.8500000000000001e+00 -8.7272457348065685e-02 
 2.8599999999999999e+00 -8.5606272708270190e-02 
 2.8700000000000001e+00 -8.4305907898631988e-02 
 2.8799999999999999e+00 -8.3393817853619837e-02 
 2.8900000000000001e+00 -8.2892457507702230e-02 
 2.8999999999999999e+00 -8.2824281795347857e-02 
 2.9100000000000001e+00 -8.3211745651025307e-02 
 2.9199999999999999e+00 -8.4077304009203158e-02 
 2.9300000000000002e+00 -8.5443411804350083e-02 
 2.9399999999999999e+00 -8.7332523970934606e-02 
 2.9500000000000002e+00 -8.9767095443425468e-02 
 2.9600000000000000e+00 -9.2769581156291095e-02 
 2.9700000000000002e+00 -9.6362436044000341e-02 
 2.9800000000000000e+00 -1.0056811504102152e-01 
 2.9900000000000002e+00 -1.0540907308182358e-01 
 3.0000000000000000e+00 -1.1090776510087474e-01 
 3.0100000000000002e+00 -1.1681902025628166e-01 
 3.0200000000000000e+00 -1.2287317745236098e-01 
 3.0300000000000002e+00 -1.2905595624289834e-01 
 3.0400000000000000e+00 -1.3535307618167819e-01 
 3.0500000000000003e+00 -1.4175025682248624e-01 
 3.0600000000000001e+00 -1.4823321771910691e-01 
 3.0700000000000003e+00 -1.5478767842532593e-01 
 3.0800000000000001e+00 -1.6139935849492770e-01 
 3.0899999999999999e+00 -1.6805397748169759e-01 
 3.1000000000000001e+00 -1.7473725493942105e-01 
 3.1099999999999999e+00 -1.8143491042188245e-01 
 3.1200000000000001e+00 -1.8813266348286750e-01 
 3.1299999999999999e+00 -1.9481623367616069e-01 
 3.1400000000000001e+00 -2.0147134055554763e-01 
 3.1499999999999999e+00 -2.0808370367481283e-01 
 3.1600000000000001e+00 -2.1463904258774194e-01 
 3.1699999999999999e+00 -2.2112307684811944e-01 
 3.1800000000000002e+00 -2.2752152600973100e-01 
 3.1899999999999999e+00 -2.3382010962636107e-01 
 3.2000000000000002e+00 -2.4000454725179532e-01 
 3.2100000000000000e+00 -2.4613533310299443e-01 
 3.2200000000000002e+00 -2.5227738807790440e-01 
 3.2300000000000000e+00 -2.5842307175178614e-01 
 3.2400000000000002e+00 -2.6456474369990146e-01 
 3.2500000000000000e+00 -2.7069476349751126e-01 
 3.2600000000000002e+00 -2.7680549071987748e-01 
 3.2700000000000000e+00 -2.8288928494226090e-01 
 3.2800000000000002e+00 -2.8893850573992347e-01 
 3.2900000000000000e+00 -2.9494551268812602e-01 
 3.3000000000000003e+00 -3.0090266536213045e-01 
 3.3100000000000001e+00 -3.0680232333719759e-01 
 3.3200000000000003e+00 -3.1263684618858945e-01 
 3.3300000000000001e+00 -3.1839859349156674e-01 
 3.3399999999999999e+00 -3.2407992482139120e-01 
 3.3500000000000001e+00 -3.2967319975332443e-01 
 3.3599999999999999e+00 -3.3517077786262733e-01 
 3.3700000000000001e+00 -3.4056501872456169e-01 
 3.3799999999999999e+00 -3.4584828191438843e-01 
 3.3900000000000001e+00 -3.5101292700736952e-01 
 3.3999999999999999e+00 -3.5605131357876574e-01 
 3.4100000000000001e+00 -3.6068837983790752e-01 
 3.4199999999999999e+00 -3.6467343398729324e-01 
 3.4300000000000002e+00 -3.6803539059193768e-01 
 3.4399999999999999e+00 -3.7080316421685511e-01 
 3.4500000000000002e+00 -3.7300566942706020e-01 
 3.4600000000000000e+00 -3.7467182078756739e-01 
 3.4700000000000002e+00 -3.7583053286339119e-01 
 3.4800000000000000e+00 -3.7651072021954612e-01 
 3.4900000000000002e+00 -3.7674129742104673e-01 
 3.5000000000000000e+00 -3.7655117903290752e-01 
 3.5100000000000002e+00 -3.7596927962014293e-01 
 3.5200000000000000e+00 -3.7502451374776752e-01 
 3.5300000000000002e+00 -3.7374579598079577e-01 
 3.5400000000000000e+00 -3.7216204088424221e-01 
 3.5500000000000003e+00 -3.7030216302312136e-01 
 3.5600000000000001e+00 -3.6819507696244774e-01 
 3.5700000000000003e+00 -3.6586969726723578e-01 
 3.5800000000000001e+00 -3.6335493850250011e-01 
 3.5899999999999999e+00 -3.6067971523325520e-01 
 3.6000000000000001e+00 -3.5787294202451547e-01 
 3.6099999999999999e+00 -3.5488369489738847e-01 
 3.6200000000000001e+00 -3.5165905077646864e-01 
 3.6299999999999999e+00 -3.4822492558200147e-01 
 3.6400000000000001e+00 -3.4460723523423198e-01 
 3.6499999999999999e+00 -3.4083189565340583e-01 
 3.6600000000000001e+00 -3.3692482275976798e-01 
 3.6699999999999999e+00 -3.3291193247356404e-01 
 3.6800000000000002e+00 -3.2881914071503893e-01 
 3.6899999999999999e+00 -3.2467236340443839e-01 
 3.7000000000000002e+00 -3.2049751646200730e-01 
 3.7100000000000000e+00 -3.1632051580799131e-01 
 3.7200000000000002e+00 -3.1216727736263539e-01 
 3.7300000000000000e+00 -3.0806371704618518e-01 
 3.7400000000000002e+00 -3.0403575077888562e-01 
 3.7500000000000000e+00 -3.0010929448098234e-01 
 3.7600000000000002e+00 -2.9631026407272032e-01 
 3.7700000000000000e+00 -2.9266457547434521e-01 
 3.7800000000000002e+00 -2.8919814460610199e-01 
 3.7900000000000000e+00 -2.8593688738823619e-01 
 3.8000000000000003e+00 -2.8290671974099291e-01 
 3.8100000000000001e+00 -2.7995217368586783e-01 
 3.8200000000000003e+00 -2.7691988025127551e-01 
 3.8300000000000001e+00 -2.7383890386784071e-01 
 3.8399999999999999e+00 -2.7073830896618756e-01 
 3.8500000000000001e+00 -2.6764715997694027e-01 
 3.8599999999999999e+00 -2.6459452133072364e-01 
 3.8700000000000001e+00 -2.6160945745816161e-01 
 3.8799999999999999e+00 -2.5872103278987896e-01 
 3.8900000000000001e+00 -2.5595831175649969e-01 
 3.8999999999999999e+00 -2.5335035878864848e-01 
 3.9100000000000001e+00 -2.5092623831694943e-01 
 3.9199999999999999e+00 -2.4871501477202720e-01 
 3.9300000000000002e+00 -2.4674575258450590e-01 
 3.9399999999999999e+00 -2.4504751618501014e-01 
 3.9500000000000002e+00 -2.4364937000416406e-01 
 3.9600000000000000e+00 -2.4258037847259223e-01 
 3.9700000000000002e+00 -2.4186960602091892e-01 
 3.9800000000000000e+00 -2.4154611707976853e-01 
 3.9900000000000002e+00 -2.4163897607976545e-01 
 4.0000000000000000e+00 -2.4217724745153402e-01 
 4.0099999999999998e+00 -2.4304247727360051e-01 
 4.0200000000000005e+00 -2.4408909719345750e-01 
 4.0300000000000002e+00 -2.4530549999517837e-01 
 4.0400000000000000e+00 -2.4668007846283679e-01 
 4.0499999999999998e+00 -2.4820122538050637e-01 
 4.0600000000000005e+00 -2.4985733353226083e-01 
 4.0700000000000003e+00 -2.5163679570217351e-01 
 4.0800000000000001e+00 -2.5352800467431807e-01 
 4.0899999999999999e+00 -2.5551935323276820e-01 
 4.0999999999999996e+00 -2.5759923416159741e-01 
 4.1100000000000003e+00 -2.5975604024487953e-01 
 4.1200000000000001e+00 -2.6197816426668774e-01 
 4.1299999999999999e+00 -2.6425399901109586e-01 
 4.1399999999999997e+00 -2.6657193726217743e-01 
 4.1500000000000004e+00 -2.6892037180400630e-01 
 4.1600000000000001e+00 -2.7128769542065562e-01 
 4.1699999999999999e+00 -2.7366230089619914e-01 
 4.1799999999999997e+00 -2.7603258101471057e-01 
 4.1900000000000004e+00 -2.7838692856026359e-01 
 4.2000000000000002e+00 -2.8071373631693142e-01 
 4.2100000000000000e+00 -2.8308626317609181e-01 
 4.2199999999999998e+00 -2.8557556446754762e-01 
 4.2300000000000004e+00 -2.8816672763301099e-01 
 4.2400000000000002e+00 -2.9084484011419326e-01 
 4.2500000000000000e+00 -2.9359498935280631e-01 
 4.2599999999999998e+00 -2.9640226279056203e-01 
 4.2700000000000005e+00 -2.9925174786917247e-01 
 4.2800000000000002e+00 -3.0212853203034890e-01 
 4.2900000000000000e+00 -3.0501770271580331e-01 
 4.2999999999999998e+00 -3.0790434736724759e-01 
 4.3100000000000005e+00 -3.1077355342639373e-01 
 4.3200000000000003e+00 -3.1361040833495296e-01 
 4.3300000000000001e+00 -3.1639999953463743e-01 
 4.3399999999999999e+00 -3.1912741446715887e-01 
 4.3500000000000005e+00 -3.2177774057422925e-01 
 4.3600000000000003e+00 -3.2433606529756004e-01 
 4.3700000000000001e+00 -3.2678747607886316e-01 
 4.3799999999999999e+00 -3.2911706035985039e-01 
 4.3899999999999997e+00 -3.3130990558223355e-01 
 4.4000000000000004e+00 -3.3335109918772465e-01 
 4.4100000000000001e+00 -3.3513868094312627e-01 
 4.4199999999999999e+00 -3.3658887173031193e-01 
 4.4299999999999997e+00 -3.3771403066359890e-01 
 4.4400000000000004e+00 -3.3852651685730439e-01 
 4.4500000000000002e+00 -3.3903868942574561e-01 
 4.4600000000000000e+00 -3.3926290748323984e-01 
 4.4699999999999998e+00 -3.3921153014410432e-01 
 4.4800000000000004e+00 -3.3889691652265624e-01 
 4.4900000000000002e+00 -3.3833142573321301e-01 
 4.5000000000000000e+00 -3.3752741689009169e-01 
 4.5099999999999998e+00 -3.3649724910760964e-01 
 4.5200000000000005e+00 -3.3525328150008399e-01 
 4.5300000000000002e+00 -3.3380787318183214e-01 
 4.5400000000000000e+00 -3.3217338326717122e-01 
 4.5499999999999998e+00 -3.3036217087041858e-01 
 4.5600000000000005e+00 -3.2838659510589124e-01 
 4.5700000000000003e+00 -3.2625901508790672e-01 
 4.5800000000000001e+00 -3.2399178993078220e-01 
 4.5899999999999999e+00 -3.2159727874883487e-01 
 4.6000000000000005e+00 -3.1908784065638174e-01 
 4.6100000000000003e+00 -3.1639995503365537e-01 
 4.6200000000000001e+00 -3.1347811933412384e-01 
 4.6299999999999999e+00 -3.1034671978195871e-01 
 4.6399999999999997e+00 -3.0703014260133171e-01 
 4.6500000000000004e+00 -3.0355277401641412e-01 
 4.6600000000000001e+00 -2.9993900025137810e-01 
 4.6699999999999999e+00 -2.9621320753039504e-01 
 4.6799999999999997e+00 -2.9239978207763651e-01 
 4.6900000000000004e+00 -2.8852311011727383e-01 
 4.7000000000000002e+00 -2.8460757787347923e-01 
 4.7100000000000000e+00 -2.8067757157042406e-01 
 4.7199999999999998e+00 -2.7675747743227996e-01 
 4.7300000000000004e+00 -2.7287168168321813e-01 
 4.7400000000000002e+00 -2.6904457054741088e-01 
 4.7500000000000000e+00 -2.6530053024902955e-01 
 4.7599999999999998e+00 -2.6166394701224571e-01 
 4.7700000000000005e+00 -2.5815920706123063e-01 
 4.7800000000000002e+00 -2.5481069662015665e-01 
 4.7900000000000000e+00 -2.5164280191319505e-01 
 4.7999999999999998e+00 -2.4867990916451738e-01 
 4.8100000000000005e+00 -2.4582343678331167e-01 
 4.8200000000000003e+00 -2.4297062882548906e-01 
 4.8300000000000001e+00 -2.4013960998530431e-01 
 4.8399999999999999e+00 -2.3734850495701251e-01 
 4.8500000000000005e+00 -2.3461543843486851e-01 
 4.8600000000000003e+00 -2.3195853511312786e-01 
 4.8700000000000001e+00 -2.2939591968604542e-01 
 4.8799999999999999e+00 -2.2694571684787626e-01 
 4.8899999999999997e+00 -2.2462605129287547e-01 
 4.9000000000000004e+00 -2.2245504771529795e-01 
 4.9100000000000001e+00 -2.2045083080939915e-01 
 4.9199999999999999e+00 -2.1863152526943394e-01 
 4.9299999999999997e+00 -2.1701525578965744e-01 
 4.9400000000000004e+00 -2.1562014706432459e-01 
 4.9500000000000002e+00 -2.1446432378769076e-01 
 4.9600000000000000e+00 -2.1356591065401084e-01 
 4.9699999999999998e+00 -2.1294303235753997e-01 
 4.9800000000000004e+00 -2.1261381359253317e-01 
 4.9900000000000002e+00 -2.1259637905324560e-01 
 5.0000000000000000e+00 -2.1290885343393229e-01 
 5.0099999999999998e+00 -2.1356290092300714e-01 
 5.0200000000000005e+00 -2.1454532074821639e-01 
 5.0300000000000002e+00 -2.1583694016281324e-01 
 5.0400000000000000e+00 -2.1741858642005119e-01 
 5.0499999999999998e+00 -2.1927108677318363e-01 
 5.0600000000000005e+00 -2.2137526847546421e-01 
 5.0700000000000003e+00 -2.2371195878014594e-01 
 5.0800000000000001e+00 -2.2626198494048241e-01 
 5.0899999999999999e+00 -2.2900617420972702e-01 
 5.1000000000000005e+00 -2.3192535384113350e-01 
 5.1100000000000003e+00 -2.3500035108795467e-01 
 5.1200000000000001e+00 -2.3821199320344424e-01 
 5.1299999999999999e+00 -2.4154110744085561e-01 
 5.1399999999999997e+00 -2.4496852105344216e-01 
 5.1500000000000004e+00 -2.4847506129445768e-01 
 5.1600000000000001e+00 -2.5204155541715489e-01 
 5.1699999999999999e+00 -2.5564883067478761e-01 
 5.1799999999999997e+00 -2.5927771432060914e-01 
 5.1900000000000004e+00 -2.6290903360787327e-01 
 5.2000000000000002e+00 -2.6652361578983275e-01 
 5.2100000000000000e+00 -2.7024022861180275e-01 
 5.2199999999999998e+00 -2.7417378980664908e-01 
 5.2300000000000004e+00 -2.7829935160895181e-01 
 5.2400000000000002e+00 -2.8259196625329003e-01 
 5.2500000000000000e+00 -2.8702668597424386e-01 
 5.2599999999999998e+00 -2.9157856300639301e-01 
 5.2700000000000005e+00 -2.9622264958431771e-01 
 5.2800000000000002e+00 -3.0093399794259690e-01 
 5.2900000000000000e+00 -3.0568766031581074e-01 
 5.2999999999999998e+00 -3.1045868893853901e-01 
 5.3100000000000005e+00 -3.1522213604536187e-01 
 5.3200000000000003e+00 -3.1995305387085821e-01 
 5.3300000000000001e+00 -3.2462649464960830e-01 
 5.3399999999999999e+00 -3.2921751061619192e-01 
 5.3500000000000005e+00 -3.3370115400518913e-01 
 5.3600000000000003e+00 -3.3805247705117897e-01 
 5.3700000000000001e+00 -3.4224653198874155e-01 
 5.3799999999999999e+00 -3.4625837105245671e-01 
 5.3899999999999997e+00 -3.5006304647690417e-01 
 5.4000000000000004e+00 -3.5363561049666403e-01 
 5.4100000000000001e+00 -3.5703415810429467e-01 
 5.4199999999999999e+00 -3.6031473338107339e-01 
 5.4299999999999997e+00 -3.6344931219465659e-01 
 5.4400000000000004e+00 -3.6640987041270096e-01 
 5.4500000000000002e+00 -3.6916838390286244e-01 
 5.4600000000000000e+00 -3.7169682853279779e-01 
 5.4699999999999998e+00 -3.7396718017016350e-01 
 5.4800000000000004e+00 -3.7595141468261611e-01 
 5.4900000000000002e+00 -3.7762150793781180e-01 
 5.5000000000000000e+00 -3.7894943580340718e-01 
 5.5099999999999998e+00 -3.7990717414705871e-01 
 5.5200000000000005e+00 -3.8046669883642287e-01 
 5.5300000000000002e+00 -3.8059998573915604e-01 
 5.5400000000000000e+00 -3.8027901072291481e-01 
 5.5499999999999998e+00 -3.7947574965535552e-01 
 5.5600000000000005e+00 -3.7816217840413452e-01 
 5.5700000000000003e+00 -3.7631027283690860e-01 
 5.5800000000000001e+00 -3.7389200882133400e-01 
 5.5899999999999999e+00 -3.7087936222506723e-01 
 5.6000000000000005e+00 -3.6724430891576443e-01 
 5.6100000000000003e+00 -3.6325114852457968e-01 
 5.6200000000000001e+00 -3.5918579656676564e-01 
 5.6299999999999999e+00 -3.5505265273612785e-01 
 5.6399999999999997e+00 -3.5085611672647188e-01 
 5.6500000000000004e+00 -3.4660058823160295e-01 
 5.6600000000000001e+00 -3.4229046694532733e-01 
 5.6699999999999999e+00 -3.3793015256145031e-01 
 5.6799999999999997e+00 -3.3352404477377740e-01 
 5.6900000000000004e+00 -3.2907654327611374e-01 
 5.7000000000000002e+00 -3.2459204776226580e-01 
 5.7100000000000000e+00 -3.2007495792603868e-01 
 5.7199999999999998e+00 -3.1552967346123795e-01 
 5.7300000000000004e+00 -3.1096059406166887e-01 
 5.7400000000000002e+00 -3.0637211942113768e-01 
 5.7500000000000000e+00 -3.0176864923344970e-01 
 5.7599999999999998e+00 -2.9715458319241039e-01 
 5.7700000000000005e+00 -2.9253432099182497e-01 
 5.7800000000000002e+00 -2.8791226232549977e-01 
 5.7900000000000000e+00 -2.8329280688724001e-01 
 5.7999999999999998e+00 -2.7868035437085131e-01 
 5.8100000000000005e+00 -2.7403785217944993e-01 
 5.8200000000000003e+00 -2.6933063029752419e-01 
 5.8300000000000001e+00 -2.6456666229093523e-01 
 5.8399999999999999e+00 -2.5975392172554468e-01 
 5.8500000000000005e+00 -2.5490038216721372e-01 
 5.8600000000000003e+00 -2.5001401718180488e-01 
 5.8700000000000001e+00 -2.4510280033517931e-01 
 5.8799999999999999e+00 -2.4017470519319861e-01 
 5.8899999999999997e+00 -2.3523770532172439e-01 
 5.9000000000000004e+00 -2.3029977428661785e-01 
 5.9100000000000001e+00 -2.2536888565374150e-01 
 5.9199999999999999e+00 -2.2045301298895645e-01 
 5.9299999999999997e+00 -2.1556012985812439e-01 
 5.9400000000000004e+00 -2.1069820982710641e-01 
 5.9500000000000002e+00 -2.0587522646176509e-01 
 5.9600000000000000e+00 -2.0109915332796158e-01 
 5.9699999999999998e+00 -1.9637796399155744e-01 
 5.9800000000000004e+00 -1.9171963201841391e-01 
 5.9900000000000002e+00 -1.8713213097439346e-01 
 6.0000000000000000e+00 -1.8262343442535722e-01 
 6.0099999999999998e+00 -1.7841349942691082e-01 
 6.0200000000000005e+00 -1.7471798238782427e-01 
 6.0300000000000002e+00 -1.7153840590370711e-01 
 6.0400000000000000e+00 -1.6887629257016787e-01 
 6.0499999999999998e+00 -1.6673316498281535e-01 
 6.0600000000000005e+00 -1.6511054573725831e-01 
 6.0700000000000003e+00 -1.6400995742910590e-01 
 6.0800000000000001e+00 -1.6343292265396681e-01 
 6.0899999999999999e+00 -1.6338096400744989e-01 
 6.1000000000000005e+00 -1.6385560408516403e-01 
 6.1100000000000003e+00 -1.6485836548271807e-01 
 6.1200000000000001e+00 -1.6639077079572082e-01 
 6.1299999999999999e+00 -1.6845434261978115e-01 
 6.1400000000000006e+00 -1.7105060355050819e-01 
 6.1500000000000004e+00 -1.7418107618351034e-01 
 6.1600000000000001e+00 -1.7784728311439663e-01 
 6.1699999999999999e+00 -1.8205074693877593e-01 
 6.1799999999999997e+00 -1.8679299025225710e-01 
 6.1900000000000004e+00 -1.9207553565044946e-01 
 6.2000000000000002e+00 -1.9789990572896099e-01 
 6.2100000000000000e+00 -2.0405533253471891e-01 
 6.2199999999999998e+00 -2.1032270413685000e-01 
 6.2300000000000004e+00 -2.1669102716426356e-01 
 6.2400000000000002e+00 -2.2314930824586718e-01 
 6.2500000000000000e+00 -2.2968655401057017e-01 
 6.2599999999999998e+00 -2.3629177108728128e-01 
 6.2700000000000005e+00 -2.4295396610490977e-01 
 6.2800000000000002e+00 -2.4966214569236328e-01 
 6.2900000000000000e+00 -2.5640531647855108e-01 
 6.2999999999999998e+00 -2.6317248509238189e-01 
 6.3100000000000005e+00 -2.6995265816276515e-01 
 6.3200000000000003e+00 -2.7673484231860823e-01 
 6.3300000000000001e+00 -2.8350804418882058e-01 
 6.3399999999999999e+00 -2.9026127040231092e-01 
 6.3500000000000005e+00 -2.9698352758798852e-01 
 6.3600000000000003e+00 -3.0366382237476097e-01 
 6.3700000000000001e+00 -3.1029116139153767e-01 
 6.3799999999999999e+00 -3.1685455126722717e-01 
 6.3900000000000006e+00 -3.2334299863073901e-01 
 6.4000000000000004e+00 -3.2974551011098052e-01 
 6.4100000000000001e+00 -3.3609890903639977e-01 
 6.4199999999999999e+00 -3.4244490195918997e-01 
 6.4299999999999997e+00 -3.4877982034387855e-01 
 6.4400000000000004e+00 -3.5509999565499367e-01 
 6.4500000000000002e+00 -3.6140175935706165e-01 
 6.4600000000000000e+00 -3.6768144291461063e-01 
 6.4699999999999998e+00 -3.7393537779216812e-01 
 6.4800000000000004e+00 -3.8015989545426221e-01 
 6.4900000000000002e+00 -3.8635132736541927e-01 
 6.5000000000000000e+00 -3.9250600499016741e-01 
 6.5099999999999998e+00 -3.9862025979303412e-01 
 6.5200000000000005e+00 -4.0469042323854743e-01 
 6.5300000000000002e+00 -4.1071282679123389e-01 
 6.5400000000000000e+00 -4.1668380191562149e-01 
 6.5499999999999998e+00 -4.2259968007623772e-01 
 6.5600000000000005e+00 -4.2845679273761073e-01 
 6.5700000000000003e+00 -4.3425147136426689e-01 
 6.5800000000000001e+00 -4.3998004742073427e-01 
 6.5899999999999999e+00 -4.4563885237154044e-01 
 6.6000000000000005e+00 -4.5122421768121335e-01 
 6.6100000000000003e+00 -4.5640460619355133e-01 
 6.6200000000000001e+00 -4.6086056738308345e-01 
 6.6299999999999999e+00 -4.6460656266043121e-01 
 6.6400000000000006e+00 -4.6765705343621633e-01 
 6.6500000000000004e+00 -4.7002650112105981e-01 
 6.6600000000000001e+00 -4.7172936712558344e-01 
 6.6699999999999999e+00 -4.7278011286040866e-01 
 6.6799999999999997e+00 -4.7319319973615703e-01 
 6.6900000000000004e+00 -4.7298308916344994e-01 
 6.7000000000000002e+00 -4.7216424255290895e-01 
 6.7100000000000000e+00 -4.7075112131515556e-01 
 6.7199999999999998e+00 -4.6875818686081128e-01 
 6.7300000000000004e+00 -4.6619990060049732e-01 
 6.7400000000000002e+00 -4.6309072394483564e-01 
 6.7500000000000000e+00 -4.5944511830444751e-01 
 6.7599999999999998e+00 -4.5527754508995449e-01 
 6.7700000000000005e+00 -4.5060246571197760e-01 
 6.7800000000000002e+00 -4.4543434158113915e-01 
 6.7900000000000000e+00 -4.3978763410806027e-01 
 6.7999999999999998e+00 -4.3367680470336245e-01 
 6.8100000000000005e+00 -4.2723099075818743e-01 
 6.8200000000000003e+00 -4.2058327246977084e-01 
 6.8300000000000001e+00 -4.1375402545787210e-01 
 6.8399999999999999e+00 -4.0676362534225097e-01 
 6.8500000000000005e+00 -3.9963244774266660e-01 
 6.8600000000000003e+00 -3.9238086827888013e-01 
 6.8700000000000001e+00 -3.8502926257065073e-01 
 6.8799999999999999e+00 -3.7759800623773832e-01 
 6.8900000000000006e+00 -3.7010747489990198e-01 
 6.9000000000000004e+00 -3.6257804417690287e-01 
 6.9100000000000001e+00 -3.5503008968850019e-01 
 6.9199999999999999e+00 -3.4748398705445377e-01 
 6.9299999999999997e+00 -3.3996011189452341e-01 
 6.9400000000000004e+00 -3.3247883982846832e-01 
 6.9500000000000002e+00 -3.2506054647604959e-01 
 6.9600000000000000e+00 -3.1772560745702649e-01 
 6.9699999999999998e+00 -3.1049439839115872e-01 
 6.9800000000000004e+00 -3.0338729489820560e-01 
 6.9900000000000002e+00 -2.9642467259792815e-01 
 7.0000000000000000e+00 -2.8962690711008565e-01 
 7.0099999999999998e+00 -2.8292494212195091e-01 
 7.0200000000000005e+00 -2.7624113581579152e-01 
 7.0300000000000002e+00 -2.6958298555386134e-01 
 7.0400000000000000e+00 -2.6295798869841247e-01 
 7.0499999999999998e+00 -2.5637364261169754e-01 
 7.0600000000000005e+00 -2.4983744465596863e-01 
 7.0700000000000003e+00 -2.4335689219347961e-01 
 7.0800000000000001e+00 -2.3693948258648256e-01 
 7.0899999999999999e+00 -2.3059271319723018e-01 
 7.1000000000000005e+00 -2.2432408138797449e-01 
 7.1100000000000003e+00 -2.1814108452096939e-01 
 7.1200000000000001e+00 -2.1205121995846693e-01 
 7.1299999999999999e+00 -2.0606198506271975e-01 
 7.1400000000000006e+00 -2.0018087719598004e-01 
 7.1500000000000004e+00 -1.9441539372050154e-01 
 7.1600000000000001e+00 -1.8877303199853634e-01 
 7.1699999999999999e+00 -1.8326128939233716e-01 
 7.1799999999999997e+00 -1.7788766326415664e-01 
 7.1900000000000004e+00 -1.7265965097624697e-01 
 7.2000000000000002e+00 -1.6758474989086181e-01 
 7.2100000000000000e+00 -1.6297566359169374e-01 
 7.2199999999999998e+00 -1.5912877203795048e-01 
 7.2300000000000004e+00 -1.5602708715515620e-01 
 7.2400000000000002e+00 -1.5365362086883594e-01 
 7.2500000000000000e+00 -1.5199138510451388e-01 
 7.2599999999999998e+00 -1.5102339178771443e-01 
 7.2700000000000005e+00 -1.5073265284396214e-01 
 7.2800000000000002e+00 -1.5110218019878147e-01 
 7.2900000000000000e+00 -1.5211498577769686e-01 
 7.2999999999999998e+00 -1.5375408150623276e-01 
 7.3100000000000005e+00 -1.5600247930991390e-01 
 7.3200000000000003e+00 -1.5884319111426431e-01 
 7.3300000000000001e+00 -1.6225922884480865e-01 
 7.3399999999999999e+00 -1.6623360442707139e-01 
 7.3500000000000005e+00 -1.7074932978657745e-01 
 7.3600000000000003e+00 -1.7578941684885044e-01 
 7.3700000000000001e+00 -1.8133687753941521e-01 
 7.3799999999999999e+00 -1.8737472378379630e-01 
 7.3900000000000006e+00 -1.9388596750751871e-01 
 7.4000000000000004e+00 -2.0085362063610579e-01 
 7.4100000000000001e+00 -2.0818302750051182e-01 
 7.4199999999999999e+00 -2.1577309930504168e-01 
 7.4299999999999997e+00 -2.2359719828524655e-01 
 7.4400000000000004e+00 -2.3162868667667824e-01 
 7.4500000000000002e+00 -2.3984092671488655e-01 
 7.4600000000000000e+00 -2.4820728063542330e-01 
 7.4699999999999998e+00 -2.5670111067383961e-01 
 7.4800000000000004e+00 -2.6529577906568746e-01 
 7.4900000000000002e+00 -2.7396464804651643e-01 
 7.5000000000000000e+00 -2.8268107985187840e-01 
 7.5099999999999998e+00 -2.9141843671732459e-01 
 7.5200000000000005e+00 -3.0015008087840689e-01 
 7.5300000000000002e+00 -3.0884937457067485e-01 
 7.5400000000000000e+00 -3.1748968002968048e-01 
 7.5499999999999998e+00 -3.2604435949097493e-01 
 7.5600000000000005e+00 -3.3448677519011005e-01 
 7.5700000000000003e+00 -3.4279028936263545e-01 
 7.5800000000000001e+00 -3.5092826424410312e-01 
 7.5899999999999999e+00 -3.5887406207006411e-01 
 7.6000000000000005e+00 -3.6660104507607039e-01 
 7.6100000000000003e+00 -3.7419940172465721e-01 
 7.6200000000000001e+00 -3.8177017208216663e-01 
 7.6299999999999999e+00 -3.8930299578985655e-01 
 7.6400000000000006e+00 -3.9678751248898569e-01 
 7.6500000000000004e+00 -4.0421336182081069e-01 
 7.6600000000000001e+00 -4.1157018342659024e-01 
 7.6699999999999999e+00 -4.1884761694758216e-01 
 7.6799999999999997e+00 -4.2603530202504458e-01 
 7.6900000000000004e+00 -4.3312287830023610e-01 
 7.7000000000000002e+00 -4.4009998541441331e-01 
 7.7100000000000000e+00 -4.4695626300883501e-01 
 7.7199999999999998e+00 -4.5368135072475901e-01 
 7.7300000000000004e+00 -4.6026488820344402e-01 
 7.7400000000000002e+00 -4.6669651508614673e-01 
 7.7500000000000000e+00 -4.7296587101412574e-01 
 7.7599999999999998e+00 -4.7906259562863907e-01 
 7.7700000000000005e+00 -4.8497632857094519e-01 
 7.7800000000000002e+00 -4.9069670948230104e-01 
 7.7900000000000000e+00 -4.9621337800396514e-01 
 7.7999999999999998e+00 -5.0151597377719548e-01 
 7.8100000000000005e+00 -5.0630580738026865e-01 
 7.8200000000000003e+00 -5.1030348175934603e-01 
 7.8300000000000001e+00 -5.1352757510751545e-01 
 7.8399999999999999e+00 -5.1599666561786406e-01 
 7.8500000000000005e+00 -5.1772933148347922e-01 
 7.8600000000000003e+00 -5.1874415089744808e-01 
 7.8700000000000001e+00 -5.1905970205285779e-01 
 7.8799999999999999e+00 -5.1869456314279583e-01 
 7.8900000000000006e+00 -5.1766731236034924e-01 
 7.9000000000000004e+00 -5.1599652789860539e-01 
 7.9100000000000001e+00 -5.1370078795065166e-01 
 7.9199999999999999e+00 -5.1079867070957508e-01 
 7.9300000000000006e+00 -5.0730875436846268e-01 
 7.9400000000000004e+00 -5.0324961712040228e-01 
 7.9500000000000002e+00 -4.9863983715848087e-01 
 7.9600000000000000e+00 -4.9349799267578576e-01 
 7.9699999999999998e+00 -4.8784266186540409e-01 
 7.9800000000000004e+00 -4.8169242292042264e-01 
 7.9900000000000002e+00 -4.7506585403392970e-01 
 8.0000000000000000e+00 -4.6798153339901205e-01 
 8.0099999999999998e+00 -4.6052137824333916e-01 
 8.0199999999999996e+00 -4.5277468458707337e-01 
 8.0299999999999994e+00 -4.4477109881204124e-01 
 8.0400000000000009e+00 -4.3654026730006767e-01 
 8.0500000000000007e+00 -4.2811183643298212e-01 
 8.0600000000000005e+00 -4.1951545259260953e-01 
 8.0700000000000003e+00 -4.1078076216077647e-01 
 8.0800000000000001e+00 -4.0193741151930940e-01 
 8.0899999999999999e+00 -3.9301504705003465e-01 
 8.0999999999999996e+00 -3.8404331513477891e-01 
 8.1099999999999994e+00 -3.7505186215536845e-01 
 8.1200000000000010e+00 -3.6607033449362830e-01 
 8.1300000000000008e+00 -3.5712837853138807e-01 
 8.1400000000000006e+00 -3.4825564065047254e-01 
 8.1500000000000004e+00 -3.3948176723270834e-01 
 8.1600000000000001e+00 -3.3083640465992181e-01 
 8.1699999999999999e+00 -3.2234919931393957e-01 
 8.1799999999999997e+00 -3.1404979757658791e-01 
 8.1899999999999995e+00 -3.0596784582969339e-01 
 8.1999999999999993e+00 -2.9813299045508251e-01 
 8.2100000000000009e+00 -2.9044400222314304e-01 
 8.2200000000000006e+00 -2.8278760937088671e-01 
 8.2300000000000004e+00 -2.7517539448006850e-01 
 8.2400000000000002e+00 -2.6761894013244480e-01 
 8.2500000000000000e+00 -2.6012982890977188e-01 
 8.2599999999999998e+00 -2.5271964339380604e-01 
 8.2699999999999996e+00 -2.4539996616630372e-01 
 8.2799999999999994e+00 -2.3818237980902113e-01 
 8.2900000000000009e+00 -2.3107846690371342e-01 
 8.3000000000000007e+00 -2.2409981003213947e-01 
 8.3100000000000005e+00 -2.1725799177605426e-01 
 8.3200000000000003e+00 -2.1056459471721417e-01 
 8.3300000000000001e+00 -2.0403120143737552e-01 
 8.3399999999999999e+00 -1.9766939451829463e-01 
 8.3499999999999996e+00 -1.9149075654172790e-01 
 8.3599999999999994e+00 -1.8550687008943156e-01 
 8.3700000000000010e+00 -1.7972931774316100e-01 
 8.3800000000000008e+00 -1.7416968208467459e-01 
 8.3900000000000006e+00 -1.6883954569572762e-01 
 8.4000000000000004e+00 -1.6375049115807649e-01 
 8.4100000000000001e+00 -1.5916817211752540e-01 
 8.4199999999999999e+00 -1.5534065614740611e-01 
 8.4299999999999997e+00 -1.5225314672076606e-01 
 8.4399999999999995e+00 -1.4989084731065261e-01 
 8.4499999999999993e+00 -1.4823896139011319e-01 
 8.4600000000000009e+00 -1.4728269243219508e-01 
 8.4700000000000006e+00 -1.4700724390994604e-01 
 8.4800000000000004e+00 -1.4739781929641321e-01 
 8.4900000000000002e+00 -1.4843962206464403e-01 
 8.5000000000000000e+00 -1.5011785568768587e-01 
 8.5099999999999998e+00 -1.5241772363858613e-01 
 8.5199999999999996e+00 -1.5532442939039223e-01 
 8.5299999999999994e+00 -1.5882317641615160e-01 
 8.5400000000000009e+00 -1.6289916818891237e-01 
 8.5500000000000007e+00 -1.6753760818172050e-01 
 8.5600000000000005e+00 -1.7272369986762406e-01 
 8.5700000000000003e+00 -1.7844264671967047e-01 
 8.5800000000000001e+00 -1.8467965221090712e-01 
 8.5899999999999999e+00 -1.9141991981438145e-01 
 8.5999999999999996e+00 -1.9864865300314083e-01 
 8.6099999999999994e+00 -2.0625343437011495e-01 
 8.6200000000000010e+00 -2.1411406343463299e-01 
 8.6300000000000008e+00 -2.2220406905933662e-01 
 8.6400000000000006e+00 -2.3049698010687164e-01 
 8.6500000000000004e+00 -2.3896632543988253e-01 
 8.6600000000000001e+00 -2.4758563392101371e-01 
 8.6699999999999999e+00 -2.5632843441290970e-01 
 8.6799999999999997e+00 -2.6516825577821490e-01 
 8.6899999999999995e+00 -2.7407862687957374e-01 
 8.7000000000000011e+00 -2.8303307657963234e-01 
 8.7100000000000009e+00 -2.9200513374103193e-01 
 8.7200000000000006e+00 -3.0096832722641859e-01 
 8.7300000000000004e+00 -3.0989618589843670e-01 
 8.7400000000000002e+00 -3.1876223861973080e-01 
 8.7500000000000000e+00 -3.2754001425294532e-01 
 8.7599999999999998e+00 -3.3620304166072468e-01 
 8.7699999999999996e+00 -3.4472484970571338e-01 
 8.7799999999999994e+00 -3.5307896725055576e-01 
 8.7900000000000009e+00 -3.6123892315789785e-01 
 8.8000000000000007e+00 -3.6917824629038121e-01 
 8.8100000000000005e+00 -3.7698852493733598e-01 
 8.8200000000000003e+00 -3.8477203723214276e-01 
 8.8300000000000001e+00 -3.9251834680352399e-01 
 8.8399999999999999e+00 -4.0021701728020193e-01 
 8.8499999999999996e+00 -4.0785761229089884e-01 
 8.8599999999999994e+00 -4.1542969546433706e-01 
 8.8700000000000010e+00 -4.2292283042924023e-01 
 8.8800000000000008e+00 -4.3032658081432795e-01 
 8.8900000000000006e+00 -4.3763051024832389e-01 
 8.9000000000000004e+00 -4.4482418235995036e-01 
 8.9100000000000001e+00 -4.5189716077792969e-01 
 8.9199999999999999e+00 -4.5883900913098408e-01 
 8.9299999999999997e+00 -4.6563929104783597e-01 
 8.9399999999999995e+00 -4.7228757015720757e-01 
 8.9500000000000011e+00 -4.7877341008782232e-01 
 8.9600000000000009e+00 -4.8508637446840031e-01 
 8.9700000000000006e+00 -4.9121602692766486e-01 
 8.9800000000000004e+00 -4.9715193109433842e-01 
 8.9900000000000002e+00 -5.0288365059714324e-01 
 9.0000000000000000e+00 -5.0840074906480170e-01 
 9.0099999999999998e+00 -5.1343284592017557e-01 
 9.0199999999999996e+00 -5.1772484173847533e-01 
 9.0299999999999994e+00 -5.2128922187694582e-01 
 9.0400000000000009e+00 -5.2413847169283223e-01 
 9.0500000000000007e+00 -5.2628507654337853e-01 
 9.0600000000000005e+00 -5.2774152178583000e-01 
 9.0700000000000003e+00 -5.2852029277743162e-01 
 9.0800000000000001e+00 -5.2863387487542812e-01 
 9.0899999999999999e+00 -5.2809475343706447e-01 
 9.0999999999999996e+00 -5.2691541381958540e-01 
 9.1099999999999994e+00 -5.2510834138023577e-01 
 9.1200000000000010e+00 -5.2268602147626009e-01 
 9.1300000000000008e+00 -5.1966093946490388e-01 
 9.1400000000000006e+00 -5.1604558070341167e-01 
 9.1500000000000004e+00 -5.1185243054902840e-01 
 9.1600000000000001e+00 -5.0709397435899872e-01 
 9.1699999999999999e+00 -5.0178269749056770e-01 
 9.1799999999999997e+00 -4.9593108530098007e-01 
 9.1899999999999995e+00 -4.8955162314748069e-01 
 9.2000000000000011e+00 -4.8265679638731318e-01 
 9.2100000000000009e+00 -4.7539580974537882e-01 
 9.2200000000000006e+00 -4.6792401870695544e-01 
 9.2300000000000004e+00 -4.6026313476985797e-01 
 9.2400000000000002e+00 -4.5243486943190131e-01 
 9.2500000000000000e+00 -4.4446093419090044e-01 
 9.2599999999999998e+00 -4.3636304054467029e-01 
 9.2699999999999996e+00 -4.2816289999102575e-01 
 9.2799999999999994e+00 -4.1988222402778186e-01 
 9.2900000000000009e+00 -4.1154272415275200e-01 
 9.3000000000000007e+00 -4.0316611186375406e-01 
 9.3100000000000005e+00 -3.9477409865860158e-01 
 9.3200000000000003e+00 -3.8638839603510944e-01 
 9.3300000000000001e+00 -3.7803071549109252e-01 
 9.3399999999999999e+00 -3.6972276852436586e-01 
 9.3499999999999996e+00 -3.6148626663274441e-01 
 9.3599999999999994e+00 -3.5334292131404299e-01 
 9.3700000000000010e+00 -3.4531444406607525e-01 
 9.3800000000000008e+00 -3.3742254638665886e-01 
 9.3900000000000006e+00 -3.2968893977360747e-01 
 9.4000000000000004e+00 -3.2213533572473585e-01 
 9.4100000000000001e+00 -3.1468536458654411e-01 
 9.4199999999999999e+00 -3.0725384148755136e-01 
 9.4299999999999997e+00 -2.9984925509860100e-01 
 9.4399999999999995e+00 -2.9248009409053655e-01 
 9.4500000000000011e+00 -2.8515484713420020e-01 
 9.4600000000000009e+00 -2.7788200290043802e-01 
 9.4700000000000006e+00 -2.7067005006009220e-01 
 9.4800000000000004e+00 -2.6352747728400627e-01 
 9.4900000000000002e+00 -2.5646277324302369e-01 
 9.5000000000000000e+00 -2.4948442660798792e-01 
 9.5099999999999998e+00 -2.4260092604974248e-01 
 9.5199999999999996e+00 -2.3582076023913084e-01 
 9.5299999999999994e+00 -2.2915241784699653e-01 
 9.5400000000000009e+00 -2.2260438754418183e-01 
 9.5500000000000007e+00 -2.1618515800153260e-01 
 9.5600000000000005e+00 -2.0990321788989114e-01 
 9.5700000000000003e+00 -2.0376705588010091e-01 
 9.5800000000000001e+00 -1.9778516064300541e-01 
 9.5899999999999999e+00 -1.9196602084944817e-01 
 9.5999999999999996e+00 -1.8631812517027263e-01 
 9.6099999999999994e+00 -1.8112208781389022e-01 
 9.6200000000000010e+00 -1.7664625842709064e-01 
 9.6300000000000008e+00 -1.7288072883828748e-01 
 9.6400000000000006e+00 -1.6981559087589182e-01 
 9.6500000000000004e+00 -1.6744093636831558e-01 
 9.6600000000000001e+00 -1.6574685714397072e-01 
 9.6699999999999999e+00 -1.6472344503126918e-01 
 9.6799999999999997e+00 -1.6436079185862290e-01 
 9.6899999999999995e+00 -1.6464898945444384e-01 
 9.7000000000000011e+00 -1.6557812964714413e-01 
 9.7100000000000009e+00 -1.6713830426513543e-01 
 9.7200000000000006e+00 -1.6931960513682975e-01 
 9.7300000000000004e+00 -1.7211212409063908e-01 
 9.7400000000000002e+00 -1.7550595295497529e-01 
 9.7500000000000000e+00 -1.7949118355825039e-01 
 9.7599999999999998e+00 -1.8405790772887629e-01 
 9.7699999999999996e+00 -1.8919621729526492e-01 
 9.7799999999999994e+00 -1.9489620408582825e-01 
 9.7900000000000009e+00 -2.0114795992897941e-01 
 9.8000000000000007e+00 -2.0794157665312807e-01 
 9.8100000000000005e+00 -2.1508969406797943e-01 
 9.8200000000000003e+00 -2.2240043696863124e-01 
 9.8300000000000001e+00 -2.2985712466158587e-01 
 9.8399999999999999e+00 -2.3744307645334567e-01 
 9.8499999999999996e+00 -2.4514161165041301e-01 
 9.8599999999999994e+00 -2.5293604955929028e-01 
 9.8700000000000010e+00 -2.6080970948648119e-01 
 9.8800000000000008e+00 -2.6874591073848542e-01 
 9.8900000000000006e+00 -2.7672797262180659e-01 
 9.9000000000000004e+00 -2.8473921444294714e-01 
 9.9100000000000001e+00 -2.9276295550840942e-01 
 9.9199999999999999e+00 -3.0078251512469578e-01 
 9.9299999999999997e+00 -3.0878121259830871e-01 
 9.9399999999999995e+00 -3.1674236723575033e-01 
 9.9500000000000011e+00 -3.2464929834352463e-01 
 9.9600000000000009e+00 -3.3248532522813107e-01 
 9.9700000000000006e+00 -3.4023376719607346e-01 
 9.9800000000000004e+00 -3.4787794355385410e-01 
 9.9900000000000002e+00 -3.5540117360797541e-01 
 1.0000000000000000e+01 -3.6278677666493975e-01 
 1.0010000000000000e+01 -3.7009477271603075e-01 
 1.0020000000000000e+01 -3.7739208350451126e-01 
 1.0029999999999999e+01 -3.8467238096485229e-01 
 1.0039999999999999e+01 -3.9192933703152477e-01 
 1.0049999999999999e+01 -3.9915662363899984e-01 
 1.0060000000000000e+01 -4.0634791272174969e-01 
 1.0070000000000000e+01 -4.1349687621424286e-01 
 1.0080000000000000e+01 -4.2059718605095164e-01 
 1.0090000000000000e+01 -4.2764251416634702e-01 
 1.0100000000000000e+01 -4.3462653249490002e-01 
 1.0109999999999999e+01 -4.4154291297108172e-01 
 1.0119999999999999e+01 -4.4838532752936300e-01 
 1.0129999999999999e+01 -4.5514744810421509e-01 
 1.0140000000000001e+01 -4.6182294663010998e-01 
 1.0150000000000000e+01 -4.6840549504151646e-01 
 1.0160000000000000e+01 -4.7488876527290663e-01 
 1.0170000000000000e+01 -4.8126642925875163e-01 
 1.0180000000000000e+01 -4.8753215893352242e-01 
 1.0190000000000000e+01 -4.9367962623169004e-01 
 1.0199999999999999e+01 -4.9970250308772540e-01 
 1.0209999999999999e+01 -5.0533368173926685e-01 
 1.0220000000000001e+01 -5.1031280256407796e-01 
 1.0230000000000000e+01 -5.1464365970681503e-01 
 1.0240000000000000e+01 -5.1833004731213750e-01 
 1.0250000000000000e+01 -5.2137575952470339e-01 
 1.0260000000000000e+01 -5.2378459048917092e-01 
 1.0270000000000000e+01 -5.2556033435019833e-01 
 1.0279999999999999e+01 -5.2670678525244385e-01 
 1.0289999999999999e+01 -5.2722773734056561e-01 
 1.0299999999999999e+01 -5.2712698475922204e-01 
 1.0310000000000000e+01 -5.2640832165307094e-01 
 1.0320000000000000e+01 -5.2507554216677077e-01 
 1.0330000000000000e+01 -5.2313244044497986e-01 
 1.0340000000000000e+01 -5.2058281063235634e-01 
 1.0350000000000000e+01 -5.1743044687355844e-01 
 1.0359999999999999e+01 -5.1367914331324427e-01 
 1.0369999999999999e+01 -5.0933269409607207e-01 
 1.0379999999999999e+01 -5.0439489336670018e-01 
 1.0390000000000001e+01 -4.9886953526978572e-01 
 1.0400000000000000e+01 -4.9276041394998882e-01 
 1.0410000000000000e+01 -4.8632060111707009e-01 
 1.0420000000000000e+01 -4.7980572807870103e-01 
 1.0430000000000000e+01 -4.7322342837640491e-01 
 1.0440000000000000e+01 -4.6658133555170489e-01 
 1.0449999999999999e+01 -4.5988708314612431e-01 
 1.0459999999999999e+01 -4.5314830470118633e-01 
 1.0470000000000001e+01 -4.4637263375841296e-01 
 1.0480000000000000e+01 -4.3956770385932986e-01 
 1.0490000000000000e+01 -4.3274114854545903e-01 
 1.0500000000000000e+01 -4.2590060135832375e-01 
 1.0510000000000000e+01 -4.1905369583944718e-01 
 1.0520000000000000e+01 -4.1220806553035261e-01 
 1.0529999999999999e+01 -4.0537134397256325e-01 
 1.0539999999999999e+01 -3.9855116470760232e-01 
 1.0549999999999999e+01 -3.9175516127699306e-01 
 1.0560000000000000e+01 -3.8499096722225751e-01 
 1.0570000000000000e+01 -3.7826621608492123e-01 
 1.0580000000000000e+01 -3.7158854140650632e-01 
 1.0590000000000000e+01 -3.6496557672853602e-01 
 1.0600000000000000e+01 -3.5840495559253349e-01 
 1.0609999999999999e+01 -3.5187839300320750e-01 
 1.0619999999999999e+01 -3.4535441215890944e-01 
 1.0629999999999999e+01 -3.3883585889162660e-01 
 1.0640000000000001e+01 -3.3232557903334531e-01 
 1.0650000000000000e+01 -3.2582641841605520e-01 
 1.0660000000000000e+01 -3.1934122287174249e-01 
 1.0670000000000000e+01 -3.1287283823239459e-01 
 1.0680000000000000e+01 -3.0642411032999883e-01 
 1.0690000000000000e+01 -2.9999788499654256e-01 
 1.0699999999999999e+01 -2.9359700806401323e-01 
 1.0709999999999999e+01 -2.8722432536439818e-01 
 1.0720000000000001e+01 -2.8088268272968364e-01 
 1.0730000000000000e+01 -2.7457492599185918e-01 
 1.0740000000000000e+01 -2.6830390098291113e-01 
 1.0750000000000000e+01 -2.6207245353482689e-01 
 1.0760000000000000e+01 -2.5588342947959375e-01 
 1.0770000000000000e+01 -2.4973967464919905e-01 
 1.0779999999999999e+01 -2.4364403487563030e-01 
 1.0789999999999999e+01 -2.3759935599087476e-01 
 1.0799999999999999e+01 -2.3160848382691984e-01 
 1.0810000000000000e+01 -2.2595060960674831e-01 
 1.0820000000000000e+01 -2.2090054893382352e-01 
 1.0830000000000000e+01 -2.1645458421084790e-01 
 1.0840000000000000e+01 -2.1260899784052489e-01 
 1.0850000000000000e+01 -2.0936007222555802e-01 
 1.0859999999999999e+01 -2.0670408976865073e-01 
 1.0869999999999999e+01 -2.0463733287250657e-01 
 1.0879999999999999e+01 -2.0315608393982898e-01 
 1.0890000000000001e+01 -2.0225662537332131e-01 
 1.0900000000000000e+01 -2.0193523957568740e-01 
 1.0910000000000000e+01 -2.0218820894963049e-01 
 1.0920000000000000e+01 -2.0301181589785411e-01 
 1.0930000000000000e+01 -2.0440234282306172e-01 
 1.0940000000000000e+01 -2.0635607212795679e-01 
 1.0949999999999999e+01 -2.0886928621524281e-01 
 1.0959999999999999e+01 -2.1193826748762326e-01 
 1.0970000000000001e+01 -2.1555929834780233e-01 
 1.0980000000000000e+01 -2.1972866119848219e-01 
 1.0990000000000000e+01 -2.2444263844236695e-01 
 1.1000000000000000e+01 -2.2969751248216008e-01 
 1.1010000000000000e+01 -2.3523997128625887e-01 
 1.1020000000000000e+01 -2.4081810935453271e-01 
 1.1029999999999999e+01 -2.4643031888689326e-01 
 1.1039999999999999e+01 -2.5207499208325224e-01 
 1.1049999999999999e+01 -2.5775052114352126e-01 
 1.1060000000000000e+01 -2.6345529826761299e-01 
 1.1070000000000000e+01 -2.6918771565543709e-01 
 1.1080000000000000e+01 -2.7494616550690626e-01 
 1.1090000000000000e+01 -2.8072904002193211e-01 
 1.1100000000000000e+01 -2.8653473140042635e-01 
 1.1109999999999999e+01 -2.9236163184230063e-01 
 1.1119999999999999e+01 -2.9820813354746661e-01 
 1.1129999999999999e+01 -3.0407262871583596e-01 
 1.1140000000000001e+01 -3.0995350954732137e-01 
 1.1150000000000000e+01 -3.1584916824183246e-01 
 1.1160000000000000e+01 -3.2175799699928187e-01 
 1.1170000000000000e+01 -3.2767838801958132e-01 
 1.1180000000000000e+01 -3.3360873350264242e-01 
 1.1190000000000000e+01 -3.3954742564837692e-01 
 1.1199999999999999e+01 -3.4549285665669643e-01 
 1.1209999999999999e+01 -3.5146681217637993e-01 
 1.1220000000000001e+01 -3.5748818023005507e-01 
 1.1230000000000000e+01 -3.6355100657840278e-01 
 1.1240000000000000e+01 -3.6964933698210722e-01 
 1.1250000000000000e+01 -3.7577721720185153e-01 
 1.1260000000000000e+01 -3.8192869299831866e-01 
 1.1270000000000000e+01 -3.8809781013219169e-01 
 1.1279999999999999e+01 -3.9427861436415379e-01 
 1.1289999999999999e+01 -4.0046515145488804e-01 
 1.1299999999999999e+01 -4.0665146716507738e-01 
 1.1310000000000000e+01 -4.1283160725540602e-01 
 1.1320000000000000e+01 -4.1899961748655495e-01 
 1.1330000000000000e+01 -4.2514954361920820e-01 
 1.1340000000000000e+01 -4.3127543141404895e-01 
 1.1350000000000000e+01 -4.3737132663176020e-01 
 1.1359999999999999e+01 -4.4343127503302504e-01 
 1.1369999999999999e+01 -4.4944932237852658e-01 
 1.1379999999999999e+01 -4.5541951442894785e-01 
 1.1390000000000001e+01 -4.6133589694497301e-01 
 1.1400000000000000e+01 -4.6719251568728293e-01 
 1.1410000000000000e+01 -4.7276248900176604e-01 
 1.1420000000000000e+01 -4.7782584349025364e-01 
 1.1430000000000000e+01 -4.8238698729734480e-01 
 1.1440000000000000e+01 -4.8645032856763865e-01 
 1.1449999999999999e+01 -4.9002027544573418e-01 
 1.1459999999999999e+01 -4.9310123607623052e-01 
 1.1470000000000001e+01 -4.9569761860372724e-01 
 1.1480000000000000e+01 -4.9781383117282246e-01 
 1.1490000000000000e+01 -4.9945428192811575e-01 
 1.1500000000000000e+01 -5.0062337901420628e-01 
 1.1510000000000000e+01 -5.0132553057569307e-01 
 1.1520000000000000e+01 -5.0156514475717517e-01 
 1.1529999999999999e+01 -5.0134662970325172e-01 
 1.1539999999999999e+01 -5.0067439355852195e-01 
 1.1550000000000001e+01 -4.9955284446758447e-01 
 1.1560000000000000e+01 -4.9798639057503891e-01 
 1.1570000000000000e+01 -4.9597944002548411e-01 
 1.1580000000000000e+01 -4.9353640096351931e-01 
 1.1590000000000000e+01 -4.9066168153374345e-01 
 1.1600000000000000e+01 -4.8735968988075573e-01 
 1.1609999999999999e+01 -4.8378339968500500e-01 
 1.1619999999999999e+01 -4.8008601695761433e-01 
 1.1629999999999999e+01 -4.7627229833919327e-01 
 1.1640000000000001e+01 -4.7234700047035094e-01 
 1.1650000000000000e+01 -4.6831487999169841e-01 
 1.1660000000000000e+01 -4.6418069354384472e-01 
 1.1670000000000000e+01 -4.5994919776739968e-01 
 1.1680000000000000e+01 -4.5562514930297293e-01 
 1.1690000000000000e+01 -4.5121330479117422e-01 
 1.1699999999999999e+01 -4.4671842087261326e-01 
 1.1709999999999999e+01 -4.4214525418789985e-01 
 1.1720000000000001e+01 -4.3749856137764281e-01 
 1.1730000000000000e+01 -4.3278309908245355e-01 
 1.1740000000000000e+01 -4.2800362394294100e-01 
 1.1750000000000000e+01 -4.2316489259971485e-01 
 1.1760000000000000e+01 -4.1827166169338481e-01 
 1.1770000000000000e+01 -4.1332868786456067e-01 
 1.1779999999999999e+01 -4.0834072775385216e-01 
 1.1789999999999999e+01 -4.0331253800186895e-01 
 1.1800000000000001e+01 -3.9824887524921992e-01 
 1.1810000000000000e+01 -3.9309553748583276e-01 
 1.1820000000000000e+01 -3.8780607825912522e-01 
 1.1830000000000000e+01 -3.8239688754594620e-01 
 1.1840000000000000e+01 -3.7688435532314446e-01 
 1.1850000000000000e+01 -3.7128487156756884e-01 
 1.1859999999999999e+01 -3.6561482625606823e-01 
 1.1869999999999999e+01 -3.5989060936549144e-01 
 1.1879999999999999e+01 -3.5412861087268732e-01 
 1.1890000000000001e+01 -3.4834522075450364e-01 
 1.1900000000000000e+01 -3.4255682898779127e-01 
 1.1910000000000000e+01 -3.3677982554939812e-01 
 1.1920000000000000e+01 -3.3103060041617294e-01 
 1.1930000000000000e+01 -3.2532554356496457e-01 
 1.1940000000000000e+01 -3.1968104497262190e-01 
 1.1949999999999999e+01 -3.1411349461599369e-01 
 1.1959999999999999e+01 -3.0863928247192884e-01 
 1.1970000000000001e+01 -3.0327479851727523e-01 
 1.1980000000000000e+01 -2.9803643272888358e-01 
 1.1990000000000000e+01 -2.9294057508360172e-01 
 1.2000000000000000e+01 -2.8800361555827858e-01 
 1.2010000000000000e+01 -2.8329771673786480e-01 
 1.2020000000000000e+01 -2.7888623872031693e-01 
 1.2030000000000001e+01 -2.7477236775199193e-01 
 1.2039999999999999e+01 -2.7095929007924952e-01 
 1.2050000000000001e+01 -2.6745019194844460e-01 
 1.2059999999999999e+01 -2.6424825960593734e-01 
 1.2070000000000000e+01 -2.6135667929808304e-01 
 1.2080000000000000e+01 -2.5877863727124095e-01 
 1.2090000000000000e+01 -2.5651731977176817e-01 
 1.2100000000000000e+01 -2.5457591304602228e-01 
 1.2109999999999999e+01 -2.5295760334036099e-01 
 1.2120000000000001e+01 -2.5166557690114166e-01 
 1.2129999999999999e+01 -2.5070301997472250e-01 
 1.2140000000000001e+01 -2.5007311880746053e-01 
 1.2149999999999999e+01 -2.4977905964571376e-01 
 1.2160000000000000e+01 -2.4982402873583964e-01 
 1.2170000000000000e+01 -2.5021121232419580e-01 
 1.2180000000000000e+01 -2.5094379665713995e-01 
 1.2190000000000000e+01 -2.5202496798102958e-01 
 1.2199999999999999e+01 -2.5345791254222244e-01 
 1.2210000000000001e+01 -2.5517080607624776e-01 
 1.2219999999999999e+01 -2.5708553404049339e-01 
 1.2230000000000000e+01 -2.5919584726410805e-01 
 1.2240000000000000e+01 -2.6149549657623822e-01 
 1.2250000000000000e+01 -2.6397823280603161e-01 
 1.2260000000000000e+01 -2.6663780678263566e-01 
 1.2270000000000000e+01 -2.6946796933519779e-01 
 1.2280000000000001e+01 -2.7246247129286599e-01 
 1.2289999999999999e+01 -2.7561506348478598e-01 
 1.2300000000000001e+01 -2.7891949674010758e-01 
 1.2309999999999999e+01 -2.8236952188797571e-01 
 1.2320000000000000e+01 -2.8595888975754030e-01 
 1.2330000000000000e+01 -2.8968135117794697e-01 
 1.2340000000000000e+01 -2.9353065697834368e-01 
 1.2350000000000000e+01 -2.9750055798787789e-01 
 1.2359999999999999e+01 -3.0158480503569707e-01 
 1.2370000000000001e+01 -3.0577714895094932e-01 
 1.2379999999999999e+01 -3.1007134056277991e-01 
 1.2390000000000001e+01 -3.1446113070033921e-01 
 1.2399999999999999e+01 -3.1894027019277160e-01 
 1.2410000000000000e+01 -3.2356045237238384e-01 
 1.2420000000000000e+01 -3.2836354620227043e-01 
 1.2430000000000000e+01 -3.3332856595776950e-01 
 1.2440000000000000e+01 -3.3843452591421841e-01 
 1.2449999999999999e+01 -3.4366044034695459e-01 
 1.2460000000000001e+01 -3.4898532353131623e-01 
 1.2469999999999999e+01 -3.5438818974263792e-01 
 1.2480000000000000e+01 -3.5984805325626079e-01 
 1.2490000000000000e+01 -3.6534392834751928e-01 
 1.2500000000000000e+01 -3.7085482929175179e-01 
 1.2510000000000000e+01 -3.7635977036429558e-01 
 1.2520000000000000e+01 -3.8183776584048801e-01 
 1.2530000000000001e+01 -3.8726782999566745e-01 
 1.2539999999999999e+01 -3.9262897710516836e-01 
 1.2550000000000001e+01 -3.9790022144433190e-01 
 1.2559999999999999e+01 -4.0306057728849159e-01 
 1.2570000000000000e+01 -4.0808905891298858e-01 
 1.2580000000000000e+01 -4.1296468059315744e-01 
 1.2590000000000000e+01 -4.1766645660433643e-01 
 1.2600000000000000e+01 -4.2217340122186287e-01 
 1.2609999999999999e+01 -4.2650622975839114e-01 
 1.2620000000000001e+01 -4.3069531019328655e-01 
 1.2629999999999999e+01 -4.3473413580194986e-01 
 1.2640000000000001e+01 -4.3861619985978667e-01 
 1.2649999999999999e+01 -4.4233499564219708e-01 
 1.2660000000000000e+01 -4.4588401642458664e-01 
 1.2670000000000000e+01 -4.4925675548235616e-01 
 1.2680000000000000e+01 -4.5244670609090920e-01 
 1.2690000000000000e+01 -4.5544736152564858e-01 
 1.2699999999999999e+01 -4.5825221506197705e-01 
 1.2710000000000001e+01 -4.6085475997529801e-01 
 1.2719999999999999e+01 -4.6324848954101294e-01 
 1.2730000000000000e+01 -4.6542689703452633e-01 
 1.2740000000000000e+01 -4.6738347573123984e-01 
 1.2750000000000000e+01 -4.6911171890655667e-01 
 1.2760000000000000e+01 -4.7060511983587977e-01 
 1.2770000000000000e+01 -4.7185717179461184e-01 
 1.2780000000000001e+01 -4.7286136805815593e-01 
 1.2789999999999999e+01 -4.7361120190191447e-01 
 1.2800000000000001e+01 -4.7410016660129073e-01 
 1.2809999999999999e+01 -4.7433159657746837e-01 
 1.2820000000000000e+01 -4.7431576980955792e-01 
 1.2830000000000000e+01 -4.7405659490985186e-01 
 1.2840000000000000e+01 -4.7355798049064263e-01 
 1.2850000000000000e+01 -4.7282383516422266e-01 
 1.2859999999999999e+01 -4.7185806754288451e-01 
 1.2870000000000001e+01 -4.7066458623892043e-01 
 1.2879999999999999e+01 -4.6924729986462355e-01 
 1.2890000000000001e+01 -4.6761011703228539e-01 
 1.2899999999999999e+01 -4.6575694635419951e-01 
 1.2910000000000000e+01 -4.6369169644265718e-01 
 1.2920000000000000e+01 -4.6141827590995182e-01 
 1.2930000000000000e+01 -4.5894059336837562e-01 
 1.2940000000000000e+01 -4.5626255743022104e-01 
 1.2949999999999999e+01 -4.5338807670778059e-01 
 1.2960000000000001e+01 -4.5032105981334614e-01 
 1.2969999999999999e+01 -4.4706541535921185e-01 
 1.2980000000000000e+01 -4.4362505195766799e-01 
 1.2990000000000000e+01 -4.4000387822100867e-01 
 1.3000000000000000e+01 -4.3620580276152587e-01 
 1.3010000000000000e+01 -4.3223834373974357e-01 
 1.3020000000000000e+01 -4.2811754182209177e-01 
 1.3030000000000001e+01 -4.2386008937972153e-01 
 1.3039999999999999e+01 -4.1948267878378681e-01 
 1.3050000000000001e+01 -4.1500200240543611e-01 
 1.3059999999999999e+01 -4.1043475261582441e-01 
 1.3070000000000000e+01 -4.0579762178610007e-01 
 1.3080000000000000e+01 -4.0110730228741726e-01 
 1.3090000000000000e+01 -3.9638048649092689e-01 
 1.3100000000000000e+01 -3.9163386676778056e-01 
 1.3109999999999999e+01 -3.8688413548913009e-01 
 1.3120000000000001e+01 -3.8214798502612624e-01 
 1.3129999999999999e+01 -3.7744210774992321e-01 
 1.3140000000000001e+01 -3.7278319603166937e-01 
 1.3149999999999999e+01 -3.6818794224251972e-01 
 1.3160000000000000e+01 -3.6367303875362272e-01 
 1.3170000000000000e+01 -3.5925517793613249e-01 
 1.3180000000000000e+01 -3.5495105216119982e-01 
 1.3190000000000000e+01 -3.5077735379997643e-01 
 1.3199999999999999e+01 -3.4675077522361414e-01 
 1.3210000000000001e+01 -3.4282615667813093e-01 
 1.3219999999999999e+01 -3.3895082686281630e-01 
 1.3230000000000000e+01 -3.3513021082872207e-01 
 1.3240000000000000e+01 -3.3136973362690481e-01 
 1.3250000000000000e+01 -3.2767482030841844e-01 
 1.3260000000000000e+01 -3.2405089592431746e-01 
 1.3270000000000000e+01 -3.2050338552565649e-01 
 1.3280000000000001e+01 -3.1703771416348941e-01 
 1.3289999999999999e+01 -3.1365930688887267e-01 
 1.3300000000000001e+01 -3.1037358875285836e-01 
 1.3309999999999999e+01 -3.0718598480650339e-01 
 1.3320000000000000e+01 -3.0410192010086007e-01 
 1.3330000000000000e+01 -3.0112681968698457e-01 
 1.3340000000000000e+01 -2.9826610861593095e-01 
 1.3350000000000000e+01 -2.9552521193875375e-01 
 1.3359999999999999e+01 -2.9290955470650754e-01 
 1.3370000000000001e+01 -2.9042456197024635e-01 
 1.3379999999999999e+01 -2.8807565878102614e-01 
 1.3390000000000001e+01 -2.8586827018989974e-01 
 1.3399999999999999e+01 -2.8380782124792325e-01 
 1.3410000000000000e+01 -2.8194817321727000e-01 
 1.3420000000000000e+01 -2.8034225788173622e-01 
 1.3430000000000000e+01 -2.7899410607480668e-01 
 1.3440000000000000e+01 -2.7790774862996670e-01 
 1.3449999999999999e+01 -2.7708721638070150e-01 
 1.3460000000000001e+01 -2.7653654016049611e-01 
 1.3469999999999999e+01 -2.7625975080283605e-01 
 1.3480000000000000e+01 -2.7626087914120634e-01 
 1.3490000000000000e+01 -2.7654395600909232e-01 
 1.3500000000000000e+01 -2.7711301223997908e-01 
 1.3510000000000000e+01 -2.7797207866735185e-01 
 1.3520000000000000e+01 -2.7912518612469595e-01 
 1.3530000000000001e+01 -2.8057636544549674e-01 
 1.3539999999999999e+01 -2.8232964746323874e-01 
 1.3550000000000001e+01 -2.8438906301140826e-01 
 1.3559999999999999e+01 -2.8675864292348918e-01 
 1.3570000000000000e+01 -2.8944241803296833e-01 
 1.3580000000000000e+01 -2.9244441917332958e-01 
 1.3590000000000000e+01 -2.9576867717805866e-01 
 1.3600000000000000e+01 -2.9941922288064071e-01 
 1.3609999999999999e+01 -3.0324969489981751e-01 
 1.3620000000000001e+01 -3.0710906532139542e-01 
 1.3629999999999999e+01 -3.1099436517945334e-01 
 1.3640000000000001e+01 -3.1490262550807513e-01 
 1.3649999999999999e+01 -3.1883087734133914e-01 
 1.3660000000000000e+01 -3.2277615171332924e-01 
 1.3670000000000000e+01 -3.2673547965812433e-01 
 1.3680000000000000e+01 -3.3070589220980623e-01 
 1.3690000000000000e+01 -3.3468442040245605e-01 
 1.3699999999999999e+01 -3.3866809527015479e-01 
 1.3710000000000001e+01 -3.4265394784698427e-01 
 1.3719999999999999e+01 -3.4663900916702350e-01 
 1.3730000000000000e+01 -3.5062031026435636e-01 
 1.3740000000000000e+01 -3.5459488217306173e-01 
 1.3750000000000000e+01 -3.5855975592722145e-01 
 1.3760000000000000e+01 -3.6251196256091661e-01 
 1.3770000000000000e+01 -3.6644853310822828e-01 
 1.3780000000000001e+01 -3.7036649860323817e-01 
 1.3789999999999999e+01 -3.7426289008002539e-01 
 1.3800000000000001e+01 -3.7813473857267366e-01 
 1.3809999999999999e+01 -3.8199205839753636e-01 
 1.3820000000000000e+01 -3.8584627742608812e-01 
 1.3830000000000000e+01 -3.8969654702508177e-01 
 1.3840000000000000e+01 -3.9354201856127274e-01 
 1.3850000000000000e+01 -3.9738184340141597e-01 
 1.3859999999999999e+01 -4.0121517291226616e-01 
 1.3870000000000001e+01 -4.0504115846057898e-01 
 1.3879999999999999e+01 -4.0885895141310713e-01 
 1.3890000000000001e+01 -4.1266770313660817e-01 
 1.3899999999999999e+01 -4.1646656499783419e-01 
 1.3910000000000000e+01 -4.2025468836354285e-01 
 1.3920000000000000e+01 -4.2403122460048687e-01 
 1.3930000000000000e+01 -4.2779532507542178e-01 
 1.3940000000000000e+01 -4.3154614115510243e-01 
 1.3949999999999999e+01 -4.3528282420628361e-01 
 1.3960000000000001e+01 -4.3900452559572090e-01 
 1.3969999999999999e+01 -4.4271039669016704e-01 
 1.3980000000000000e+01 -4.4639958885637959e-01 
 1.3990000000000000e+01 -4.5007125346111143e-01 
 1.4000000000000000e+01 -4.5372454187111799e-01 
 1.4010000000000000e+01 -4.5719704521514565e-01 
 1.4020000000000000e+01 -4.6033038064990062e-01 
 1.4030000000000001e+01 -4.6312973858407791e-01 
 1.4039999999999999e+01 -4.6560030942637071e-01 
 1.4050000000000001e+01 -4.6774728358547529e-01 
 1.4059999999999999e+01 -4.6957585147008474e-01 
 1.4070000000000000e+01 -4.7109120348889488e-01 
 1.4080000000000000e+01 -4.7229853005059946e-01 
 1.4090000000000000e+01 -4.7320302156389332e-01 
 1.4100000000000000e+01 -4.7380986843747097e-01 
 1.4109999999999999e+01 -4.7412426108002703e-01 
 1.4120000000000001e+01 -4.7415138990025607e-01 
 1.4129999999999999e+01 -4.7389644530685265e-01 
 1.4140000000000001e+01 -4.7336461770851118e-01 
 1.4149999999999999e+01 -4.7256109751392666e-01 
 1.4160000000000000e+01 -4.7149107513179300e-01 
 1.4170000000000000e+01 -4.7015974097080532e-01 
 1.4180000000000000e+01 -4.6857228543965806e-01 
 1.4190000000000000e+01 -4.6673389894704570e-01 
 1.4199999999999999e+01 -4.6464977190166284e-01 
 1.4210000000000001e+01 -4.6239224437715165e-01 
 1.4219999999999999e+01 -4.6003260212049857e-01 
 1.4230000000000000e+01 -4.5757445405041058e-01 
 1.4240000000000000e+01 -4.5502140908559757e-01 
 1.4250000000000000e+01 -4.5237707614476774e-01 
 1.4260000000000000e+01 -4.4964506414662975e-01 
 1.4270000000000000e+01 -4.4682898200989218e-01 
 1.4280000000000001e+01 -4.4393243865326315e-01 
 1.4289999999999999e+01 -4.4095904299545280e-01 
 1.4300000000000001e+01 -4.3791240395516767e-01 
 1.4309999999999999e+01 -4.3479613045111853e-01 
 1.4320000000000000e+01 -4.3161383140201182e-01 
 1.4330000000000000e+01 -4.2836911572655784e-01 
 1.4340000000000000e+01 -4.2506559234346458e-01 
 1.4350000000000000e+01 -4.2170687017144076e-01 
 1.4359999999999999e+01 -4.1829655812919492e-01 
 1.4370000000000001e+01 -4.1483826513543509e-01 
 1.4379999999999999e+01 -4.1133560010887171e-01 
 1.4390000000000001e+01 -4.0779217196821105e-01 
 1.4399999999999999e+01 -4.0421158963216408e-01 
 1.4410000000000000e+01 -4.0055373535222949e-01 
 1.4420000000000000e+01 -3.9678465801633367e-01 
 1.4430000000000000e+01 -3.9291721649781958e-01 
 1.4440000000000000e+01 -3.8896426967003067e-01 
 1.4449999999999999e+01 -3.8493867640631052e-01 
 1.4460000000000001e+01 -3.8085329558000197e-01 
 1.4469999999999999e+01 -3.7672098606445070e-01 
 1.4480000000000000e+01 -3.7255460673299734e-01 
 1.4490000000000000e+01 -3.6836701645898762e-01 
 1.4500000000000000e+01 -3.6417107411576438e-01 
 1.4510000000000000e+01 -3.5997963857667115e-01 
 1.4520000000000000e+01 -3.5580556871505148e-01 
 1.4530000000000001e+01 -3.5166172340424817e-01 
 1.4539999999999999e+01 -3.4756096151760690e-01 
 1.4550000000000001e+01 -3.4351614192846841e-01 
 1.4559999999999999e+01 -3.3954012351017904e-01 
 1.4570000000000000e+01 -3.3564576513607952e-01 
 1.4580000000000000e+01 -3.3184592567951554e-01 
 1.4590000000000000e+01 -3.2815346401382983e-01 
 1.4600000000000000e+01 -3.2458123901236607e-01 
 1.4609999999999999e+01 -3.2116230200069940e-01 
 1.4620000000000001e+01 -3.1792244226504263e-01 
 1.4629999999999999e+01 -3.1486362561969805e-01 
 1.4640000000000001e+01 -3.1198781787896418e-01 
 1.4649999999999999e+01 -3.0929698485714374e-01 
 1.4660000000000000e+01 -3.0679309236853552e-01 
 1.4670000000000000e+01 -3.0447810622744148e-01 
 1.4680000000000000e+01 -3.0235399224816184e-01 
 1.4690000000000000e+01 -3.0042271624499728e-01 
 1.4699999999999999e+01 -2.9868624403224847e-01 
 1.4710000000000001e+01 -2.9714654142421582e-01 
 1.4719999999999999e+01 -2.9580557423520076e-01 
 1.4730000000000000e+01 -2.9466530827950299e-01 
 1.4740000000000000e+01 -2.9372770937142378e-01 
 1.4750000000000000e+01 -2.9299474332526365e-01 
 1.4760000000000000e+01 -2.9246837595532327e-01 
 1.4770000000000000e+01 -2.9215057307590320e-01 
 1.4780000000000001e+01 -2.9204330050130423e-01 
 1.4789999999999999e+01 -2.9214852404582692e-01 
 1.4800000000000001e+01 -2.9246820952377206e-01 
 1.4809999999999999e+01 -2.9300152591123962e-01 
 1.4820000000000000e+01 -2.9374322919868207e-01 
 1.4830000000000000e+01 -2.9468866572192753e-01 
 1.4840000000000000e+01 -2.9583318181680462e-01 
 1.4850000000000000e+01 -2.9717212381914193e-01 
 1.4859999999999999e+01 -2.9870083806476783e-01 
 1.4870000000000001e+01 -3.0041467088951118e-01 
 1.4879999999999999e+01 -3.0230896862919954e-01 
 1.4890000000000001e+01 -3.0437907761966276e-01 
 1.4899999999999999e+01 -3.0662034419672779e-01 
 1.4910000000000000e+01 -3.0902811469622482e-01 
 1.4920000000000000e+01 -3.1159773545398106e-01 
 1.4930000000000000e+01 -3.1432455280582539e-01 
 1.4940000000000000e+01 -3.1720391308758633e-01 
 1.4949999999999999e+01 -3.2023116263509238e-01 
 1.4960000000000001e+01 -3.2340164778417263e-01 
 1.4969999999999999e+01 -3.2671071487065378e-01 
 1.4980000000000000e+01 -3.3015371023036677e-01 
 1.4990000000000000e+01 -3.3372598019913829e-01 
 1.5000000000000000e+01 -3.3742287111279734e-01 
 1.5010000000000000e+01 -3.4126659927963349e-01 
 1.5020000000000000e+01 -3.4527085630854393e-01 
 1.5030000000000001e+01 -3.4941820148626956e-01 
 1.5039999999999999e+01 -3.5369119409954841e-01 
 1.5050000000000001e+01 -3.5807239343512359e-01 
 1.5059999999999999e+01 -3.6254435877973229e-01 
 1.5070000000000000e+01 -3.6708964942011774e-01 
 1.5080000000000000e+01 -3.7169082464301778e-01 
 1.5090000000000000e+01 -3.7633044373517344e-01 
 1.5100000000000000e+01 -3.8099106598332477e-01 
 1.5109999999999999e+01 -3.8565525067421208e-01 
 1.5120000000000001e+01 -3.9030555709457626e-01 
 1.5129999999999999e+01 -3.9492454453115511e-01 
 1.5140000000000001e+01 -3.9949477227069208e-01 
 1.5149999999999999e+01 -4.0399879959992402e-01 
 1.5160000000000000e+01 -4.0841918580559444e-01 
 1.5170000000000000e+01 -4.1273849017444103e-01 
 1.5180000000000000e+01 -4.1693927199320480e-01 
 1.5190000000000000e+01 -4.2100409054862598e-01 
 1.5199999999999999e+01 -4.2491550512744464e-01 
 1.5210000000000001e+01 -4.2870880216773166e-01 
 1.5219999999999999e+01 -4.3242756055780157e-01 
 1.5230000000000000e+01 -4.3606677825976681e-01 
 1.5240000000000000e+01 -4.3962145323573537e-01 
 1.5250000000000000e+01 -4.4308658344781776e-01 
 1.5260000000000000e+01 -4.4645716685812376e-01 
 1.5270000000000000e+01 -4.4972820142876330e-01 
 1.5280000000000001e+01 -4.5289468512184677e-01 
 1.5289999999999999e+01 -4.5595161589948241e-01 
 1.5300000000000001e+01 -4.5889399172378220e-01 
 1.5309999999999999e+01 -4.6171681055685393e-01 
 1.5320000000000000e+01 -4.6441507036080942e-01 
 1.5330000000000000e+01 -4.6698376909775718e-01 
 1.5340000000000000e+01 -4.6941790472980743e-01 
 1.5350000000000000e+01 -4.7171247521907012e-01 
 1.5359999999999999e+01 -4.7386247852765506e-01 
 1.5370000000000001e+01 -4.7586291261767244e-01 
 1.5379999999999999e+01 -4.7770877545123114e-01 
 1.5390000000000001e+01 -4.7939506499044238e-01 
 1.5399999999999999e+01 -4.8091677919741471e-01 
 1.5410000000000000e+01 -4.8222392752204596e-01 
 1.5420000000000000e+01 -4.8326948373176454e-01 
 1.5430000000000000e+01 -4.8405289226497905e-01 
 1.5440000000000000e+01 -4.8457359756009782e-01 
 1.5449999999999999e+01 -4.8483104405552924e-01 
 1.5460000000000001e+01 -4.8482467618968161e-01 
 1.5469999999999999e+01 -4.8455393840096345e-01 
 1.5480000000000000e+01 -4.8401827512778289e-01 
 1.5490000000000000e+01 -4.8321713080854856e-01 
 1.5500000000000000e+01 -4.8214994988166865e-01 
 1.5510000000000000e+01 -4.8081617678555161e-01 
 1.5520000000000000e+01 -4.7921525595860581e-01 
 1.5530000000000001e+01 -4.7734663183923925e-01 
 1.5539999999999999e+01 -4.7520974886586131e-01 
 1.5550000000000001e+01 -4.7280405147687893e-01 
 1.5559999999999999e+01 -4.7012898411070209e-01 
 1.5570000000000000e+01 -4.6718399120573734e-01 
 1.5580000000000000e+01 -4.6396851720039456e-01 
 1.5590000000000000e+01 -4.6048200653308152e-01 
 1.5600000000000000e+01 -4.5672390364220661e-01 
 1.5609999999999999e+01 -4.5278169840916999e-01 
 1.5620000000000001e+01 -4.4874942962618292e-01 
 1.5629999999999999e+01 -4.4463636509787380e-01 
 1.5640000000000001e+01 -4.4045177262886609e-01 
 1.5649999999999999e+01 -4.3620492002378891e-01 
 1.5660000000000000e+01 -4.3190507508726556e-01 
 1.5670000000000000e+01 -4.2756150562392459e-01 
 1.5680000000000000e+01 -4.2318347943839146e-01 
 1.5690000000000000e+01 -4.1878026433529247e-01 
 1.5699999999999999e+01 -4.1436112811925391e-01 
 1.5710000000000001e+01 -4.0993533859490122e-01 
 1.5719999999999999e+01 -4.0551216356686304e-01 
 1.5730000000000000e+01 -4.0110087083976248e-01 
 1.5740000000000000e+01 -3.9671072821822811e-01 
 1.5750000000000000e+01 -3.9235100350688551e-01 
 1.5760000000000000e+01 -3.8803096451036090e-01 
 1.5770000000000000e+01 -3.8375987903328052e-01 
 1.5780000000000001e+01 -3.7954701488026993e-01 
 1.5789999999999999e+01 -3.7540163985595759e-01 
 1.5800000000000001e+01 -3.7133302176496685e-01 
 1.5809999999999999e+01 -3.6731386134897065e-01 
 1.5820000000000000e+01 -3.6331235056228450e-01 
 1.5830000000000000e+01 -3.5933099402850910e-01 
 1.5840000000000000e+01 -3.5537229637124240e-01 
 1.5850000000000000e+01 -3.5143876221408299e-01 
 1.5859999999999999e+01 -3.4753289618062955e-01 
 1.5870000000000001e+01 -3.4365720289447999e-01 
 1.5879999999999999e+01 -3.3981418697923493e-01 
 1.5890000000000001e+01 -3.3600635305849036e-01 
 1.5900000000000000e+01 -3.3223620575584689e-01 
 1.5910000000000000e+01 -3.2850624969490250e-01 
 1.5920000000000000e+01 -3.2481898949925575e-01 
 1.5930000000000000e+01 -3.2117692979250534e-01 
 1.5940000000000000e+01 -3.1758257519824984e-01 
 1.5949999999999999e+01 -3.1403843034008794e-01 
 1.5960000000000001e+01 -3.1054699984161754e-01 
 1.5969999999999999e+01 -3.0711078832643923e-01 
 1.5980000000000000e+01 -3.0373230041814908e-01 
 1.5990000000000000e+01 -3.0041404074034761e-01 
 1.6000000000000000e+01 -2.9715851391663284e-01 
 1.6009999999999998e+01 -2.9409916278165321e-01 
 1.6020000000000000e+01 -2.9137044259321249e-01 
 1.6030000000000001e+01 -2.8897637660964615e-01 
 1.6039999999999999e+01 -2.8692098808928940e-01 
 1.6050000000000001e+01 -2.8520830029047517e-01 
 1.6059999999999999e+01 -2.8384233647153911e-01 
 1.6070000000000000e+01 -2.8282711989081472e-01 
 1.6079999999999998e+01 -2.8216667380663712e-01 
 1.6090000000000000e+01 -2.8186502147734033e-01 
 1.6100000000000001e+01 -2.8192618616125903e-01 
 1.6109999999999999e+01 -2.8235419111672744e-01 
 1.6120000000000001e+01 -2.8315305960208031e-01 
 1.6129999999999999e+01 -2.8432681487565159e-01 
 1.6140000000000001e+01 -2.8587948019577647e-01 
 1.6149999999999999e+01 -2.8781507882078827e-01 
 1.6160000000000000e+01 -2.9013763400902293e-01 
 1.6170000000000002e+01 -2.9285116901881408e-01 
 1.6180000000000000e+01 -2.9595970710849512e-01 
 1.6190000000000001e+01 -2.9946727153640268e-01 
 1.6199999999999999e+01 -3.0337788556086864e-01 
 1.6210000000000001e+01 -3.0751164163468570e-01 
 1.6219999999999999e+01 -3.1168463845063293e-01 
 1.6230000000000000e+01 -3.1589490862703573e-01 
 1.6239999999999998e+01 -3.2014048478221357e-01 
 1.6250000000000000e+01 -3.2441939953449189e-01 
 1.6259999999999998e+01 -3.2872968550219017e-01 
 1.6270000000000000e+01 -3.3306937530363379e-01 
 1.6280000000000001e+01 -3.3743650155714378e-01 
 1.6289999999999999e+01 -3.4182909688104102e-01 
 1.6300000000000001e+01 -3.4624519389365105e-01 
 1.6309999999999999e+01 -3.5068282521329319e-01 
 1.6320000000000000e+01 -3.5514002345829299e-01 
 1.6329999999999998e+01 -3.5961482124696981e-01 
 1.6340000000000000e+01 -3.6410525119764930e-01 
 1.6350000000000001e+01 -3.6860934592865224e-01 
 1.6359999999999999e+01 -3.7312513805829950e-01 
 1.6370000000000001e+01 -3.7765066020491672e-01 
 1.6379999999999999e+01 -3.8218394498682318e-01 
 1.6390000000000001e+01 -3.8672302502234451e-01 
 1.6399999999999999e+01 -3.9126593292980000e-01 
 1.6410000000000000e+01 -3.9583568322799539e-01 
 1.6420000000000002e+01 -4.0045276537988578e-01 
 1.6430000000000000e+01 -4.0511142442002301e-01 
 1.6440000000000001e+01 -4.0980590538296391e-01 
 1.6449999999999999e+01 -4.1453045330325877e-01 
 1.6460000000000001e+01 -4.1927931321546436e-01 
 1.6469999999999999e+01 -4.2404673015413091e-01 
 1.6480000000000000e+01 -4.2882694915381531e-01 
 1.6489999999999998e+01 -4.3361421524906774e-01 
 1.6500000000000000e+01 -4.3840277347444506e-01 
 1.6509999999999998e+01 -4.4318686886449743e-01 
 1.6520000000000000e+01 -4.4796074645378181e-01 
 1.6530000000000001e+01 -4.5271865127685001e-01 
 1.6539999999999999e+01 -4.5745482836825385e-01 
 1.6550000000000001e+01 -4.6216352276255029e-01 
 1.6559999999999999e+01 -4.6683897949428949e-01 
 1.6570000000000000e+01 -4.7147544359802829e-01 
 1.6579999999999998e+01 -4.7606716010831690e-01 
 1.6590000000000000e+01 -4.8060837405971213e-01 
 1.6600000000000001e+01 -4.8509333048676595e-01 
 1.6609999999999999e+01 -4.8935513595007268e-01 
 1.6620000000000001e+01 -4.9323162734755277e-01 
 1.6629999999999999e+01 -4.9672414521973918e-01 
 1.6640000000000001e+01 -4.9983403010717015e-01 
 1.6649999999999999e+01 -5.0256262255037920e-01 
 1.6660000000000000e+01 -5.0491126308990408e-01 
 1.6670000000000002e+01 -5.0688129226627954e-01 
 1.6680000000000000e+01 -5.0847405062004070e-01 
 1.6690000000000001e+01 -5.0969087869172447e-01 
 1.6699999999999999e+01 -5.1053311702186588e-01 
 1.6710000000000001e+01 -5.1100210615100106e-01 
 1.6719999999999999e+01 -5.1109918661966569e-01 
 1.6730000000000000e+01 -5.1082569896839536e-01 
 1.6739999999999998e+01 -5.1018298373772608e-01 
 1.6750000000000000e+01 -5.0917238146819321e-01 
 1.6759999999999998e+01 -5.0779523270033322e-01 
 1.6770000000000000e+01 -5.0605287797468079e-01 
 1.6780000000000001e+01 -5.0394665783177217e-01 
 1.6789999999999999e+01 -5.0147791281214404e-01 
 1.6800000000000001e+01 -4.9864798345633043e-01 
 1.6809999999999999e+01 -4.9556567753039787e-01 
 1.6820000000000000e+01 -4.9234300098488837e-01 
 1.6829999999999998e+01 -4.8898609163705936e-01 
 1.6840000000000000e+01 -4.8550108730416358e-01 
 1.6850000000000001e+01 -4.8189412580345736e-01 
 1.6859999999999999e+01 -4.7817134495219715e-01 
 1.6870000000000001e+01 -4.7433888256763534e-01 
 1.6879999999999999e+01 -4.7040287646702988e-01 
 1.6890000000000001e+01 -4.6636946446763305e-01 
 1.6899999999999999e+01 -4.6224478438670286e-01 
 1.6910000000000000e+01 -4.5803497404149141e-01 
 1.6920000000000002e+01 -4.5374617124925537e-01 
 1.6930000000000000e+01 -4.4938451382725142e-01 
 1.6940000000000001e+01 -4.4495613959273156e-01 
 1.6949999999999999e+01 -4.4046718636295401e-01 
 1.6960000000000001e+01 -4.3592379195517078e-01 
 1.6969999999999999e+01 -4.3133209418664015e-01 
 1.6980000000000000e+01 -4.2669823087461400e-01 
 1.6989999999999998e+01 -4.2202833983635080e-01 
 1.7000000000000000e+01 -4.1732855888910225e-01 
 1.7009999999999998e+01 -4.1253582847141690e-01 
 1.7020000000000000e+01 -4.0759456061052113e-01 
 1.7030000000000001e+01 -4.0252210050669907e-01 
 1.7039999999999999e+01 -3.9733579336023483e-01 
 1.7050000000000001e+01 -3.9205298437140712e-01 
 1.7059999999999999e+01 -3.8669101874050199e-01 
 1.7070000000000000e+01 -3.8126724166779791e-01 
 1.7079999999999998e+01 -3.7579899835358116e-01 
 1.7090000000000000e+01 -3.7030363399813010e-01 
 1.7100000000000001e+01 -3.6479849380172902e-01 
 1.7109999999999999e+01 -3.5930092296466221e-01 
 1.7120000000000001e+01 -3.5382826668720813e-01 
 1.7129999999999999e+01 -3.4839787016965296e-01 
 1.7140000000000001e+01 -3.4302707861227522e-01 
 1.7149999999999999e+01 -3.3773323721536097e-01 
 1.7160000000000000e+01 -3.3253369117918885e-01 
 1.7170000000000002e+01 -3.2744578570404304e-01 
 1.7180000000000000e+01 -3.2248686599020759e-01 
 1.7190000000000001e+01 -3.1767427723796143e-01 
 1.7199999999999999e+01 -3.1302536464759023e-01 
 1.7210000000000001e+01 -3.0859663508280677e-01 
 1.7219999999999999e+01 -3.0443703859159138e-01 
 1.7230000000000000e+01 -3.0055258515061495e-01 
 1.7239999999999998e+01 -2.9694928473655419e-01 
 1.7250000000000000e+01 -2.9363314732608048e-01 
 1.7259999999999998e+01 -2.9061018289587004e-01 
 1.7270000000000000e+01 -2.8788640142259464e-01 
 1.7280000000000001e+01 -2.8546781288292933e-01 
 1.7289999999999999e+01 -2.8336042725354871e-01 
 1.7300000000000001e+01 -2.8157025451112516e-01 
 1.7309999999999999e+01 -2.8010330463233396e-01 
 1.7320000000000000e+01 -2.7896558759384787e-01 
 1.7329999999999998e+01 -2.7816311337234162e-01 
 1.7340000000000000e+01 -2.7770189194448858e-01 
 1.7350000000000001e+01 -2.7758793328696307e-01 
 1.7359999999999999e+01 -2.7782724737643871e-01 
 1.7370000000000001e+01 -2.7842584418958971e-01 
 1.7379999999999999e+01 -2.7938973370308945e-01 
 1.7390000000000001e+01 -2.8072492589361259e-01 
 1.7399999999999999e+01 -2.8243743073783212e-01 
 1.7410000000000000e+01 -2.8446618830694359e-01 
 1.7420000000000002e+01 -2.8673965007512603e-01 
 1.7430000000000000e+01 -2.8924809312353028e-01 
 1.7440000000000001e+01 -2.9198179453330986e-01 
 1.7449999999999999e+01 -2.9493103138561449e-01 
 1.7460000000000001e+01 -2.9808608076159815e-01 
 1.7469999999999999e+01 -3.0143721974241017e-01 
 1.7480000000000000e+01 -3.0497472540920484e-01 
 1.7489999999999998e+01 -3.0868887484313123e-01 
 1.7500000000000000e+01 -3.1256994512534386e-01 
 1.7509999999999998e+01 -3.1660821333699163e-01 
 1.7520000000000000e+01 -3.2079395655922915e-01 
 1.7530000000000001e+01 -3.2511745187320684e-01 
 1.7539999999999999e+01 -3.2956897636007471e-01 
 1.7550000000000001e+01 -3.3413880710098776e-01 
 1.7559999999999999e+01 -3.3881722117709440e-01 
 1.7570000000000000e+01 -3.4359449566954975e-01 
 1.7579999999999998e+01 -3.4846090765950216e-01 
 1.7590000000000000e+01 -3.5340673422810681e-01 
 1.7600000000000001e+01 -3.5842225245651371e-01 
 1.7609999999999999e+01 -3.6358785195547200e-01 
 1.7620000000000001e+01 -3.6897375722717662e-01 
 1.7629999999999999e+01 -3.7455499768993589e-01 
 1.7640000000000001e+01 -3.8030660276206596e-01 
 1.7649999999999999e+01 -3.8620360186187486e-01 
 1.7660000000000000e+01 -3.9222102440767898e-01 
 1.7670000000000002e+01 -3.9833389981778833e-01 
 1.7680000000000000e+01 -4.0451725751051293e-01 
 1.7690000000000001e+01 -4.1074612690416923e-01 
 1.7699999999999999e+01 -4.1699553741706508e-01 
 1.7710000000000001e+01 -4.2324051846751698e-01 
 1.7719999999999999e+01 -4.2945609947383273e-01 
 1.7730000000000000e+01 -4.3561730985432878e-01 
 1.7739999999999998e+01 -4.4169917902731309e-01 
 1.7750000000000000e+01 -4.4767673641110201e-01 
 1.7759999999999998e+01 -4.5352501142400348e-01 
 1.7770000000000000e+01 -4.5921903348433379e-01 
 1.7780000000000001e+01 -4.6473383201040308e-01 
 1.7789999999999999e+01 -4.7004443642052152e-01 
 1.7800000000000001e+01 -4.7512587613300505e-01 
 1.7809999999999999e+01 -4.7999409835823226e-01 
 1.7820000000000000e+01 -4.8467451585346794e-01 
 1.7829999999999998e+01 -4.8915635635733967e-01 
 1.7840000000000000e+01 -4.9342884760848171e-01 
 1.7850000000000001e+01 -4.9748121734552347e-01 
 1.7859999999999999e+01 -5.0130269330709454e-01 
 1.7870000000000001e+01 -5.0488250323182859e-01 
 1.7879999999999999e+01 -5.0820987485835423e-01 
 1.7890000000000001e+01 -5.1127403592530463e-01 
 1.7899999999999999e+01 -5.1406421417130876e-01 
 1.7910000000000000e+01 -5.1656963733499961e-01 
 1.7920000000000002e+01 -5.1877953315500702e-01 
 1.7930000000000000e+01 -5.2068312936996142e-01 
 1.7940000000000001e+01 -5.2226965371849510e-01 
 1.7949999999999999e+01 -5.2352833393923803e-01 
 1.7960000000000001e+01 -5.2444839777082197e-01 
 1.7969999999999999e+01 -5.2501907295187744e-01 
 1.7980000000000000e+01 -5.2522958722103574e-01 
 1.7989999999999998e+01 -5.2506916831692763e-01 
 1.8000000000000000e+01 -5.2452704397818417e-01 
 1.8010000000000002e+01 -5.2362441228152690e-01 
 1.8020000000000000e+01 -5.2239753310577430e-01 
 1.8030000000000001e+01 -5.2085822689270045e-01 
 1.8039999999999999e+01 -5.1901831408408172e-01 
 1.8050000000000001e+01 -5.1688961512169185e-01 
 1.8059999999999999e+01 -5.1448395044730766e-01 
 1.8070000000000000e+01 -5.1181314050270243e-01 
 1.8079999999999998e+01 -5.0888900572965334e-01 
 1.8090000000000000e+01 -5.0572336656993344e-01 
 1.8100000000000001e+01 -5.0232804346531879e-01 
 1.8109999999999999e+01 -4.9871485685758599e-01 
 1.8120000000000001e+01 -4.9489562718850755e-01 
 1.8129999999999999e+01 -4.9088217489986141e-01 
 1.8140000000000001e+01 -4.8668632043341981e-01 
 1.8149999999999999e+01 -4.8231988423096089e-01 
 1.8160000000000000e+01 -4.7779468673425668e-01 
 1.8170000000000002e+01 -4.7312254838508394e-01 
 1.8180000000000000e+01 -4.6831528962521951e-01 
 1.8190000000000001e+01 -4.6338473089643506e-01 
 1.8199999999999999e+01 -4.5834269264050942e-01 
 1.8210000000000001e+01 -4.5311492750886312e-01 
 1.8219999999999999e+01 -4.4763786949240569e-01 
 1.8230000000000000e+01 -4.4193936104213061e-01 
 1.8239999999999998e+01 -4.3604724460903915e-01 
 1.8250000000000000e+01 -4.2998936264412452e-01 
 1.8260000000000002e+01 -4.2379355759838605e-01 
 1.8270000000000000e+01 -4.1748767192282343e-01 
 1.8280000000000001e+01 -4.1109954806842941e-01 
 1.8289999999999999e+01 -4.0465702848620588e-01 
 1.8300000000000001e+01 -3.9818795562714554e-01 
 1.8309999999999999e+01 -3.9172017194225039e-01 
 1.8320000000000000e+01 -3.8528151988251308e-01 
 1.8329999999999998e+01 -3.7889984189893555e-01 
 1.8340000000000000e+01 -3.7260298044251056e-01 
 1.8350000000000001e+01 -3.6641877796423766e-01 
 1.8359999999999999e+01 -3.6037507691511644e-01 
 1.8370000000000001e+01 -3.5449971974613981e-01 
 1.8379999999999999e+01 -3.4882054890830932e-01 
 1.8390000000000001e+01 -3.4336540685261829e-01 
 1.8399999999999999e+01 -3.3816213603006778e-01 
 1.8410000000000000e+01 -3.3315999418918074e-01 
 1.8420000000000002e+01 -3.2829709330812712e-01 
 1.8430000000000000e+01 -3.2358455718236800e-01 
 1.8440000000000001e+01 -3.1903350960735971e-01 
 1.8449999999999999e+01 -3.1465507437856499e-01 
 1.8460000000000001e+01 -3.1046037529144027e-01 
 1.8469999999999999e+01 -3.0646053614144814e-01 
 1.8480000000000000e+01 -3.0266668072404529e-01 
 1.8489999999999998e+01 -2.9908993283469404e-01 
 1.8500000000000000e+01 -2.9574141626885131e-01 
 1.8510000000000002e+01 -2.9263225482197808e-01 
 1.8520000000000000e+01 -2.8977357228953488e-01 
 1.8530000000000001e+01 -2.8717649246697918e-01 
 1.8539999999999999e+01 -2.8485213914977242e-01 
 1.8550000000000001e+01 -2.8281163613337257e-01 
 1.8559999999999999e+01 -2.8106610721324055e-01 
 1.8570000000000000e+01 -2.7962667618483472e-01 
 1.8579999999999998e+01 -2.7850446684361563e-01 
 1.8590000000000000e+01 -2.7771060298504213e-01 
 1.8600000000000001e+01 -2.7725620840457421e-01 
 1.8609999999999999e+01 -2.7715938996880179e-01 
 1.8620000000000001e+01 -2.7742406621076598e-01 
 1.8629999999999999e+01 -2.7804007842560319e-01 
 1.8640000000000001e+01 -2.7899726790845020e-01 
 1.8649999999999999e+01 -2.8028547595444298e-01 
 1.8660000000000000e+01 -2.8189454385871882e-01 
 1.8670000000000002e+01 -2.8381431291641379e-01 
 1.8680000000000000e+01 -2.8603462442266370e-01 
 1.8690000000000001e+01 -2.8854531967260644e-01 
 1.8699999999999999e+01 -2.9133623996137681e-01 
 1.8710000000000001e+01 -2.9439722658411327e-01 
 1.8719999999999999e+01 -2.9771812083595012e-01 
 1.8730000000000000e+01 -3.0128876401202626e-01 
 1.8739999999999998e+01 -3.0509899740747559e-01 
 1.8750000000000000e+01 -3.0913866231743731e-01 
 1.8760000000000002e+01 -3.1339760003704664e-01 
 1.8770000000000000e+01 -3.1786565186143839e-01 
 1.8780000000000001e+01 -3.2253265908575229e-01 
 1.8789999999999999e+01 -3.2738846300512148e-01 
 1.8800000000000001e+01 -3.3242290491468585e-01 
 1.8809999999999999e+01 -3.3766894369920869e-01 
 1.8820000000000000e+01 -3.4314929158564883e-01 
 1.8829999999999998e+01 -3.4883841988242148e-01 
 1.8840000000000000e+01 -3.5471079989794974e-01 
 1.8850000000000001e+01 -3.6074090294065075e-01 
 1.8859999999999999e+01 -3.6690320031894130e-01 
 1.8870000000000001e+01 -3.7317216334124492e-01 
 1.8879999999999999e+01 -3.7952226331597610e-01 
 1.8890000000000001e+01 -3.8592797155155856e-01 
 1.8899999999999999e+01 -3.9236375935640683e-01 
 1.8910000000000000e+01 -3.9880409803894445e-01 
 1.8920000000000002e+01 -4.0522345890758826e-01 
 1.8930000000000000e+01 -4.1159631327075513e-01 
 1.8940000000000001e+01 -4.1789713243686855e-01 
 1.8949999999999999e+01 -4.2410038771434322e-01 
 1.8960000000000001e+01 -4.3018055041160264e-01 
 1.8969999999999999e+01 -4.3611209183706146e-01 
 1.8980000000000000e+01 -4.4186948329914305e-01 
 1.8989999999999998e+01 -4.4742719610626236e-01 
 1.9000000000000000e+01 -4.5275970156684253e-01 
 1.9010000000000002e+01 -4.5793074958547630e-01 
 1.9020000000000000e+01 -4.6301489529036433e-01 
 1.9030000000000001e+01 -4.6800281782534037e-01 
 1.9039999999999999e+01 -4.7288519633423098e-01 
 1.9050000000000001e+01 -4.7765270996086995e-01 
 1.9059999999999999e+01 -4.8229603784908393e-01 
 1.9070000000000000e+01 -4.8680585914270641e-01 
 1.9079999999999998e+01 -4.9117285298556446e-01 
 1.9090000000000000e+01 -4.9538769852149123e-01 
 1.9100000000000001e+01 -4.9944107489431538e-01 
 1.9109999999999999e+01 -5.0332366124786576e-01 
 1.9120000000000001e+01 -5.0702613672597519e-01 
 1.9129999999999999e+01 -5.1053918047247127e-01 
 1.9140000000000001e+01 -5.1385347163118678e-01 
 1.9149999999999999e+01 -5.1695968934594938e-01 
 1.9160000000000000e+01 -5.1984851276059141e-01 
 1.9170000000000002e+01 -5.2251062101894208e-01 
 1.9180000000000000e+01 -5.2493669326483061e-01 
 1.9190000000000001e+01 -5.2711740864208900e-01 
 1.9199999999999999e+01 -5.2904344629454569e-01 
 1.9210000000000001e+01 -5.3063523915707467e-01 
 1.9219999999999999e+01 -5.3182408739940967e-01 
 1.9230000000000000e+01 -5.3261697101767591e-01 
 1.9239999999999998e+01 -5.3302087000799703e-01 
 1.9250000000000000e+01 -5.3304276436649767e-01 
 1.9260000000000002e+01 -5.3268963408930192e-01 
 1.9270000000000000e+01 -5.3196845917253444e-01 
 1.9280000000000001e+01 -5.3088621961231885e-01 
 1.9289999999999999e+01 -5.2944989540478027e-01 
 1.9300000000000001e+01 -5.2766646654604199e-01 
 1.9309999999999999e+01 -5.2554291303222955e-01 
 1.9320000000000000e+01 -5.2308621485946560e-01 
 1.9329999999999998e+01 -5.2030335202387645e-01 
 1.9340000000000000e+01 -5.1720130452158419e-01 
 1.9350000000000001e+01 -5.1378705234871402e-01 
 1.9359999999999999e+01 -5.1006757550139170e-01 
 1.9370000000000001e+01 -5.0604985397573887e-01 
 1.9379999999999999e+01 -5.0174086776788263e-01 
 1.9390000000000001e+01 -4.9714759687394416e-01 
 1.9399999999999999e+01 -4.9227702129005113e-01 
 1.9410000000000000e+01 -4.8716414776800637e-01 
 1.9420000000000002e+01 -4.8185325361197684e-01 
 1.9430000000000000e+01 -4.7636522464662689e-01 
 1.9440000000000001e+01 -4.7072094669661502e-01 
 1.9449999999999999e+01 -4.6494130558660762e-01 
 1.9460000000000001e+01 -4.5904718714126302e-01 
 1.9469999999999999e+01 -4.5305947718524781e-01 
 1.9480000000000000e+01 -4.4699906154322011e-01 
 1.9489999999999998e+01 -4.4088682603984658e-01 
 1.9500000000000000e+01 -4.3474365649978536e-01 
 1.9510000000000002e+01 -4.2859043874770097e-01 
 1.9520000000000000e+01 -4.2244805860825801e-01 
 1.9530000000000001e+01 -4.1633740190611457e-01 
 1.9539999999999999e+01 -4.1027935446593727e-01 
 1.9550000000000001e+01 -4.0429480211238433e-01 
 1.9559999999999999e+01 -3.9840463067012227e-01 
 1.9570000000000000e+01 -3.9262972596380941e-01 
 1.9579999999999998e+01 -3.8699097381811220e-01 
 1.9590000000000000e+01 -3.8150926005768904e-01 
 1.9600000000000001e+01 -3.7620547050720443e-01 
 1.9609999999999999e+01 -3.7101456427024165e-01 
 1.9620000000000001e+01 -3.6586269565354018e-01 
 1.9629999999999999e+01 -3.6075754328650872e-01 
 1.9640000000000001e+01 -3.5570678579854847e-01 
 1.9649999999999999e+01 -3.5071810181906804e-01 
 1.9660000000000000e+01 -3.4579916997746885e-01 
 1.9670000000000002e+01 -3.4095766890315748e-01 
 1.9680000000000000e+01 -3.3620127722554072e-01 
 1.9690000000000001e+01 -3.3153767357402003e-01 
 1.9699999999999999e+01 -3.2697453657800368e-01 
 1.9710000000000001e+01 -3.2251954486689333e-01 
 1.9719999999999999e+01 -3.1818037707009716e-01 
 1.9730000000000000e+01 -3.1396471181701696e-01 
 1.9739999999999998e+01 -3.0988022773706070e-01 
 1.9750000000000000e+01 -3.0593460345963036e-01 
 1.9760000000000002e+01 -3.0213551761413243e-01 
 1.9770000000000000e+01 -2.9849064882997312e-01 
 1.9780000000000001e+01 -2.9500767573655473e-01 
 1.9789999999999999e+01 -2.9169427696328465e-01 
 1.9800000000000001e+01 -2.8855813113956552e-01 
 1.9809999999999999e+01 -2.8573213512339157e-01 
 1.9820000000000000e+01 -2.8334173098399135e-01 
 1.9829999999999998e+01 -2.8138341516762921e-01 
 1.9840000000000000e+01 -2.7985368412056638e-01 
 1.9850000000000001e+01 -2.7874903428906639e-01 
 1.9859999999999999e+01 -2.7806596211939200e-01 
 1.9870000000000001e+01 -2.7780096405780541e-01 
 1.9879999999999999e+01 -2.7795053655056939e-01 
 1.9890000000000001e+01 -2.7851117604394682e-01 
 1.9899999999999999e+01 -2.7947937898419994e-01 
 1.9910000000000000e+01 -2.8085164181759198e-01 
 1.9920000000000002e+01 -2.8262446099038546e-01 
 1.9930000000000000e+01 -2.8479433294884215e-01 
 1.9940000000000001e+01 -2.8735775413922626e-01 
 1.9949999999999999e+01 -2.9031122100779860e-01 
 1.9960000000000001e+01 -2.9365123000082399e-01 
 1.9969999999999999e+01 -2.9737427756456264e-01 
 1.9980000000000000e+01 -3.0147686014527986e-01 
 1.9989999999999998e+01 -3.0595547418923547e-01 
 2.0000000000000000e+01 -3.1080661614269522e-01 
 